34 0.728094 0.790318 0.014617 0.012109
34 0.358710 0.184641 0.031481 0.028837
34 0.674430 0.167491 0.021753 0.037803
34 0.777960 0.221171 0.014647 0.024172
34 0.178627 0.325342 0.013942 0.011670
34 0.480196 0.483444 0.014426 0.023366
34 0.353855 0.371757 0.023946 0.017170
34 0.481184 0.370918 0.014539 0.026475
34 0.754125 0.314704 0.014986 0.024853
34 0.884919 0.400047 0.012909 0.012303
34 0.879221 0.257384 0.014124 0.010818
34 0.884554 0.307043 0.014353 0.011801
34 0.884669 0.320127 0.012810 0.011875
34 0.395699 0.499687 0.018469 0.018524
34 0.707829 0.634681 0.014490 0.012280
34 0.895098 0.502826 0.013801 0.012092
34 0.707952 0.661868 0.014091 0.011641
34 0.943164 0.500965 0.015127 0.012873
34 0.707933 0.774758 0.015463 0.011784
34 0.380091 0.032073 0.014758 0.014092
34 0.344596 0.130091 0.014378 0.017549
22 0.707475 0.537040 0.010316 0.018082
22 0.707616 0.676300 0.010034 0.016042
22 0.707882 0.817928 0.010405 0.017207
34 0.271738 0.090675 0.003519 0.010447
34 0.263199 0.088948 0.004041 0.009980
34 0.193793 0.126002 0.012293 0.011063
34 0.248395 0.233672 0.014486 0.012286
34 0.287181 0.111918 0.013463 0.011667
34 0.318529 0.058809 0.014138 0.011907
34 0.208258 0.131251 0.013270 0.011536
34 0.222751 0.173575 0.025618 0.017250
34 0.300556 0.127472 0.014102 0.018586
34 0.338672 0.049347 0.014287 0.012049
34 0.200581 0.098577 0.013330 0.011385
34 0.294229 0.086009 0.013338 0.011716
34 0.200678 0.086016 0.013447 0.011684
34 0.326316 0.230829 0.004587 0.010755
34 0.245445 0.109259 0.013598 0.011861
34 0.336680 0.096148 0.013590 0.012012
34 0.315386 0.074716 0.013906 0.011570
34 0.523133 0.138880 0.025882 0.018643
34 0.487689 0.130977 0.013288 0.011952
34 0.461786 0.243880 0.004124 0.011003
34 0.480167 0.062719 0.010298 0.006720
34 0.452374 0.246144 0.004277 0.013052
34 0.431929 0.109533 0.013588 0.012551
34 0.353971 0.082858 0.003670 0.010259
34 0.497470 0.190419 0.015479 0.012693
34 0.406328 0.172431 0.025278 0.017429
34 0.377696 0.111633 0.013620 0.011240
34 0.314476 0.171986 0.024976 0.018011
34 0.294318 0.098770 0.013511 0.011550
34 0.336331 0.109181 0.013685 0.011738
34 0.385989 0.233716 0.014573 0.012192
34 0.453908 0.184419 0.032023 0.028575
34 0.384989 0.085844 0.013298 0.011516
34 0.473440 0.111862 0.013467 0.011402
34 0.480489 0.085849 0.013552 0.011573
34 0.449513 0.082918 0.003898 0.010259
34 0.442129 0.156650 0.013687 0.012058
34 0.500079 0.208299 0.015334 0.011889
34 0.432138 0.096119 0.013636 0.012135
34 0.455131 0.037220 0.009871 0.006238
34 0.377237 0.125977 0.012863 0.011180
34 0.458199 0.108394 0.003650 0.010661
34 0.527281 0.162340 0.007343 0.005557
34 0.384859 0.098539 0.013368 0.011750
34 0.472680 0.125835 0.012891 0.011322
34 0.480357 0.098635 0.013437 0.011644
34 0.454569 0.210814 0.016523 0.014269
34 0.420741 0.130868 0.013642 0.011619
34 0.480242 0.046308 0.010193 0.005771
34 0.392193 0.130953 0.013588 0.011824
34 0.655048 0.103491 0.014170 0.012249
34 0.635948 0.078035 0.004414 0.012439
34 0.674013 0.036116 0.010375 0.007404
34 0.603966 0.085020 0.014547 0.011710
34 0.571058 0.144648 0.010073 0.006213
34 0.584946 0.037023 0.010407 0.006358
34 0.625647 0.133616 0.014376 0.011918
34 0.626110 0.084981 0.014287 0.011462
34 0.667172 0.137486 0.016821 0.020604
34 0.577069 0.075718 0.004049 0.012303
34 0.590526 0.095410 0.009734 0.006278
34 0.567561 0.102524 0.014196 0.013215
34 0.583856 0.205167 0.003952 0.011205
34 0.624369 0.110399 0.013977 0.012288
34 0.615566 0.095611 0.009980 0.006708
34 0.623076 0.026490 0.014194 0.011556
34 0.591783 0.228424 0.004512 0.013354
34 0.603485 0.133569 0.014267 0.011522
34 0.600684 0.026520 0.014257 0.011513
34 0.626243 0.159879 0.014271 0.012069
34 0.687517 0.227199 0.014382 0.012744
34 0.624164 0.052030 0.014178 0.011727
34 0.727102 0.192321 0.015075 0.012548
34 0.826526 0.171083 0.014881 0.011661
34 0.811712 0.215425 0.014355 0.011208
34 0.783228 0.165034 0.014660 0.011533
34 0.909070 0.133981 0.002971 0.012915
34 0.872631 0.205380 0.014625 0.012226
34 0.850749 0.164996 0.015056 0.011878
34 0.857447 0.204278 0.014643 0.011240
34 0.878986 0.222016 0.015332 0.012023
34 0.746995 0.232887 0.008636 0.006099
34 0.850600 0.177856 0.013199 0.011254
34 0.843832 0.107730 0.019380 0.007378
34 0.785340 0.093287 0.014879 0.012211
34 0.800370 0.202602 0.014422 0.011513
34 0.865396 0.052102 0.015167 0.012417
34 0.731928 0.076060 0.014287 0.012553
34 0.784224 0.133448 0.016732 0.013189
34 0.829207 0.209456 0.017081 0.020775
34 0.728177 0.093455 0.014456 0.012006
34 0.846447 0.215399 0.014615 0.011174
34 0.861169 0.224687 0.003713 0.010353
34 0.755108 0.076452 0.014583 0.011713
34 0.812718 0.076067 0.014778 0.012476
34 0.799769 0.247954 0.014289 0.012100
34 0.751626 0.093324 0.014746 0.011795
34 0.792144 0.222610 0.014402 0.011103
34 0.808960 0.093396 0.014756 0.011750
34 0.852988 0.075891 0.014754 0.012391
34 0.789071 0.076047 0.014952 0.012573
34 0.783281 0.178008 0.013451 0.011793
34 0.888128 0.205296 0.015071 0.011733
34 0.894603 0.076872 0.014641 0.011921
34 0.910314 0.133973 0.004247 0.012505
34 0.894818 0.090063 0.014817 0.011775
34 0.908280 0.216080 0.014786 0.012006
34 0.887043 0.036230 0.013122 0.011929
34 0.921899 0.117016 0.012758 0.012140
34 0.924526 0.079169 0.014442 0.013083
34 0.886926 0.054583 0.013175 0.012043
34 0.936467 0.093461 0.014363 0.012006
34 0.891067 0.181516 0.008906 0.007221
34 0.907645 0.229121 0.013042 0.011414
34 0.926188 0.059953 0.008765 0.005828
34 0.912992 0.166975 0.012067 0.006723
34 0.934170 0.211066 0.015214 0.012431
34 0.110965 0.423948 0.007462 0.006831
34 0.101589 0.476405 0.012635 0.011339
34 0.100938 0.374094 0.012444 0.011396
34 0.114704 0.374393 0.012413 0.011505
34 0.101997 0.495356 0.013370 0.012337
34 0.144254 0.384852 0.013902 0.012200
34 0.160847 0.319907 0.020139 0.016435
34 0.920904 0.093663 0.014208 0.011539
34 0.175070 0.414573 0.013830 0.011790
34 0.097083 0.354376 0.012643 0.011693
34 0.173780 0.259867 0.004297 0.013585
34 0.136903 0.357789 0.012238 0.012015
34 0.160362 0.280596 0.014104 0.012100
34 0.121763 0.321334 0.003771 0.012220
34 0.106077 0.413549 0.013012 0.011431
34 0.158606 0.357687 0.012301 0.011972
34 0.103652 0.455735 0.013715 0.012462
34 0.075262 0.312407 0.020230 0.017273
34 0.115935 0.472206 0.012365 0.011952
34 0.128602 0.413840 0.004045 0.010410
34 0.109651 0.317987 0.017325 0.014469
34 0.102480 0.393561 0.012434 0.011864
34 0.138595 0.474863 0.012355 0.011818
34 0.086288 0.496800 0.011859 0.006309
34 0.128241 0.487445 0.004057 0.010616
34 0.092980 0.318685 0.014490 0.012519
34 0.103030 0.336634 0.013485 0.012135
34 0.173736 0.393111 0.011759 0.006421
34 0.171962 0.497200 0.012147 0.007361
34 0.142653 0.440514 0.013356 0.011579
34 0.110571 0.354337 0.012315 0.011946
34 0.229605 0.384962 0.013743 0.011741
34 0.178841 0.414520 0.005485 0.011559
34 0.335706 0.357618 0.012681 0.012226
34 0.244825 0.358653 0.012615 0.011482
34 0.315280 0.332553 0.014077 0.011496
34 0.275345 0.374269 0.012351 0.011194
34 0.275743 0.454919 0.014049 0.011935
34 0.281832 0.435875 0.015723 0.019370
34 0.194172 0.435968 0.014694 0.019618
34 0.142719 0.332568 0.014112 0.011667
34 0.142843 0.320598 0.014091 0.011559
34 0.086996 0.394944 0.012043 0.006805
34 0.090963 0.414600 0.016019 0.011935
34 0.309662 0.358011 0.012990 0.011764
34 0.291241 0.281205 0.014807 0.012266
34 0.222660 0.357549 0.012609 0.011644
34 0.191620 0.413501 0.013453 0.011254
34 0.275017 0.340422 0.013934 0.011627
34 0.188349 0.341704 0.013987 0.011525
34 0.214092 0.413856 0.004023 0.009952
34 0.248752 0.319755 0.019680 0.016728
34 0.189039 0.454853 0.014251 0.012209
34 0.278439 0.413594 0.013533 0.011291
34 0.260572 0.280684 0.014359 0.011992
34 0.197842 0.354439 0.012506 0.011402
34 0.196796 0.423795 0.006920 0.006204
34 0.315119 0.320688 0.013876 0.011351
34 0.207063 0.321280 0.004025 0.012454
34 0.300756 0.487997 0.003443 0.010402
34 0.283546 0.424118 0.006873 0.006281
34 0.228278 0.320583 0.014069 0.011254
34 0.344991 0.494250 0.016880 0.012434
34 0.272951 0.354191 0.012301 0.011140
34 0.195141 0.324944 0.016990 0.013229
34 0.254829 0.304714 0.009436 0.006116
34 0.187636 0.253314 0.009200 0.006771
34 0.294011 0.321435 0.003952 0.012411
34 0.378891 0.421262 0.006855 0.013292
34 0.300971 0.413273 0.004222 0.010011
34 0.316509 0.384493 0.013747 0.011733
34 0.190289 0.391291 0.013354 0.011359
34 0.288464 0.473036 0.012766 0.011966
34 0.323694 0.497615 0.012589 0.011684
34 0.311611 0.401445 0.007673 0.006247
34 0.188855 0.374417 0.012504 0.010852
34 0.259968 0.393139 0.011459 0.006683
34 0.187273 0.495761 0.012947 0.011875
34 0.201367 0.473044 0.012589 0.011907
34 0.228278 0.332525 0.013948 0.011519
34 0.314733 0.440721 0.013564 0.011502
34 0.274252 0.495727 0.012983 0.011909
34 0.265324 0.325242 0.014903 0.011619
34 0.223977 0.475123 0.012534 0.011379
34 0.186985 0.477006 0.012943 0.011436
34 0.274012 0.477070 0.012766 0.011376
34 0.258831 0.497169 0.011968 0.007065
34 0.288763 0.374392 0.012663 0.011604
34 0.228000 0.440748 0.013562 0.011453
34 0.184302 0.354453 0.012959 0.011072
34 0.196455 0.287166 0.014426 0.012132
34 0.310724 0.292895 0.009776 0.005996
34 0.202199 0.374426 0.012609 0.011485
34 0.310987 0.475064 0.012405 0.011291
34 0.295653 0.268445 0.009009 0.005492
34 0.276775 0.391245 0.013074 0.011308
34 0.285639 0.354152 0.012510 0.011553
34 0.513599 0.257880 0.015151 0.012089
34 0.382897 0.421677 0.014964 0.012673
34 0.491059 0.263310 0.013479 0.011721
34 0.519471 0.350194 0.014414 0.012505
34 0.406560 0.389510 0.014760 0.012887
34 0.520878 0.283205 0.013396 0.011875
34 0.484492 0.322122 0.014992 0.012417
34 0.413899 0.363598 0.004220 0.012770
34 0.362045 0.493806 0.014698 0.011824
34 0.419593 0.287925 0.008042 0.006121
34 0.262082 0.414645 0.014216 0.011730
34 0.213901 0.487656 0.003777 0.009966
34 0.554663 0.258109 0.007516 0.012394
34 0.390547 0.280507 0.014857 0.011599
34 0.361824 0.320791 0.013942 0.011653
34 0.461588 0.391023 0.004120 0.011337
34 0.433132 0.458038 0.015457 0.019188
34 0.408252 0.417294 0.007021 0.005868
34 0.445231 0.280258 0.014631 0.010935
34 0.474339 0.439423 0.013251 0.012633
34 0.474386 0.415027 0.013203 0.011684
34 0.417028 0.269054 0.009112 0.005375
34 0.361604 0.333773 0.014134 0.012266
34 0.688039 0.290899 0.013427 0.012325
34 0.568862 0.282901 0.013006 0.011371
34 0.664915 0.429924 0.004396 0.013984
34 0.673439 0.264289 0.007631 0.006543
34 0.648853 0.393807 0.005066 0.014169
34 0.693725 0.390359 0.005141 0.011747
34 0.473585 0.261783 0.013306 0.011755
34 0.426754 0.485541 0.014611 0.012263
34 0.437971 0.256471 0.014597 0.012793
34 0.393370 0.468217 0.024259 0.013676
34 0.795628 0.318014 0.004184 0.010710
34 0.682324 0.332300 0.026469 0.017669
34 0.679229 0.453299 0.020115 0.017518
34 0.558379 0.257749 0.014825 0.012032
34 0.684027 0.488668 0.014239 0.011721
34 0.798812 0.447083 0.029708 0.011926
34 0.728371 0.351877 0.014736 0.012012
34 0.835876 0.263756 0.015141 0.011422
34 0.804675 0.295842 0.014535 0.011445
34 0.800006 0.251563 0.011781 0.004967
34 0.816244 0.307722 0.014736 0.011328
34 0.782371 0.315483 0.015000 0.011217
34 0.743966 0.475227 0.014063 0.011644
34 0.852901 0.426166 0.003759 0.012434
34 0.773537 0.270653 0.013094 0.011998
34 0.809736 0.383195 0.014658 0.012454
34 0.712611 0.379591 0.004964 0.014719
34 0.757054 0.274202 0.009136 0.006626
34 0.870454 0.314949 0.014305 0.011037
34 0.879086 0.270182 0.012814 0.011525
34 0.862119 0.294954 0.014553 0.011944
34 0.841033 0.383052 0.014742 0.012499
34 0.744100 0.498098 0.007268 0.005919
34 0.790059 0.297767 0.014494 0.011716
34 0.866680 0.400496 0.014678 0.011889
34 0.821117 0.437647 0.004273 0.012400
34 0.773447 0.257407 0.014303 0.011451
34 0.833148 0.301704 0.017141 0.020108
34 0.788334 0.416506 0.015214 0.011479
34 0.809742 0.415276 0.014597 0.012519
34 0.876583 0.447246 0.029251 0.011186
34 0.720074 0.479507 0.007480 0.006184
34 0.728801 0.338471 0.015314 0.011818
34 0.726445 0.434161 0.013890 0.012220
34 0.841683 0.404181 0.014575 0.012066
34 0.709496 0.494893 0.010395 0.012106
34 0.850941 0.307893 0.014678 0.011607
34 0.869471 0.362092 0.010485 0.007039
34 0.788143 0.403464 0.015093 0.011824
34 0.866415 0.416577 0.014591 0.012226
34 0.775127 0.297714 0.014932 0.011667
34 0.804983 0.340073 0.013789 0.012491
34 0.730507 0.494404 0.013660 0.011807
34 0.929887 0.460446 0.029565 0.011043
34 0.899078 0.421811 0.014865 0.012029
34 0.900500 0.449639 0.010157 0.006557
34 0.910248 0.474322 0.004206 0.012941
34 0.894535 0.338351 0.014863 0.011140
34 0.898939 0.401319 0.012121 0.006252
34 0.938124 0.429769 0.014766 0.012511
34 0.937723 0.416180 0.014676 0.012297
34 0.894842 0.350641 0.014990 0.012761
34 0.174721 0.608740 0.008697 0.005460
34 0.132875 0.628616 0.018944 0.007709
34 0.154904 0.691993 0.008423 0.006255
34 0.166979 0.687203 0.014047 0.011163
34 0.204253 0.701485 0.004065 0.010835
34 0.097929 0.745134 0.014412 0.012320
34 0.121577 0.589433 0.004432 0.012818
34 0.128961 0.520848 0.007103 0.005742
34 0.165450 0.718247 0.014535 0.012801
34 0.899073 0.386288 0.014400 0.012035
34 0.906962 0.325128 0.009303 0.005970
34 0.142234 0.551875 0.013791 0.012060
34 0.165203 0.735123 0.014029 0.011248
34 0.174278 0.620003 0.015248 0.011462
34 0.123362 0.694440 0.023731 0.012830
34 0.115587 0.550829 0.012685 0.011525
34 0.111146 0.537358 0.012490 0.011946
34 0.204197 0.716163 0.004160 0.018168
34 0.104286 0.694238 0.004378 0.010408
34 0.323595 0.500831 0.011634 0.005366
34 0.219002 0.664732 0.011920 0.007087
34 0.260298 0.608247 0.008429 0.005911
34 0.189547 0.658460 0.006861 0.005925
34 0.238626 0.522234 0.016233 0.012653
34 0.254789 0.520824 0.014277 0.012135
34 0.265296 0.787086 0.004114 0.005702
34 0.209299 0.718953 0.014750 0.023616
34 0.207115 0.597182 0.003856 0.012505
34 0.283609 0.576708 0.012734 0.011405
34 0.162155 0.623844 0.007665 0.006669
34 0.158793 0.604109 0.013836 0.011433
34 0.218607 0.526878 0.012983 0.011117
34 0.314099 0.638472 0.014668 0.011684
34 0.219883 0.743182 0.008779 0.006084
34 0.229763 0.647581 0.010038 0.006748
34 0.242651 0.709221 0.014879 0.012069
34 0.178696 0.739299 0.005224 0.006959
34 0.317442 0.698953 0.013469 0.011755
34 0.201056 0.568712 0.013006 0.011245
34 0.203663 0.663135 0.013523 0.012135
34 0.227523 0.572447 0.014180 0.011265
34 0.202591 0.679863 0.014251 0.011667
34 0.200863 0.626626 0.014744 0.011388
34 0.315578 0.586622 0.014545 0.011374
34 0.334969 0.660463 0.007556 0.006062
34 0.287737 0.589642 0.013032 0.011550
34 0.306410 0.743091 0.008856 0.006113
34 0.334691 0.682003 0.007419 0.005631
34 0.213966 0.541572 0.006956 0.005856
34 0.236108 0.506552 0.010508 0.007700
34 0.269908 0.661208 0.015042 0.012112
34 0.286464 0.708487 0.015244 0.012682
34 0.178912 0.620299 0.005665 0.012186
34 0.266872 0.726328 0.015711 0.019091
34 0.334429 0.671050 0.007927 0.005868
34 0.262158 0.545043 0.014545 0.011282
34 0.337719 0.551097 0.013165 0.011747
34 0.212591 0.630806 0.008320 0.006287
34 0.233459 0.739564 0.013856 0.011861
34 0.284832 0.728259 0.013902 0.011975
34 0.197105 0.555593 0.012659 0.011926
34 0.262034 0.558106 0.014893 0.012018
34 0.181139 0.681545 0.004172 0.012135
34 0.209316 0.701167 0.014543 0.011556
34 0.300855 0.563310 0.006328 0.005076
34 0.413473 0.634121 0.004762 0.012551
34 0.488560 0.740527 0.012434 0.006925
34 0.483405 0.582811 0.027788 0.020311
34 0.405817 0.550081 0.019277 0.016321
34 0.398907 0.734457 0.013636 0.011810
34 0.491440 0.707233 0.013642 0.011354
34 0.244132 0.634333 0.024811 0.017689
34 0.283974 0.526805 0.019647 0.016523
34 0.324128 0.726693 0.003981 0.010103
34 0.426615 0.612652 0.008721 0.007042
34 0.433804 0.726918 0.013862 0.011955
34 0.369504 0.581686 0.014593 0.011493
34 0.511155 0.710571 0.013616 0.012069
34 0.456671 0.732717 0.014144 0.011146
34 0.396759 0.518031 0.013997 0.011200
34 0.388777 0.708313 0.014508 0.012573
34 0.369742 0.568529 0.014525 0.011844
34 0.376324 0.545288 0.014750 0.011072
34 0.439850 0.606446 0.015723 0.012704
34 0.496204 0.680108 0.027274 0.008492
34 0.471663 0.740546 0.012681 0.006865
34 0.359992 0.500683 0.006636 0.004506
34 0.372866 0.664128 0.036154 0.010040
34 0.426528 0.578414 0.008507 0.006865
34 0.452361 0.661815 0.015089 0.012026
34 0.455890 0.707764 0.014206 0.012035
34 0.428544 0.675822 0.010068 0.006954
34 0.441053 0.555211 0.010711 0.007219
34 0.556111 0.588162 0.004579 0.012083
34 0.439910 0.572609 0.014208 0.011710
34 0.478778 0.616426 0.017681 0.019487
34 0.360197 0.545304 0.016124 0.012226
34 0.657923 0.720915 0.014786 0.011547
34 0.684481 0.692327 0.014603 0.011596
34 0.688605 0.503152 0.014712 0.010009
34 0.684043 0.628212 0.014263 0.012217
34 0.641845 0.720690 0.014903 0.012214
34 0.684432 0.552685 0.013936 0.011188
34 0.673462 0.544138 0.004212 0.009798
34 0.428148 0.689436 0.014780 0.011793
34 0.504012 0.732459 0.014180 0.011804
34 0.362604 0.532496 0.010542 0.006914
34 0.419223 0.726881 0.013834 0.011750
34 0.474862 0.709595 0.013342 0.011622
34 0.381474 0.518316 0.014406 0.011604
34 0.375417 0.685936 0.040814 0.008470
34 0.377191 0.675581 0.043475 0.009726
34 0.684018 0.657362 0.014643 0.011932
34 0.684175 0.518072 0.014486 0.012012
34 0.603756 0.729507 0.025103 0.018883
34 0.684956 0.565315 0.014186 0.012539
34 0.679039 0.733170 0.019891 0.017239
34 0.533057 0.510235 0.004527 0.012371
34 0.630768 0.510285 0.013860 0.012636
34 0.561233 0.587868 0.014875 0.012254
34 0.629319 0.668718 0.004384 0.010237
34 0.640382 0.665892 0.014462 0.011676
34 0.636573 0.634716 0.014976 0.013474
34 0.715936 0.671091 0.002975 0.006783
34 0.678488 0.592870 0.019490 0.017247
34 0.731472 0.609517 0.005953 0.012388
34 0.688481 0.642270 0.014267 0.012434
34 0.543858 0.521925 0.004674 0.012804
34 0.741303 0.672828 0.008606 0.005628
34 0.715377 0.552863 0.014388 0.011471
34 0.790620 0.595416 0.012429 0.007002
34 0.731631 0.699040 0.012738 0.006298
34 0.824810 0.741877 0.013946 0.011528
34 0.824845 0.603981 0.014089 0.011599
34 0.790741 0.735235 0.012401 0.006646
34 0.596700 0.603367 0.024613 0.012827
34 0.640020 0.689709 0.014948 0.020393
34 0.731659 0.748472 0.005590 0.012066
34 0.684741 0.704718 0.014627 0.012405
34 0.673509 0.683236 0.004226 0.010165
34 0.551893 0.599473 0.007943 0.005506
34 0.746654 0.697699 0.013118 0.012052
34 0.796943 0.687176 0.013475 0.010903
34 0.817578 0.586241 0.013112 0.011097
34 0.731595 0.559702 0.012284 0.007002
34 0.715422 0.692405 0.014506 0.011741
34 0.784647 0.683404 0.003864 0.010011
34 0.838603 0.533346 0.008765 0.005705
34 0.745053 0.637414 0.007262 0.005948
34 0.772458 0.549936 0.013582 0.011710
34 0.849126 0.616126 0.008767 0.005777
34 0.741257 0.532928 0.008997 0.005930
34 0.715765 0.704853 0.014865 0.012328
34 0.848212 0.628941 0.013967 0.011243
34 0.797057 0.547499 0.012599 0.011134
34 0.735623 0.609249 0.014478 0.011590
34 0.848164 0.672518 0.008660 0.005782
34 0.823984 0.640502 0.013394 0.011753
34 0.814890 0.527384 0.004132 0.009547
34 0.845657 0.684427 0.014831 0.010980
34 0.873968 0.746765 0.013624 0.011302
34 0.842120 0.741624 0.014349 0.011371
34 0.746535 0.558158 0.013046 0.011915
34 0.728073 0.510190 0.014523 0.012360
34 0.782696 0.705415 0.013185 0.012499
34 0.824566 0.502562 0.012992 0.008829
34 0.814929 0.667029 0.003981 0.010205
34 0.824751 0.522481 0.012685 0.011875
34 0.817520 0.724145 0.013231 0.011522
34 0.873250 0.555873 0.015159 0.012619
34 0.744749 0.715171 0.014736 0.011750
34 0.709667 0.521690 0.010772 0.012038
34 0.715852 0.565187 0.014295 0.011701
34 0.744843 0.575536 0.013828 0.011334
34 0.796981 0.527864 0.012524 0.011231
34 0.845670 0.547296 0.014116 0.011473
34 0.851989 0.713733 0.019583 0.016603
34 0.851942 0.576332 0.019521 0.016580
34 0.797031 0.667437 0.013171 0.011852
34 0.783921 0.513615 0.014378 0.012023
34 0.782809 0.566064 0.013177 0.012266
34 0.845454 0.559518 0.013983 0.011468
34 0.842170 0.603772 0.014436 0.011727
34 0.783691 0.652997 0.014843 0.012268
34 0.784669 0.544035 0.003874 0.010322
34 0.845570 0.696537 0.014533 0.011308
34 0.728069 0.649905 0.014599 0.011687
34 0.744619 0.546114 0.014448 0.011100
34 0.824756 0.661791 0.013151 0.011681
34 0.744450 0.685386 0.014835 0.011530
34 0.874143 0.609658 0.013419 0.011690
34 0.718603 0.614221 0.007154 0.006241
34 0.730550 0.633752 0.014061 0.011761
34 0.848114 0.641654 0.013973 0.011197
34 0.772646 0.689833 0.013934 0.011932
34 0.933110 0.629932 0.013550 0.012391
34 0.925392 0.692669 0.013846 0.011676
34 0.943642 0.608757 0.006350 0.005289
34 0.933175 0.602603 0.013803 0.012411
34 0.944346 0.635741 0.006315 0.005680
34 0.958516 0.746148 0.014128 0.011716
34 0.925215 0.705462 0.014132 0.011243
34 0.958644 0.733408 0.014194 0.012140
34 0.956144 0.602784 0.024392 0.012123
34 0.772740 0.662930 0.016156 0.019766
34 0.772909 0.524001 0.015572 0.019618
34 0.315825 0.808816 0.024104 0.013910
34 0.265346 0.790101 0.004504 0.012246
34 0.189604 0.767455 0.013419 0.011798
34 0.943174 0.527053 0.014861 0.012476
34 0.961886 0.707080 0.026591 0.017575
34 0.930631 0.563652 0.014915 0.012200
34 0.956204 0.630333 0.024257 0.011690
34 0.942950 0.513974 0.014929 0.011864
34 0.906264 0.564024 0.009954 0.012841
34 0.939772 0.701419 0.014388 0.011713
34 0.919851 0.608765 0.008687 0.005765
34 0.193039 0.821396 0.007564 0.006469
34 0.243852 0.755208 0.015375 0.012320
34 0.313228 0.755199 0.003842 0.009487
34 0.306395 0.767699 0.014470 0.011191
34 0.200306 0.755232 0.003719 0.010077
34 0.332187 0.790275 0.013918 0.012058
34 0.291024 0.821345 0.032573 0.022884
34 0.265367 0.765849 0.004440 0.013175
34 0.288725 0.754315 0.004013 0.009507
34 0.202021 0.806887 0.017587 0.012542
34 0.338780 0.757589 0.004196 0.010556
34 0.404627 0.796483 0.014629 0.012967
34 0.433500 0.796594 0.014805 0.012454
34 0.358099 0.778954 0.011912 0.013086
34 0.431097 0.811426 0.014063 0.012314
34 0.418483 0.830805 0.056680 0.008153
34 0.383791 0.796520 0.014476 0.012796
34 0.354777 0.837035 0.005272 0.011431
34 0.412658 0.847751 0.008402 0.006452
34 0.370657 0.764544 0.004077 0.010388
34 0.363272 0.796629 0.014827 0.012927
34 0.383618 0.782032 0.007220 0.005814
34 0.514057 0.757199 0.014134 0.012391
34 0.260308 0.831375 0.008670 0.005674
34 0.224567 0.834836 0.026168 0.012374
34 0.342618 0.837368 0.030175 0.013790
34 0.281180 0.769909 0.013904 0.011884
34 0.691662 0.782214 0.014601 0.011793
34 0.707929 0.802177 0.014750 0.011536
34 0.686909 0.768217 0.014390 0.011556
34 0.684672 0.832662 0.014118 0.011964
34 0.673691 0.823710 0.004778 0.010265
34 0.386873 0.768351 0.014291 0.011499
34 0.453943 0.796634 0.014108 0.012722
34 0.357215 0.759208 0.010131 0.011929
34 0.420142 0.757771 0.013785 0.011684
34 0.815044 0.807159 0.004343 0.010043
34 0.746648 0.838421 0.013433 0.011445
34 0.715513 0.832824 0.014788 0.011855
34 0.873072 0.785110 0.014827 0.011274
34 0.736051 0.750779 0.013572 0.007116
34 0.876577 0.865923 0.013078 0.011584
34 0.796344 0.752992 0.013856 0.011462
34 0.744892 0.777652 0.007705 0.006361
34 0.824370 0.781104 0.013330 0.011755
34 0.730683 0.774302 0.013868 0.011773
34 0.860604 0.854095 0.019444 0.015925
34 0.772776 0.829907 0.014234 0.011562
34 0.715945 0.845175 0.014545 0.011701
34 0.687041 0.797800 0.014988 0.011918
34 0.684901 0.845041 0.014847 0.011804
34 0.817587 0.846597 0.012990 0.011285
34 0.840229 0.884506 0.014599 0.011348
34 0.848099 0.766728 0.014712 0.010955
34 0.797397 0.827789 0.013340 0.011633
34 0.906927 0.793108 0.007149 0.007070
34 0.844716 0.872203 0.008997 0.005654
34 0.790725 0.875433 0.012361 0.006911
34 0.848022 0.779608 0.014762 0.011186
34 0.827486 0.859625 0.014295 0.011693
34 0.718869 0.753403 0.007564 0.005876
34 0.837695 0.754139 0.008662 0.005361
34 0.731658 0.839981 0.012019 0.006637
34 0.740865 0.813007 0.008769 0.006002
34 0.850370 0.812675 0.008781 0.006107
34 0.315311 0.093045 0.025203 0.006973
34 0.286043 0.125717 0.012174 0.010715
34 0.372650 0.257052 0.004317 0.012525
34 0.245416 0.096425 0.013568 0.012291
34 0.179245 0.086499 0.003795 0.010205
34 0.269124 0.186661 0.031958 0.028262
34 0.362492 0.106107 0.004089 0.010430
34 0.253089 0.129963 0.013535 0.017977
34 0.161346 0.130001 0.013497 0.018703
34 0.170772 0.071576 0.003832 0.010094
34 0.194889 0.111693 0.013590 0.011268
34 0.155340 0.096183 0.013707 0.011864
33 0.175934 0.223671 0.007834 0.010618
33 0.167671 0.109213 0.009952 0.008675
33 0.167466 0.096461 0.009940 0.009421
33 0.165667 0.144987 0.009363 0.010048
33 0.122682 0.195108 0.007440 0.018726
33 0.191074 0.135533 0.011463 0.008011
33 0.285703 0.135432 0.006684 0.008988
33 0.257530 0.145098 0.008848 0.010037
33 0.188144 0.098343 0.010191 0.008535
33 0.188238 0.085976 0.010232 0.009325
33 0.281224 0.098638 0.012154 0.011211
33 0.259042 0.096698 0.011618 0.010752
33 0.348477 0.144966 0.009150 0.010519
33 0.349637 0.109052 0.011672 0.010878
33 0.259038 0.109225 0.011795 0.010544
33 0.281205 0.085759 0.012043 0.011616
33 0.349561 0.096666 0.011156 0.011006
33 0.372089 0.098739 0.011583 0.010627
33 0.374446 0.135249 0.011825 0.008139
33 0.469611 0.135249 0.011825 0.007689
33 0.488075 0.206969 0.007673 0.015038
33 0.467700 0.085724 0.011585 0.011567
33 0.445148 0.096539 0.011469 0.011260
33 0.372184 0.085940 0.011632 0.011624
33 0.445092 0.109057 0.011771 0.010647
33 0.455231 0.223656 0.007540 0.010259
33 0.443848 0.145028 0.009194 0.010587
33 0.467555 0.098601 0.011537 0.010977
33 0.509290 0.194283 0.007476 0.018854
33 0.659779 0.155234 0.007307 0.011032
33 0.659416 0.180909 0.007587 0.010744
33 0.673998 0.227723 0.011336 0.011536
33 0.659225 0.168445 0.007657 0.011015
33 0.857525 0.219345 0.006255 0.017937
33 0.811340 0.228561 0.006559 0.014260
33 0.846182 0.228703 0.006404 0.014466
33 0.800711 0.213333 0.006080 0.008484
33 0.811729 0.247308 0.008491 0.010598
33 0.934690 0.223148 0.007305 0.010986
33 0.114379 0.457090 0.007182 0.009245
33 0.116101 0.413968 0.006195 0.008894
33 0.202203 0.413777 0.008060 0.009020
33 0.171796 0.280594 0.007879 0.009282
33 0.148287 0.358447 0.007814 0.009706
33 0.199985 0.455963 0.007202 0.009196
33 0.288400 0.413933 0.006205 0.009080
33 0.286801 0.455923 0.007691 0.008928
33 0.323573 0.358032 0.008721 0.009749
33 0.286387 0.340678 0.008153 0.007290
33 0.234165 0.358277 0.008137 0.009453
33 0.449922 0.256768 0.007621 0.009176
33 0.816979 0.339779 0.008999 0.010513
33 0.850715 0.320799 0.006990 0.014155
33 0.804630 0.311411 0.006646 0.017395
33 0.816000 0.320788 0.006622 0.014189
33 0.784278 0.525047 0.006102 0.009678
33 0.862270 0.309654 0.005826 0.015825
33 0.177738 0.718918 0.009738 0.009966
33 0.285047 0.740393 0.006501 0.011946
33 0.198637 0.714152 0.006054 0.008396
33 0.198380 0.725489 0.006479 0.009028
33 0.198551 0.702543 0.005747 0.009179
33 0.419505 0.739716 0.006686 0.013397
33 0.433629 0.739561 0.006525 0.013012
33 0.617680 0.510573 0.011537 0.012311
33 0.728229 0.662142 0.006628 0.011681
33 0.728134 0.523068 0.006892 0.012662
33 0.708002 0.507462 0.007297 0.012217
33 0.707937 0.647075 0.007260 0.012776
33 0.918865 0.564219 0.009692 0.009413
33 0.930406 0.514238 0.009015 0.008920
33 0.931183 0.526103 0.007990 0.010285
33 0.931222 0.502375 0.007432 0.008455
33 0.255435 0.754749 0.008493 0.011009
33 0.728338 0.802914 0.006886 0.012405
33 0.708087 0.787643 0.007452 0.012870
29 0.782963 0.128833 0.129561 0.039934
22 0.124234 0.358196 0.011483 0.014768
22 0.209788 0.358528 0.011966 0.014235
22 0.296574 0.358105 0.010961 0.014226
21 0.305810 0.084000 0.006390 0.010895
21 0.346550 0.083824 0.006783 0.010721
21 0.348168 0.058641 0.006666 0.010556
21 0.646095 0.112848 0.006074 0.010484
21 0.614884 0.062096 0.006988 0.010473
21 0.616913 0.169709 0.006521 0.010539
21 0.575546 0.112589 0.006193 0.010006
21 0.615084 0.120412 0.006602 0.010222
21 0.760595 0.102767 0.005518 0.010123
21 0.794510 0.102783 0.005818 0.010285
21 0.817947 0.102726 0.005737 0.010194
21 0.737200 0.102823 0.005774 0.010291
21 0.943742 0.108176 0.006529 0.010675
21 0.903915 0.099215 0.006807 0.010576
21 0.094474 0.389144 0.006535 0.010131
21 0.134058 0.343029 0.006412 0.010037
21 0.093946 0.491187 0.006185 0.010279
21 0.088909 0.368870 0.006690 0.010724
21 0.133346 0.451757 0.006176 0.010046
21 0.267981 0.389164 0.005898 0.009920
21 0.178900 0.369007 0.005665 0.010502
21 0.267716 0.368933 0.006370 0.010370
21 0.266287 0.491550 0.006309 0.010345
21 0.179313 0.491593 0.005915 0.010248
21 0.305732 0.451814 0.006211 0.010194
21 0.218784 0.451763 0.006585 0.010199
21 0.180128 0.389189 0.006098 0.010336
21 0.281303 0.289772 0.006317 0.009826
21 0.219535 0.343079 0.006309 0.010068
21 0.250583 0.289791 0.006589 0.009852
21 0.306382 0.343079 0.006297 0.010103
21 0.471516 0.385769 0.006360 0.010456
21 0.399955 0.289716 0.006287 0.009915
21 0.509503 0.359285 0.006682 0.010499
21 0.530626 0.294235 0.004776 0.010687
21 0.577718 0.293719 0.007288 0.010681
21 0.738201 0.360684 0.006898 0.010425
21 0.904334 0.359471 0.006444 0.010359
21 0.107541 0.565993 0.006928 0.010938
21 0.253541 0.569286 0.006156 0.010023
21 0.193095 0.583445 0.006618 0.010693
21 0.279826 0.604359 0.006320 0.010331
21 0.279785 0.671234 0.006924 0.010710
21 0.194201 0.692387 0.006581 0.010211
21 0.404270 0.531241 0.006033 0.009533
21 0.361103 0.592421 0.006658 0.010667
21 0.438186 0.699121 0.007170 0.010621
21 0.378792 0.717335 0.007137 0.010066
21 0.675905 0.575546 0.006519 0.010385
21 0.675900 0.714927 0.006595 0.010208
21 0.836451 0.569521 0.006557 0.010396
21 0.763371 0.560872 0.006469 0.010596
21 0.706910 0.714407 0.005242 0.010291
21 0.836289 0.706365 0.006724 0.010661
21 0.754167 0.724912 0.007041 0.010541
21 0.763364 0.700396 0.006628 0.010482
21 0.754017 0.585782 0.006982 0.011000
21 0.706883 0.574631 0.005203 0.010636
21 0.838997 0.652699 0.006273 0.010288
21 0.838816 0.787665 0.006283 0.004574
21 0.347069 0.788391 0.006084 0.010473
21 0.421345 0.819997 0.006255 0.010675
21 0.523349 0.766694 0.006904 0.010362
21 0.410475 0.767110 0.006402 0.010339
21 0.676198 0.855596 0.006984 0.010536
21 0.837638 0.846949 0.006263 0.010302
21 0.707007 0.854940 0.005433 0.010142
21 0.838956 0.790308 0.006346 0.010026
21 0.754267 0.865442 0.006873 0.010553
21 0.763770 0.840968 0.006473 0.010519
21 0.830821 0.907397 0.006215 0.010416
21 0.949875 0.757011 0.006724 0.008971
19 0.653740 0.660048 0.013310 0.071542
19 0.268392 0.842913 0.010616 0.049490
17 0.828685 0.236345 0.025576 0.037546
17 0.416944 0.458797 0.016914 0.023893
17 0.833632 0.329310 0.025604 0.036905
17 0.267910 0.747120 0.016888 0.024574
15 0.866082 0.064496 0.008203 0.012970
15 0.912664 0.079189 0.007766 0.010769
15 0.399123 0.748061 0.009224 0.013745
13 0.395229 0.420058 0.007262 0.016042
11 0.124040 0.435140 0.011577 0.015130
11 0.209657 0.435182 0.011287 0.014879
11 0.296424 0.435472 0.011088 0.014203
11 0.763424 0.536697 0.011336 0.016056
11 0.763126 0.676697 0.011170 0.015167
11 0.763789 0.816701 0.011297 0.017335
6 0.278730 0.104773 0.002278 0.003038
6 0.186589 0.105040 0.002329 0.003189
6 0.327578 0.051217 0.003419 0.003842
6 0.464932 0.104719 0.002172 0.003443
6 0.369643 0.104583 0.002180 0.003824
6 0.371859 0.025469 0.002405 0.003505
6 0.870225 0.249027 0.002951 0.003873
6 0.768777 0.206791 0.002728 0.003785
6 0.791952 0.156907 0.002655 0.003297
6 0.859125 0.156764 0.002867 0.004181
6 0.764521 0.249347 0.002554 0.003294
6 0.898960 0.208331 0.002158 0.003958
6 0.102639 0.312341 0.002554 0.003827
6 0.135559 0.376661 0.002609 0.003810
6 0.307685 0.375959 0.003018 0.004127
6 0.352173 0.488317 0.002826 0.003810
6 0.220800 0.376315 0.002413 0.003984
6 0.187914 0.319128 0.003374 0.003950
6 0.274915 0.318735 0.002595 0.003733
6 0.471414 0.469337 0.002998 0.003913
6 0.499657 0.255861 0.002178 0.003508
6 0.369519 0.272840 0.003388 0.002950
6 0.464518 0.251793 0.003680 0.005101
6 0.679450 0.495999 0.002522 0.003072
6 0.763155 0.300825 0.003046 0.003691
6 0.721401 0.485940 0.002347 0.003810
6 0.893422 0.299084 0.002939 0.003565
6 0.149858 0.596398 0.002778 0.003505
6 0.245876 0.516000 0.002087 0.004426
6 0.242098 0.731754 0.003000 0.003958
6 0.276806 0.701154 0.002480 0.003294
6 0.251717 0.700995 0.002629 0.004252
6 0.366451 0.539174 0.002254 0.004144
6 0.502481 0.702025 0.002480 0.003508
6 0.466178 0.701528 0.002998 0.003887
6 0.679705 0.636034 0.002476 0.003508
6 0.644695 0.627525 0.002983 0.003639
6 0.721409 0.625417 0.003116 0.003984
6 0.832981 0.735698 0.003026 0.004608
6 0.833213 0.597697 0.002663 0.003391
6 0.916467 0.684449 0.002796 0.004070
6 0.346543 0.751593 0.002615 0.003557
6 0.378284 0.760502 0.003231 0.004953
6 0.682748 0.775825 0.002554 0.002764
6 0.721983 0.766046 0.002782 0.003320
5 0.237742 0.234655 0.006922 0.006934
5 0.375199 0.233477 0.007486 0.007535
5 0.715473 0.192241 0.007655 0.007538
5 0.464288 0.415235 0.006948 0.006925
5 0.464159 0.439248 0.006783 0.007073
5 0.464327 0.262278 0.006519 0.006347
5 0.715503 0.434248 0.007303 0.007002
5 0.640269 0.675378 0.004889 0.008618
5 0.873759 0.619620 0.004670 0.008883
5 0.884309 0.502796 0.006708 0.006760
5 0.874131 0.757187 0.004692 0.009005
5 0.876782 0.875852 0.004712 0.008883
4 0.626922 0.096989 0.009384 0.012428
4 0.627585 0.146240 0.009001 0.012992
4 0.623655 0.038676 0.009184 0.012531
4 0.484909 0.336592 0.011801 0.016694
4 0.514568 0.270088 0.009454 0.012864
4 0.821730 0.384054 0.009077 0.012525
4 0.853785 0.382989 0.009424 0.011679
4 0.910943 0.386355 0.009239 0.012243
4 0.455619 0.719685 0.008975 0.012707
3 0.604768 0.097092 0.008747 0.012565
3 0.603991 0.146114 0.009102 0.012970
3 0.601600 0.038606 0.009093 0.012442
3 0.878898 0.234409 0.008852 0.012670
3 0.791428 0.234397 0.008731 0.012545
3 0.825700 0.182941 0.009394 0.012665
3 0.119127 0.335720 0.017802 0.011901
3 0.332922 0.500506 0.008749 0.029327
3 0.290887 0.339755 0.017105 0.011382
3 0.203901 0.341462 0.016904 0.011382
3 0.556478 0.270587 0.003886 0.013098
3 0.676866 0.290714 0.009140 0.012844
3 0.559155 0.270114 0.009309 0.012796
3 0.908484 0.386017 0.004144 0.008256
3 0.853812 0.404545 0.008946 0.012437
3 0.821865 0.415098 0.009130 0.012796
3 0.870745 0.326721 0.009065 0.012291
3 0.783279 0.326771 0.008793 0.012117
3 0.836596 0.275524 0.009249 0.012787
3 0.908578 0.421808 0.003956 0.007874
3 0.911153 0.421973 0.009160 0.012742
3 0.132280 0.551500 0.005935 0.007863
3 0.122551 0.537586 0.009390 0.012391
3 0.227860 0.529876 0.009651 0.022186
3 0.347167 0.553086 0.009410 0.021505
3 0.305035 0.586505 0.006086 0.009989
3 0.217913 0.573072 0.006309 0.007968
3 0.294873 0.576157 0.009601 0.012354
3 0.314737 0.649478 0.008435 0.010550
3 0.208072 0.555685 0.009255 0.012106
3 0.452548 0.675901 0.011765 0.016076
3 0.456883 0.744580 0.008612 0.012602
3 0.491701 0.719564 0.008995 0.012431
3 0.504022 0.744695 0.009152 0.012616
3 0.684552 0.671855 0.008777 0.015492
3 0.560838 0.600311 0.009098 0.012528
3 0.684204 0.532427 0.008344 0.015369
3 0.817103 0.606673 0.010133 0.033790
3 0.817345 0.744903 0.009649 0.031744
3 0.824690 0.650755 0.006257 0.007991
3 0.824996 0.534557 0.008662 0.012072
3 0.825015 0.673766 0.008729 0.012206
3 0.824779 0.511322 0.006525 0.008812
3 0.939841 0.715426 0.011797 0.016643
3 0.200700 0.767828 0.009148 0.012152
3 0.687038 0.811784 0.008604 0.016842
3 0.817415 0.865390 0.008344 0.026928
3 0.825058 0.791409 0.006378 0.008871
3 0.825193 0.814563 0.009025 0.012613
1 0.871911 0.213051 0.005627 0.004392
1 0.912664 0.116918 0.005111 0.014024
1 0.886743 0.064102 0.009919 0.007777
1 0.124301 0.472750 0.005161 0.013861
1 0.209808 0.473311 0.005083 0.013901
1 0.296631 0.473314 0.005022 0.013645
1 0.790384 0.305879 0.005784 0.004782
1 0.797466 0.537236 0.009899 0.008624
1 0.797451 0.676714 0.009877 0.007900
1 0.797619 0.817341 0.009948 0.008139
0 0.797183 0.835238 0.005949 0.004440
0 0.837664 0.824326 0.003294 0.008515
0 0.763555 0.830524 0.003189 0.007888
0 0.754264 0.825456 0.003124 0.007749
0 0.754264 0.855553 0.003209 0.008290
0 0.784330 0.812424 0.002794 0.005651
0 0.791179 0.846019 0.003261 0.008071
0 0.676085 0.845634 0.003032 0.007803
0 0.676065 0.833064 0.003044 0.008190
0 0.327341 0.059101 0.003219 0.008256
0 0.208021 0.139744 0.005465 0.004862
0 0.327080 0.139226 0.005336 0.004842
0 0.305754 0.073728 0.003165 0.007712
0 0.346401 0.073789 0.003100 0.007709
0 0.147416 0.219477 0.004434 0.003719
0 0.186528 0.112030 0.003149 0.007162
0 0.141933 0.177189 0.004732 0.004580
0 0.141820 0.223833 0.004656 0.003294
0 0.147492 0.182498 0.004283 0.004357
0 0.835579 0.859883 0.002375 0.005500
0 0.791959 0.177800 0.003205 0.008014
0 0.794588 0.092394 0.002915 0.008310
0 0.843339 0.076325 0.003088 0.008421
0 0.575775 0.102615 0.002814 0.008245
0 0.615218 0.110272 0.003179 0.008267
0 0.614879 0.052266 0.003308 0.008333
0 0.617031 0.159611 0.003255 0.008370
0 0.646174 0.102673 0.003384 0.008407
0 0.487960 0.139178 0.004950 0.004819
0 0.465134 0.112156 0.003096 0.006962
0 0.420090 0.139296 0.005167 0.005061
0 0.741633 0.075748 0.005373 0.013497
0 0.859276 0.165400 0.002911 0.008213
0 0.760825 0.092418 0.003040 0.008239
0 0.859256 0.177974 0.003040 0.008230
0 0.737302 0.092452 0.003092 0.008290
0 0.792031 0.165266 0.003122 0.008361
0 0.768745 0.214685 0.002981 0.008270
0 0.765179 0.075724 0.005145 0.013215
0 0.768752 0.227599 0.003173 0.008193
0 0.093866 0.325654 0.004021 0.003471
0 0.903810 0.076515 0.003080 0.007706
0 0.921207 0.101251 0.005790 0.004691
0 0.899040 0.229014 0.002959 0.007820
0 0.887988 0.213256 0.005576 0.004272
0 0.903862 0.089121 0.003163 0.008655
0 0.936388 0.101431 0.005798 0.004241
0 0.898931 0.216415 0.003088 0.008356
0 0.886766 0.044778 0.005864 0.004887
0 0.934333 0.231056 0.002502 0.005680
0 0.822496 0.075751 0.005133 0.013269
0 0.857396 0.230826 0.002403 0.006270
0 0.800630 0.231146 0.002403 0.005631
0 0.818036 0.092421 0.003223 0.008307
0 0.799004 0.075717 0.005324 0.013354
0 0.096794 0.361992 0.005981 0.004702
0 0.134103 0.332984 0.003088 0.007706
0 0.102683 0.319476 0.002434 0.005506
0 0.114390 0.382545 0.005794 0.004691
0 0.109080 0.361964 0.005538 0.004434
0 0.121591 0.413769 0.003824 0.003936
0 0.128779 0.366855 0.004206 0.003611
0 0.128929 0.349269 0.004506 0.004568
0 0.101758 0.484419 0.005526 0.004380
0 0.103512 0.401570 0.005465 0.004047
0 0.120723 0.456998 0.004529 0.004449
0 0.198108 0.361871 0.005786 0.004551
0 0.218845 0.441349 0.002871 0.008216
0 0.102137 0.382484 0.005616 0.004836
0 0.134120 0.321106 0.003082 0.007712
0 0.097584 0.414573 0.003076 0.008655
0 0.130787 0.474632 0.003402 0.008113
0 0.135416 0.384741 0.002705 0.007600
0 0.133467 0.441235 0.003195 0.008398
0 0.288721 0.382561 0.005919 0.004574
0 0.188011 0.325851 0.002548 0.005403
0 0.274061 0.484953 0.005604 0.004725
0 0.202244 0.382484 0.005850 0.004848
0 0.184137 0.362043 0.005643 0.004554
0 0.305741 0.441355 0.003066 0.008188
0 0.266255 0.331787 0.004625 0.003699
0 0.300998 0.349286 0.003922 0.002562
0 0.301250 0.366996 0.004023 0.004127
0 0.293305 0.455838 0.003822 0.004266
0 0.293808 0.413941 0.004224 0.003557
0 0.206219 0.456121 0.004222 0.003984
0 0.206571 0.414085 0.004122 0.005264
0 0.285100 0.361869 0.006021 0.004480
0 0.274944 0.325806 0.002442 0.005497
0 0.352162 0.494744 0.002192 0.005492
0 0.191433 0.399437 0.006001 0.004637
0 0.179333 0.332311 0.004025 0.003802
0 0.306297 0.333163 0.003131 0.008219
0 0.269982 0.414729 0.003199 0.008529
0 0.220945 0.384648 0.002933 0.007717
0 0.307784 0.383968 0.002804 0.008205
0 0.273666 0.361946 0.005834 0.004662
0 0.281397 0.279667 0.003467 0.008247
0 0.250696 0.279618 0.003314 0.008264
0 0.187168 0.484895 0.005826 0.004859
0 0.445446 0.287924 0.005554 0.004380
0 0.509682 0.349082 0.003308 0.007905
0 0.471512 0.363035 0.002983 0.008310
0 0.277871 0.399550 0.005943 0.004782
0 0.190149 0.382449 0.005915 0.004699
0 0.219578 0.321009 0.002842 0.007626
0 0.213912 0.349427 0.004323 0.003129
0 0.214164 0.367210 0.004424 0.003414
0 0.303096 0.475174 0.003203 0.007851
0 0.276449 0.382407 0.005639 0.004973
0 0.306396 0.321148 0.003058 0.007529
0 0.219523 0.333160 0.002925 0.008105
0 0.216211 0.475237 0.003014 0.007749
0 0.183021 0.414600 0.003020 0.008698
0 0.675780 0.489042 0.002151 0.005152
0 0.577655 0.283718 0.003022 0.008148
0 0.361189 0.501233 0.004927 0.003839
0 0.353259 0.334225 0.002244 0.007515
0 0.471399 0.488276 0.003124 0.008242
0 0.471503 0.375514 0.003002 0.008133
0 0.416536 0.389954 0.005207 0.013371
0 0.471407 0.477220 0.002992 0.008193
0 0.353248 0.320583 0.002226 0.007657
0 0.416500 0.485718 0.005324 0.013779
0 0.797776 0.403083 0.003219 0.007968
0 0.764578 0.257531 0.003129 0.008330
0 0.738231 0.337806 0.003388 0.008396
0 0.797790 0.415650 0.003207 0.008330
0 0.875786 0.416573 0.003171 0.008359
0 0.870297 0.269899 0.003112 0.007771
0 0.870323 0.257504 0.003181 0.008464
0 0.764524 0.270020 0.003032 0.007865
0 0.721595 0.494067 0.003135 0.007848
0 0.763138 0.321644 0.002798 0.007979
0 0.743993 0.483115 0.005766 0.004600
0 0.763178 0.308756 0.002726 0.008267
0 0.928505 0.416523 0.003191 0.008464
0 0.904231 0.349584 0.003145 0.007905
0 0.738256 0.350436 0.003415 0.008903
0 0.775472 0.305879 0.005860 0.004782
0 0.862131 0.323485 0.002526 0.005158
0 0.804431 0.323574 0.002778 0.005740
0 0.875752 0.400323 0.002959 0.008182
0 0.893408 0.320009 0.003531 0.008424
0 0.115446 0.559249 0.005739 0.004734
0 0.103151 0.503661 0.005770 0.005081
0 0.165425 0.742937 0.005939 0.004654
0 0.174426 0.627888 0.005770 0.004377
0 0.149934 0.604236 0.002804 0.007977
0 0.884390 0.408175 0.005858 0.004523
0 0.893491 0.307115 0.003376 0.008353
0 0.904193 0.337978 0.003233 0.007988
0 0.928574 0.429034 0.003215 0.007928
0 0.251830 0.709137 0.003270 0.008225
0 0.202291 0.671869 0.005973 0.004970
0 0.253439 0.545467 0.003078 0.007743
0 0.194184 0.679980 0.003102 0.008133
0 0.254075 0.528716 0.004508 0.003400
0 0.191947 0.725239 0.004083 0.004426
0 0.191990 0.713990 0.004170 0.004058
0 0.191990 0.702556 0.004347 0.004303
0 0.167247 0.696213 0.009067 0.006965
0 0.106872 0.745875 0.003261 0.008267
0 0.279779 0.661060 0.003552 0.008390
0 0.276732 0.709082 0.003078 0.008093
0 0.287601 0.597863 0.005616 0.004554
0 0.242273 0.739746 0.003298 0.008236
0 0.326745 0.699071 0.005121 0.013098
0 0.253431 0.558852 0.003046 0.007985
0 0.200907 0.576580 0.005701 0.004873
0 0.200254 0.635331 0.008755 0.006529
0 0.341564 0.786879 0.004249 0.006030
0 0.502300 0.709838 0.003415 0.008156
0 0.439885 0.582495 0.011088 0.008290
0 0.366354 0.546191 0.002792 0.005326
0 0.396421 0.526005 0.005755 0.004691
0 0.360895 0.568814 0.002895 0.008458
0 0.379078 0.707125 0.003177 0.008236
0 0.438210 0.689206 0.003717 0.008136
0 0.360861 0.582129 0.002778 0.007638
0 0.466017 0.709801 0.003429 0.008179
0 0.375379 0.552070 0.004480 0.003673
0 0.245944 0.522451 0.002339 0.005517
0 0.275430 0.504037 0.005933 0.004443
0 0.380594 0.526047 0.003481 0.004406
0 0.679488 0.642328 0.002252 0.005512
0 0.675865 0.704922 0.003088 0.007865
0 0.675924 0.692599 0.003076 0.007843
0 0.644805 0.635402 0.003074 0.008279
0 0.675890 0.552940 0.003155 0.008547
0 0.675784 0.628693 0.002212 0.005526
0 0.439935 0.616955 0.011158 0.008421
0 0.746528 0.566723 0.006025 0.004771
0 0.838935 0.766468 0.002975 0.007720
0 0.746482 0.706076 0.005772 0.004719
0 0.754089 0.575559 0.002945 0.008233
0 0.678701 0.768779 0.002619 0.005834
0 0.658499 0.729045 0.005741 0.004355
0 0.700186 0.531275 0.002407 0.005355
0 0.733576 0.617311 0.001825 0.004933
0 0.721554 0.633539 0.003020 0.007877
0 0.700167 0.670721 0.002583 0.005483
0 0.641461 0.728954 0.005568 0.004337
0 0.679522 0.502960 0.002323 0.005611
0 0.675920 0.565483 0.003072 0.008082
0 0.735969 0.756643 0.006124 0.004964
0 0.784096 0.532320 0.002480 0.005420
0 0.783894 0.671867 0.002703 0.005312
0 0.833073 0.742023 0.002480 0.004463
0 0.728419 0.671304 0.003380 0.005526
0 0.715762 0.670932 0.002855 0.006059
0 0.727929 0.532217 0.002780 0.005534
0 0.715805 0.531603 0.002693 0.006763
0 0.706113 0.691696 0.003241 0.007883
0 0.838972 0.779926 0.002879 0.008150
0 0.836406 0.696191 0.003118 0.008142
0 0.839119 0.642241 0.003133 0.008427
0 0.735676 0.617476 0.006033 0.004962
0 0.839088 0.629034 0.003286 0.008504
0 0.763326 0.550825 0.003239 0.008604
0 0.790934 0.566180 0.002971 0.008091
0 0.841169 0.748423 0.003886 0.003303
0 0.754102 0.684912 0.003034 0.008227
0 0.833302 0.604122 0.002067 0.005281
0 0.873242 0.564635 0.006086 0.004905
0 0.796900 0.555292 0.005983 0.004246
0 0.836418 0.683834 0.003094 0.008256
0 0.790972 0.705550 0.003052 0.008307
0 0.796955 0.694836 0.005598 0.004583
0 0.841075 0.610862 0.003854 0.002972
0 0.754128 0.714903 0.002949 0.008091
0 0.706138 0.552196 0.003219 0.008336
0 0.706141 0.564580 0.003209 0.008093
0 0.706132 0.704042 0.003239 0.007623
0 0.836577 0.559332 0.003405 0.008170
0 0.763355 0.690108 0.003193 0.008310
0 0.291147 0.770158 0.005079 0.013089
0 0.315750 0.767984 0.004635 0.012462
0 0.341712 0.790326 0.004561 0.012913
0 0.347036 0.778126 0.002895 0.008068
0 0.922995 0.501183 0.004873 0.004070
0 0.933404 0.612508 0.010699 0.008304
0 0.916516 0.705549 0.003120 0.008219
0 0.933416 0.639758 0.010534 0.008048
0 0.922834 0.525993 0.004714 0.004634
0 0.916545 0.692777 0.002889 0.008119
0 0.949481 0.733474 0.003290 0.008156
0 0.949502 0.747006 0.003239 0.008495
0 0.836593 0.546433 0.003481 0.008689
0 0.754102 0.545630 0.002917 0.008324
0 0.682668 0.782930 0.002383 0.005477
0 0.728234 0.811907 0.002867 0.005038
0 0.700162 0.811168 0.002520 0.006025
0 0.715988 0.811056 0.002577 0.005588
0 0.373160 0.796587 0.004905 0.013055
0 0.393409 0.796537 0.004782 0.012807
0 0.410488 0.756798 0.003102 0.008279
0 0.463539 0.796518 0.005093 0.013212
0 0.378013 0.768418 0.003185 0.008282
0 0.414279 0.796545 0.005012 0.013021
0 0.523324 0.756767 0.003304 0.008273
0 0.421498 0.810207 0.003229 0.007999
0 0.443206 0.796610 0.004849 0.013061
0 0.346614 0.759406 0.003002 0.007994
0 0.369615 0.112032 0.003090 0.007164
0 0.392374 0.139275 0.005272 0.005155
0 0.529715 0.283869 0.003290 0.008074
0 0.499564 0.263974 0.003004 0.008313
0 0.489702 0.223920 0.004259 0.004551
0 0.483879 0.219310 0.004261 0.003443
0 0.483967 0.182301 0.004259 0.003936
0 0.489789 0.177260 0.004780 0.003691
0 0.399914 0.279688 0.003733 0.008302
0 0.236381 0.139709 0.005381 0.004936
0 0.278749 0.112063 0.003195 0.007073
0 0.371763 0.033675 0.002796 0.007606
0 0.348121 0.048376 0.003298 0.008470
0 0.187678 0.287543 0.003419 0.008481
0 0.300179 0.139278 0.005338 0.005207
0 0.706312 0.844645 0.002935 0.007626
0 0.843677 0.866408 0.003632 0.003349
0 0.706315 0.832204 0.002865 0.008102
0 0.873462 0.792988 0.005755 0.004557
0 0.721828 0.773909 0.003032 0.008341
0 0.837620 0.836926 0.003129 0.007720
0 0.746561 0.846706 0.006011 0.004822
0 0.830781 0.884273 0.002903 0.008336
0 0.830818 0.897026 0.002776 0.008256
0 0.949487 0.749098 0.003036 0.003748
0 0.142343 0.139741 0.005447 0.004885
35 0.123040 0.139506 0.014537 0.010051
35 0.227931 0.154137 0.006624 0.021513
35 0.318738 0.106101 0.006509 0.019641
35 0.318737 0.153475 0.006398 0.020693
35 0.216585 0.154144 0.006563 0.021391
35 0.308580 0.153266 0.007047 0.021037
35 0.308843 0.109618 0.006880 0.026480
35 0.400626 0.153510 0.006561 0.021069
35 0.411838 0.153474 0.006396 0.021060
35 0.502679 0.139295 0.014533 0.009812
35 0.843205 0.093752 0.006737 0.020362
35 0.912719 0.153732 0.006739 0.020465
35 0.161454 0.332271 0.015048 0.009644
35 0.075923 0.325846 0.014831 0.010467
35 0.175433 0.399810 0.014222 0.008005
35 0.187667 0.266966 0.006990 0.021040
35 0.262228 0.399779 0.015117 0.007925
35 0.249137 0.332136 0.015232 0.009481
35 0.378461 0.500831 0.014891 0.010023
35 0.354223 0.353113 0.004176 0.021679
35 0.431125 0.288256 0.014547 0.008777
35 0.393955 0.451471 0.006654 0.021243
35 0.678968 0.313655 0.006783 0.021154
35 0.676046 0.471842 0.006700 0.020955
35 0.875670 0.432048 0.006545 0.021547
35 0.797683 0.431114 0.006499 0.020370
35 0.898506 0.408320 0.014474 0.008142
35 0.928620 0.444806 0.006414 0.020573
35 0.087589 0.503691 0.014976 0.009843
35 0.148820 0.742877 0.014819 0.009635
35 0.149914 0.628008 0.014595 0.009097
35 0.142625 0.695918 0.015016 0.009761
35 0.172903 0.504360 0.014432 0.009701
35 0.218043 0.672251 0.014591 0.008817
35 0.224844 0.634877 0.014611 0.009430
35 0.266524 0.529285 0.014571 0.009507
35 0.203045 0.785023 0.006509 0.009772
35 0.259913 0.504457 0.014811 0.009866
35 0.347897 0.685469 0.014621 0.009781
35 0.348028 0.674380 0.014694 0.009769
35 0.389240 0.551724 0.014438 0.008612
35 0.461395 0.582586 0.014587 0.009840
35 0.461519 0.616753 0.015024 0.009920
35 0.474262 0.679936 0.014668 0.009652
35 0.472310 0.747690 0.014196 0.008353
35 0.489001 0.747677 0.013562 0.008373
35 0.675971 0.611528 0.006741 0.020912
35 0.729833 0.566882 0.009226 0.007894
35 0.577254 0.603014 0.015141 0.010011
35 0.624044 0.728616 0.013781 0.009282
35 0.853199 0.731968 0.006128 0.021331
35 0.790725 0.721751 0.006386 0.021593
35 0.790733 0.582139 0.006604 0.021348
35 0.963774 0.719627 0.014623 0.009268
35 0.956290 0.612455 0.014893 0.008980
35 0.894425 0.564460 0.014345 0.009746
35 0.955955 0.640247 0.015439 0.010068
35 0.202876 0.790825 0.006791 0.021673
35 0.341754 0.820198 0.006714 0.021319
35 0.315773 0.792472 0.006807 0.021359
35 0.245210 0.834518 0.014686 0.010011
35 0.291033 0.800188 0.006970 0.020901
35 0.393499 0.816442 0.006539 0.021080
35 0.373172 0.816783 0.006666 0.021300
35 0.414241 0.816726 0.006193 0.020581
35 0.443283 0.816624 0.006473 0.020829
35 0.463552 0.816723 0.006712 0.021020
35 0.730017 0.846687 0.008862 0.007846
35 0.678956 0.755295 0.006785 0.016147
35 0.791116 0.861837 0.006495 0.021730
35 0.859846 0.866284 0.014974 0.008743
35 0.894433 0.792670 0.017008 0.010151
34 0.782885 0.845922 0.013239 0.011946
34 0.797462 0.807860 0.013328 0.012026
34 0.899598 0.825033 0.008765 0.005460
34 0.784059 0.793622 0.015024 0.012442
34 0.772979 0.803498 0.015951 0.019718
34 0.840122 0.896522 0.014660 0.011100
34 0.744610 0.826153 0.014801 0.011604
34 0.784944 0.824080 0.003961 0.009909
34 0.844619 0.859476 0.013892 0.011456
34 0.745071 0.855529 0.014295 0.010932
34 0.824890 0.802696 0.012996 0.011502
34 0.847009 0.837204 0.014760 0.011570
34 0.847217 0.824830 0.014873 0.011029
34 0.175521 0.212327 0.015336 0.012194
34 0.176417 0.186925 0.030498 0.027022
34 0.163690 0.156734 0.013628 0.012186
34 0.155596 0.108809 0.013618 0.011667
34 0.142235 0.131194 0.013910 0.011713
34 0.131923 0.208819 0.014829 0.012063
34 0.133595 0.191637 0.014595 0.013158
34 0.103120 0.140720 0.025608 0.019108
34 0.326963 0.127411 0.014849 0.018738
34 0.236104 0.131465 0.013167 0.011234
34 0.346605 0.156743 0.013592 0.012334
34 0.255780 0.156767 0.013691 0.012120
34 0.337081 0.075178 0.014122 0.011148
35 0.853515 0.595878 0.007595 0.021627
0 0.188560 0.504030 0.005641 0.004434
33 0.143747 0.208253 0.008840 0.019253
34 0.108657 0.436696 0.015026 0.019005
34 0.137295 0.742033 0.008308 0.009003
34 0.282956 0.325537 0.014672 0.012254
34 0.440375 0.130231 0.014142 0.017754
35 0.732317 0.706025 0.014319 0.008504
33 0.784903 0.805014 0.007002 0.010046
33 0.784075 0.664111 0.006805 0.009630
