34 0.458772 0.589516 0.007967 0.019977
34 0.408365 0.720620 0.008064 0.019553
34 0.367671 0.740393 0.012812 0.010966
34 0.465980 0.760076 0.012520 0.010838
34 0.441354 0.786594 0.012357 0.006748
34 0.465778 0.729664 0.012425 0.011696
34 0.215043 0.613578 0.025514 0.020573
34 0.615915 0.696134 0.043167 0.031909
34 0.611540 0.628424 0.007238 0.023739
34 0.558989 0.630073 0.024899 0.021730
34 0.570587 0.679380 0.008108 0.018071
34 0.553567 0.657932 0.013229 0.011362
34 0.570796 0.753636 0.007990 0.018170
34 0.388644 0.661697 0.024803 0.020425
34 0.463255 0.657526 0.043348 0.034186
34 0.408421 0.684226 0.008034 0.017709
34 0.490376 0.700416 0.025240 0.021545
34 0.464063 0.548081 0.080576 0.044089
34 0.825525 0.581803 0.007472 0.017860
34 0.825375 0.534712 0.007760 0.018093
34 0.825311 0.665835 0.007931 0.017997
34 0.763623 0.729041 0.013713 0.012303
34 0.813546 0.505517 0.013272 0.011205
34 0.558481 0.705365 0.025214 0.021223
34 0.599531 0.593245 0.024847 0.020886
34 0.591838 0.565373 0.024833 0.020522
34 0.676789 0.706562 0.025870 0.020744
34 0.548173 0.729726 0.013376 0.011251
34 0.687311 0.513417 0.025145 0.021243
34 0.285978 0.794600 0.025381 0.021174
34 0.143165 0.799675 0.025701 0.021909
34 0.065133 0.763571 0.025101 0.021510
34 0.159556 0.771557 0.007810 0.018008
34 0.114180 0.906355 0.029589 0.016307
34 0.114911 0.876077 0.030314 0.016828
34 0.905331 0.612163 0.043411 0.023893
34 0.905506 0.736247 0.043687 0.023830
34 0.870769 0.568910 0.047125 0.033454
34 0.720240 0.715549 0.025721 0.020855
34 0.813200 0.559684 0.025260 0.021345
34 0.870513 0.692911 0.047407 0.034771
34 0.193539 0.101523 0.024009 0.021166
34 0.193677 0.173313 0.023918 0.020903
34 0.290687 0.173017 0.023811 0.020846
34 0.369713 0.222364 0.008120 0.018213
34 0.291573 0.143232 0.024182 0.021111
34 0.357335 0.155928 0.024621 0.020952
34 0.204842 0.125016 0.007673 0.023477
34 0.187394 0.138800 0.012810 0.010704
34 0.302594 0.100955 0.007536 0.023716
34 0.263977 0.237573 0.008010 0.018652
34 0.285178 0.113376 0.012955 0.011163
34 0.208469 0.253940 0.046100 0.045275
34 0.306460 0.253474 0.047073 0.045158
34 0.305397 0.037774 0.039948 0.032043
34 0.119636 0.254404 0.046884 0.044659
34 0.118310 0.037722 0.039557 0.032491
34 0.741237 0.846976 0.013280 0.011781
34 0.825565 0.768232 0.007500 0.017974
34 0.809100 0.796193 0.025568 0.021584
34 0.963029 0.904453 0.029398 0.015762
34 0.963605 0.875899 0.031166 0.017600
34 0.166272 0.237639 0.007996 0.018396
33 0.474290 0.420482 0.018656 0.015645
17 0.464470 0.339671 0.024803 0.037786
17 0.164323 0.738367 0.023848 0.035423
17 0.307003 0.716606 0.025280 0.035759
17 0.829960 0.612529 0.025278 0.037449
17 0.575075 0.781680 0.024565 0.036435
6 0.464360 0.387008 0.005763 0.008156
6 0.464175 0.446469 0.006336 0.007979
6 0.464509 0.394390 0.006263 0.008017
6 0.464261 0.453518 0.006362 0.007874
6 0.164155 0.540054 0.006823 0.008276
6 0.085901 0.632665 0.005848 0.007997
6 0.307011 0.540026 0.006187 0.007558
6 0.413859 0.704085 0.006505 0.008039
5 0.214935 0.634488 0.013213 0.022650
5 0.384093 0.634292 0.012808 0.022565
5 0.526651 0.665834 0.012935 0.022685
5 0.721167 0.737086 0.013640 0.023075
5 0.164678 0.798712 0.017550 0.017868
5 0.086199 0.762824 0.017595 0.017504
5 0.307271 0.794273 0.017452 0.017107
5 0.575676 0.842163 0.017359 0.017914
5 0.830760 0.796093 0.017911 0.017840
4 0.417990 0.143588 0.015919 0.022257
4 0.507754 0.143564 0.018364 0.021593
4 0.245463 0.518643 0.015286 0.022605
4 0.344439 0.481264 0.016424 0.022311
3 0.507669 0.172854 0.016205 0.021946
3 0.418233 0.172877 0.016301 0.021855
3 0.696768 0.152541 0.016239 0.021952
3 0.609766 0.152610 0.016471 0.022103
3 0.871227 0.152536 0.016463 0.021961
3 0.783918 0.152561 0.016064 0.021895
3 0.958556 0.152543 0.016595 0.022226
3 0.246155 0.481231 0.016912 0.021938
3 0.867866 0.360486 0.016912 0.022026
3 0.957579 0.360473 0.016410 0.021510
3 0.246041 0.518799 0.016785 0.022260
3 0.344903 0.518765 0.016849 0.021964
3 0.613174 0.565155 0.016432 0.021909
1 0.120252 0.101228 0.007518 0.021168
1 0.307529 0.143099 0.007851 0.021337
1 0.209635 0.101225 0.007667 0.020969
1 0.616403 0.593029 0.007726 0.020952
0 0.120214 0.172854 0.007538 0.020966
0 0.171074 0.180834 0.007498 0.021285
0 0.081615 0.180892 0.007851 0.021157
0 0.081619 0.211156 0.007830 0.021399
0 0.171151 0.211201 0.007637 0.021485
0 0.209580 0.172994 0.007746 0.020858
0 0.268912 0.180903 0.008010 0.021168
0 0.268935 0.211190 0.007963 0.021428
0 0.307453 0.172887 0.008044 0.020975
0 0.374725 0.156348 0.008604 0.022146
0 0.464301 0.156376 0.008304 0.021787
0 0.567787 0.160440 0.008088 0.021508
0 0.655036 0.160463 0.008122 0.021490
0 0.742332 0.160512 0.008257 0.021616
0 0.829585 0.160503 0.008336 0.021690
0 0.916659 0.160527 0.007701 0.021368
0 0.464301 0.475531 0.008127 0.021607
0 0.708186 0.383229 0.007830 0.021778
0 0.830055 0.453420 0.007911 0.021915
0 0.780900 0.382623 0.007929 0.020727
0 0.753468 0.359446 0.014849 0.011328
0 0.919922 0.453398 0.007830 0.021570
0 0.164080 0.665137 0.008141 0.021964
0 0.164111 0.596366 0.008137 0.021852
0 0.085795 0.704588 0.007355 0.021368
0 0.306951 0.596238 0.007967 0.021499
0 0.306932 0.664939 0.007728 0.021419
0 0.575434 0.629696 0.007903 0.021257
0 0.575359 0.705268 0.007820 0.021325
0 0.830107 0.559558 0.007643 0.021054
35 0.205084 0.070541 0.002403 0.031707
35 0.205017 0.212646 0.002536 0.033500
35 0.120255 0.070497 0.011585 0.032776
35 0.120163 0.213407 0.012002 0.034166
35 0.209648 0.070408 0.011340 0.032533
35 0.307526 0.070355 0.010898 0.032736
35 0.209650 0.213416 0.011682 0.033899
35 0.307586 0.213591 0.011376 0.033793
35 0.510811 0.070285 0.011267 0.032796
35 0.510824 0.213280 0.011543 0.033827
35 0.421263 0.070311 0.011269 0.032870
35 0.421340 0.213233 0.011334 0.033671
35 0.612959 0.192941 0.011366 0.033497
35 0.700117 0.192870 0.011583 0.033542
5 0.708962 0.513366 0.016996 0.017276
17 0.830233 0.734769 0.025212 0.033625
17 0.708304 0.445036 0.024545 0.036084
34 0.706948 0.594208 0.073163 0.054714
34 0.650554 0.783021 0.043344 0.024554
34 0.121660 0.501532 0.044589 0.045241
34 0.192060 0.401442 0.044031 0.032665
34 0.194054 0.299282 0.177162 0.023220
34 0.424612 0.928779 0.176017 0.027452
34 0.553662 0.842318 0.024061 0.022003
35 0.707967 0.550261 0.012429 0.035620
35 0.612967 0.070621 0.011229 0.032608
35 0.700179 0.070616 0.011600 0.032642
35 0.874477 0.070537 0.010864 0.032502
35 0.787360 0.070675 0.011203 0.032505
35 0.874544 0.192885 0.010953 0.033232
35 0.787334 0.192846 0.011368 0.033380
35 0.780896 0.288035 0.010890 0.007526
35 0.961700 0.192927 0.011386 0.033377
35 0.961715 0.070617 0.011247 0.032388
35 0.193760 0.367364 0.011408 0.034124
35 0.249542 0.389969 0.011771 0.032744
35 0.347907 0.390026 0.011503 0.032813
35 0.503413 0.330638 0.027377 0.016369
35 0.504231 0.348472 0.027343 0.015822
35 0.669166 0.436223 0.027272 0.016515
35 0.780822 0.300426 0.010995 0.033340
35 0.668359 0.454232 0.026839 0.016016
35 0.871071 0.326204 0.011150 0.032682
35 0.780824 0.422750 0.011180 0.033736
35 0.871065 0.433337 0.011303 0.033554
35 0.960828 0.433468 0.011221 0.033639
35 0.960855 0.326309 0.011106 0.032836
35 0.121963 0.539719 0.011654 0.033152
35 0.198221 0.747756 0.016128 0.015329
35 0.121924 0.694165 0.012047 0.033585
35 0.347882 0.563155 0.011456 0.033668
35 0.346005 0.708111 0.027313 0.016244
35 0.203099 0.730103 0.027395 0.016392
35 0.346617 0.726160 0.027387 0.016139
35 0.249538 0.563213 0.011871 0.033847
35 0.356196 0.726290 0.008120 0.016141
35 0.355853 0.708746 0.007407 0.015725
35 0.464277 0.623974 0.011378 0.033750
35 0.616304 0.523264 0.011291 0.032907
35 0.616281 0.663467 0.011467 0.034109
35 0.869096 0.602863 0.027278 0.015797
35 0.869871 0.620724 0.027293 0.016449
35 0.869733 0.744669 0.027290 0.016213
35 0.869123 0.726687 0.027355 0.016275
35 0.203705 0.751649 0.027188 0.008854
35 0.324852 0.966704 0.023797 0.016708
35 0.413793 0.831247 0.011595 0.034839
35 0.476384 0.794974 0.023932 0.017620
35 0.615016 0.790610 0.027691 0.016404
35 0.614477 0.772771 0.027460 0.015905
34 0.653289 0.870636 0.007806 0.018096
34 0.615831 0.822638 0.047307 0.032930
34 0.413379 0.864755 0.061251 0.033186
34 0.508028 0.795004 0.036354 0.021875
34 0.347329 0.966600 0.020540 0.021499
34 0.298678 0.959885 0.013876 0.011043
34 0.154048 0.181181 0.024120 0.020675
34 0.065144 0.211103 0.024913 0.020798
34 0.064257 0.180889 0.023638 0.020866
34 0.104380 0.101285 0.023481 0.020975
34 0.154417 0.211563 0.025135 0.021587
34 0.104824 0.173106 0.022915 0.020826
34 0.115451 0.124889 0.007534 0.023440
34 0.076690 0.237599 0.008102 0.018635
34 0.097902 0.138826 0.012927 0.010955
34 0.570854 0.814404 0.007917 0.018071
34 0.419081 0.240952 0.046608 0.022257
34 0.508466 0.241862 0.046771 0.022881
34 0.397686 0.172438 0.024075 0.020818
34 0.397707 0.143643 0.024287 0.021177
34 0.446772 0.156404 0.025554 0.020735
34 0.509123 0.037941 0.029369 0.032382
34 0.419667 0.037783 0.029023 0.032351
34 0.416612 0.100510 0.007369 0.023625
34 0.459461 0.222573 0.008008 0.017561
34 0.487175 0.114176 0.013036 0.011203
34 0.397732 0.114218 0.013046 0.011177
34 0.207592 0.037870 0.040171 0.032354
34 0.251796 0.211183 0.025159 0.020997
34 0.251304 0.180952 0.024373 0.020889
34 0.676321 0.231458 0.013169 0.011602
34 0.562841 0.199471 0.008189 0.017957
34 0.587470 0.231399 0.012981 0.011964
34 0.590452 0.118257 0.013072 0.011379
34 0.677795 0.118314 0.013032 0.011419
34 0.612398 0.218948 0.029668 0.019265
34 0.695337 0.104293 0.007633 0.023770
34 0.699473 0.219075 0.030292 0.019917
34 0.589513 0.152405 0.024011 0.020650
34 0.608025 0.104209 0.007665 0.023836
34 0.506151 0.100527 0.007826 0.023682
34 0.487084 0.143803 0.025236 0.020863
34 0.486966 0.173098 0.024960 0.020826
34 0.737200 0.199125 0.008135 0.018700
34 0.763911 0.152387 0.024643 0.020710
34 0.850984 0.152345 0.024474 0.020655
34 0.811912 0.160164 0.025052 0.020556
34 0.872830 0.038498 0.048098 0.031365
34 0.550377 0.160211 0.024577 0.020815
34 0.723358 0.160197 0.022260 0.021077
34 0.650050 0.199094 0.008215 0.018569
34 0.698359 0.038596 0.048141 0.031465
34 0.611212 0.038431 0.047516 0.031339
34 0.637229 0.160597 0.025312 0.020499
34 0.676485 0.152739 0.024593 0.020211
34 0.959865 0.284648 0.030886 0.014346
34 0.898875 0.231382 0.013157 0.011713
34 0.939452 0.118239 0.012998 0.011354
34 0.727919 0.231449 0.012591 0.011944
34 0.809973 0.231445 0.013185 0.011519
34 0.852133 0.118297 0.012961 0.011186
34 0.765108 0.118260 0.013040 0.011214
34 0.709279 0.218973 0.010016 0.019769
34 0.785741 0.218065 0.030342 0.018763
34 0.869714 0.104285 0.007591 0.023953
34 0.782488 0.104282 0.007393 0.024095
34 0.869868 0.284719 0.030768 0.014203
34 0.872449 0.218098 0.030570 0.018863
34 0.824533 0.199266 0.008143 0.018316
34 0.785747 0.038423 0.047748 0.031864
34 0.348243 0.352395 0.045721 0.044916
34 0.884052 0.218018 0.007427 0.018840
34 0.960139 0.038390 0.047595 0.031547
34 0.938185 0.152294 0.024895 0.020815
34 0.960292 0.218823 0.030802 0.019749
34 0.899147 0.160194 0.025465 0.021060
34 0.957035 0.104268 0.007724 0.024021
34 0.911704 0.199089 0.008610 0.019005
34 0.459615 0.497618 0.007712 0.017954
34 0.509623 0.251106 0.047595 0.004064
34 0.248650 0.352817 0.044597 0.044272
34 0.323491 0.481505 0.024355 0.021647
34 0.343014 0.423924 0.007671 0.023899
34 0.225033 0.481422 0.024692 0.020735
34 0.327779 0.444084 0.012959 0.011069
34 0.244738 0.424098 0.007744 0.024241
34 0.188326 0.334799 0.007990 0.019755
34 0.211570 0.444085 0.012851 0.011414
34 0.691959 0.382746 0.025022 0.021576
34 0.703435 0.298001 0.007752 0.018076
34 0.632848 0.445533 0.043717 0.023918
34 0.703462 0.488585 0.007673 0.018111
34 0.507781 0.287514 0.048064 0.033351
34 0.446788 0.474591 0.025163 0.021066
34 0.497326 0.420430 0.025703 0.022126
34 0.458635 0.420720 0.008096 0.020162
34 0.538164 0.339744 0.040510 0.024451
34 0.460035 0.368066 0.007697 0.017854
34 0.459301 0.308206 0.008183 0.017911
34 0.825371 0.410487 0.007889 0.018011
34 0.705797 0.297806 0.003052 0.018826
34 0.871320 0.465966 0.027365 0.030120
34 0.866339 0.402914 0.007794 0.023776
34 0.727607 0.352563 0.013231 0.011220
34 0.780742 0.448836 0.029551 0.018800
34 0.775987 0.334270 0.007454 0.023993
34 0.779144 0.267274 0.047913 0.031915
34 0.764859 0.382371 0.024106 0.020883
34 0.749354 0.481160 0.046916 0.034021
34 0.813230 0.453263 0.024116 0.020855
34 0.752974 0.343604 0.024865 0.021012
34 0.846540 0.360400 0.024531 0.021274
34 0.870119 0.293662 0.030967 0.032231
34 0.615163 0.490145 0.031148 0.032813
34 0.080965 0.665530 0.008364 0.018635
34 0.068919 0.704119 0.025296 0.021245
34 0.147277 0.664749 0.025163 0.020812
34 0.159404 0.565281 0.007627 0.017851
34 0.914972 0.410455 0.007663 0.018378
34 0.959921 0.293766 0.031172 0.032724
34 0.902836 0.453917 0.025028 0.020732
34 0.936304 0.360943 0.025079 0.021140
34 0.955930 0.402868 0.007411 0.023525
34 0.961214 0.466181 0.027842 0.030664
34 0.889669 0.483891 0.013088 0.010844
34 0.348021 0.598874 0.034684 0.043066
34 0.290022 0.664712 0.024839 0.020721
34 0.248629 0.595694 0.027307 0.032089
34 0.225047 0.519099 0.024865 0.021328
34 0.302227 0.767135 0.007855 0.017843
34 0.147263 0.596329 0.025199 0.020895
34 0.117149 0.642643 0.007659 0.024004
34 0.120361 0.727223 0.026358 0.031961
34 0.103233 0.594231 0.013131 0.011106
34 0.159545 0.696798 0.007736 0.018088
34 0.283762 0.740378 0.012947 0.010861
34 0.181776 0.626851 0.011416 0.011798
34 0.302191 0.687058 0.007806 0.018190
34 0.320575 0.626361 0.012935 0.011217
34 0.302040 0.565217 0.008084 0.018293
34 0.204678 0.696244 0.047583 0.033457
34 0.289932 0.596241 0.025101 0.020690
34 0.239358 0.739322 0.043338 0.023716
34 0.323498 0.518689 0.024438 0.021254
34 0.347561 0.674289 0.047162 0.033463
34 0.244581 0.661895 0.024992 0.021362
34 0.382573 0.613594 0.025568 0.021220
34 0.552197 0.705338 0.012448 0.021220
34 0.526728 0.644585 0.025874 0.021795
34 0.409094 0.780214 0.007625 0.019510
34 0.381838 0.717532 0.042581 0.023038
