34 0.693223 0.823410 0.031704 0.010821
34 0.651355 0.798507 0.015808 0.012972
34 0.664745 0.856033 0.030892 0.016922
34 0.630865 0.777935 0.030949 0.016600
35 0.126024 0.077930 0.008902 0.028119
35 0.475414 0.165740 0.008930 0.027877
35 0.565380 0.078056 0.008922 0.028076
35 0.143157 0.262097 0.008807 0.026047
35 0.126668 0.470899 0.010818 0.031864
35 0.322657 0.471167 0.010330 0.031607
35 0.242191 0.471151 0.010453 0.031542
35 0.438345 0.471083 0.010598 0.031160
35 0.631937 0.470969 0.009929 0.031388
35 0.594551 0.277803 0.008364 0.027803
35 0.715130 0.275301 0.008608 0.027900
35 0.827957 0.470956 0.010036 0.031556
35 0.747351 0.471211 0.010375 0.032055
35 0.943396 0.471070 0.010121 0.031539
35 0.911249 0.275524 0.008634 0.027635
35 0.475693 0.756121 0.008328 0.017800
35 0.664650 0.831364 0.009805 0.031231
35 0.691766 0.803739 0.008495 0.027506
35 0.631234 0.758839 0.008624 0.023235
35 0.808845 0.873695 0.010091 0.031402
35 0.781638 0.823659 0.008372 0.027757
35 0.748523 0.798595 0.008207 0.027381
34 0.174577 0.154949 0.015600 0.012536
34 0.132250 0.220724 0.015334 0.012562
34 0.132296 0.235410 0.015606 0.012918
34 0.105392 0.111228 0.015860 0.013844
34 0.174703 0.181978 0.015485 0.012209
34 0.105559 0.172049 0.015441 0.013121
34 0.147604 0.111936 0.015969 0.013642
34 0.126581 0.059081 0.032844 0.011288
34 0.139457 0.203539 0.006211 0.013856
34 0.351757 0.186973 0.012293 0.008829
34 0.199181 0.187545 0.013253 0.007561
34 0.199258 0.222850 0.015864 0.012391
34 0.182043 0.168042 0.005822 0.012915
34 0.206422 0.237196 0.005943 0.012693
34 0.395250 0.222763 0.014976 0.012405
34 0.476630 0.143036 0.031100 0.017296
34 0.471244 0.201657 0.006396 0.015335
34 0.402716 0.236404 0.006060 0.014631
34 0.545064 0.172119 0.016189 0.013112
34 0.704313 0.239989 0.017740 0.012442
34 0.568303 0.217989 0.010840 0.008843
34 0.635567 0.167467 0.005824 0.014015
34 0.583704 0.237449 0.016001 0.012454
34 0.544945 0.111247 0.016102 0.013807
34 0.590938 0.206176 0.006150 0.014061
34 0.587259 0.111788 0.016376 0.013750
34 0.682213 0.186496 0.013237 0.009555
34 0.566051 0.059005 0.032758 0.011120
34 0.627975 0.154882 0.016301 0.012744
34 0.628016 0.181951 0.016193 0.012405
34 0.856750 0.187117 0.012262 0.008410
34 0.900457 0.239954 0.017873 0.012579
34 0.162053 0.362542 0.006418 0.043579
34 0.150445 0.363223 0.007168 0.047968
34 0.139107 0.362618 0.006952 0.045851
34 0.127020 0.363450 0.008024 0.049937
34 0.141737 0.282605 0.033211 0.016609
34 0.746738 0.819960 0.034543 0.016404
34 0.128597 0.496496 0.022504 0.018481
34 0.148070 0.462281 0.006487 0.017427
34 0.113443 0.362395 0.007788 0.050861
34 0.322852 0.362176 0.006444 0.049835
34 0.205177 0.363242 0.007752 0.050302
34 0.216567 0.363638 0.006865 0.053351
34 0.228870 0.363807 0.005753 0.054825
34 0.241254 0.363638 0.006553 0.056292
34 0.254598 0.363638 0.007351 0.055386
34 0.184810 0.361376 0.017484 0.012887
34 0.310034 0.363492 0.006873 0.051254
34 0.334809 0.361872 0.006873 0.048418
34 0.346336 0.362378 0.005584 0.048621
34 0.324759 0.496614 0.022037 0.018729
34 0.344093 0.462357 0.006499 0.017481
34 0.226047 0.254688 0.006086 0.011228
34 0.243783 0.497073 0.023102 0.019356
34 0.209478 0.276441 0.034061 0.010641
34 0.436516 0.363511 0.007488 0.052209
34 0.425071 0.363207 0.006845 0.054326
34 0.412877 0.363435 0.006205 0.052662
34 0.380572 0.362149 0.019895 0.011650
34 0.358001 0.361845 0.007274 0.044944
34 0.422322 0.254746 0.005945 0.011345
34 0.439767 0.497022 0.022460 0.019362
34 0.471363 0.407350 0.006501 0.015680
34 0.405394 0.276297 0.034329 0.010199
34 0.450209 0.364117 0.008129 0.058259
34 0.653053 0.462315 0.006610 0.017506
34 0.634014 0.496626 0.022049 0.018387
34 0.689609 0.361448 0.019323 0.010385
34 0.670829 0.362935 0.003959 0.044035
34 0.658742 0.362028 0.004386 0.045851
34 0.646971 0.362558 0.004821 0.044791
34 0.634674 0.361724 0.004815 0.044337
34 0.622854 0.362330 0.005135 0.045549
34 0.594384 0.298817 0.030629 0.017452
34 0.745244 0.364131 0.006741 0.054326
34 0.733263 0.363527 0.007168 0.051904
34 0.721069 0.362690 0.008878 0.051456
34 0.710266 0.362763 0.006100 0.050405
34 0.849520 0.462348 0.006593 0.017441
34 0.829889 0.496489 0.022337 0.018547
34 0.748594 0.496952 0.022720 0.019649
34 0.731583 0.256414 0.005991 0.014679
34 0.814392 0.363594 0.009093 0.051462
34 0.827922 0.362652 0.007319 0.049578
34 0.840122 0.362338 0.006876 0.044557
34 0.851879 0.362495 0.005989 0.048011
34 0.862968 0.362652 0.006432 0.045184
34 0.884707 0.359357 0.022403 0.013494
34 0.759203 0.365038 0.007488 0.058262
34 0.929184 0.362890 0.007381 0.055235
34 0.941433 0.364252 0.007488 0.055537
34 0.926409 0.256298 0.006634 0.014409
34 0.906400 0.363344 0.007808 0.052206
34 0.944645 0.496995 0.022933 0.019746
34 0.910734 0.293948 0.033741 0.010872
34 0.955338 0.363723 0.008558 0.055688
34 0.918059 0.363799 0.006739 0.053115
34 0.121445 0.562060 0.015558 0.013149
34 0.142461 0.516694 0.010091 0.008498
34 0.338491 0.516775 0.010077 0.008524
34 0.317532 0.562116 0.015999 0.013055
34 0.248592 0.615695 0.011898 0.009624
34 0.486411 0.725507 0.016090 0.012776
34 0.514275 0.615965 0.013554 0.009587
34 0.486542 0.710815 0.016283 0.012465
34 0.620242 0.716408 0.015600 0.012291
34 0.647699 0.516734 0.010379 0.008521
34 0.626614 0.562130 0.016112 0.013186
34 0.661495 0.697277 0.010701 0.009373
34 0.592255 0.681869 0.010353 0.009535
34 0.677688 0.735730 0.010594 0.009396
34 0.677161 0.722221 0.009788 0.009071
34 0.620066 0.731294 0.015983 0.013303
34 0.687307 0.647937 0.006205 0.018832
34 0.829185 0.712984 0.021618 0.016871
34 0.744482 0.747509 0.006781 0.014762
34 0.830491 0.663517 0.015357 0.012915
34 0.784138 0.616183 0.013513 0.009327
34 0.804866 0.647760 0.006400 0.017914
34 0.790114 0.715702 0.010393 0.009347
0 0.209798 0.223135 0.004015 0.009895
0 0.185312 0.181964 0.004303 0.009929
0 0.185252 0.155274 0.004267 0.009464
0 0.143060 0.221150 0.004061 0.009761
1 0.811314 0.714185 0.013995 0.018088
1 0.693512 0.720157 0.013753 0.017749
1 0.630782 0.731592 0.005548 0.011265
1 0.475398 0.725614 0.004506 0.010499
1 0.594349 0.253230 0.004464 0.008313
1 0.594109 0.252388 0.006513 0.011604
1 0.143065 0.235457 0.004418 0.010385
3 0.811833 0.755835 0.014903 0.017227
3 0.746366 0.769993 0.008517 0.012035
3 0.779815 0.795050 0.008300 0.011536
3 0.694233 0.756431 0.015062 0.018418
3 0.662970 0.799387 0.008302 0.011428
5 0.920925 0.232794 0.007796 0.019165
5 0.724893 0.232484 0.008122 0.019553
5 0.543134 0.223069 0.009277 0.019983
5 0.415146 0.216379 0.006513 0.019456
5 0.219415 0.215866 0.007722 0.019114
6 0.767161 0.579879 0.005792 0.006825
6 0.849916 0.622714 0.006755 0.009897
6 0.809021 0.633977 0.005548 0.008535
6 0.660886 0.622219 0.005310 0.006187
6 0.691019 0.631163 0.005999 0.008720
6 0.351793 0.622353 0.005528 0.006221
6 0.152324 0.587753 0.004974 0.008153
6 0.713090 0.192941 0.006551 0.007239
6 0.638623 0.141290 0.005308 0.006483
0 0.405781 0.223055 0.004100 0.009895
0 0.638756 0.182063 0.004027 0.009838
0 0.594314 0.237677 0.004087 0.010151
0 0.638756 0.155231 0.004003 0.009367
0 0.714998 0.240241 0.003856 0.009806
0 0.909733 0.239751 0.001646 0.010103
0 0.911089 0.240194 0.003954 0.009877
0 0.132244 0.562364 0.004073 0.009755
0 0.328225 0.562355 0.004255 0.009624
0 0.475404 0.711090 0.004200 0.009738
0 0.637391 0.562354 0.004259 0.009746
0 0.630898 0.716432 0.004081 0.010077
0 0.767200 0.594249 0.004130 0.010219
0 0.833673 0.562347 0.004011 0.009544
34 0.907463 0.253775 0.006291 0.014075
34 0.711448 0.253320 0.006910 0.014477
34 0.713995 0.293551 0.035443 0.009929
34 0.537690 0.359671 0.036017 0.017256
34 0.583965 0.252160 0.016579 0.012784
35 0.406290 0.258588 0.008697 0.027065
35 0.210175 0.258129 0.008143 0.028142
34 0.401752 0.363435 0.007488 0.050541
25 0.885147 0.361318 0.163469 0.110610
25 0.689952 0.360819 0.163368 0.108472
25 0.536069 0.363423 0.090143 0.067598
25 0.378551 0.366754 0.163588 0.109330
25 0.184926 0.362657 0.166247 0.109510
6 0.215290 0.192831 0.005782 0.006523
6 0.185757 0.142143 0.005548 0.006144
21 0.833650 0.581864 0.011301 0.017749
21 0.637472 0.581979 0.010701 0.017558
21 0.328249 0.581952 0.011394 0.017686
21 0.132404 0.581892 0.011102 0.017726
33 0.816056 0.678418 0.012824 0.012494
33 0.801650 0.663645 0.010540 0.011508
33 0.816627 0.663317 0.011094 0.012425
33 0.558880 0.172632 0.011829 0.012360
33 0.573321 0.112593 0.011025 0.013132
33 0.558291 0.112244 0.010896 0.011379
33 0.555801 0.172754 0.005240 0.013602
33 0.135407 0.111696 0.009093 0.012551
33 0.119547 0.172600 0.012147 0.012343
33 0.118392 0.112317 0.009790 0.013024
34 0.830826 0.755467 0.022079 0.016492
34 0.714590 0.756456 0.020639 0.018470
34 0.779994 0.845162 0.034351 0.016708
34 0.767824 0.794229 0.015230 0.013400
34 0.734641 0.769336 0.015060 0.013611
34 0.796021 0.769627 0.010540 0.009176
34 0.809979 0.894355 0.033233 0.011354
34 0.843747 0.516596 0.010375 0.008763
34 0.790745 0.730452 0.010153 0.008928
34 0.830762 0.678491 0.015848 0.012525
34 0.714595 0.721396 0.020612 0.017925
34 0.755774 0.594414 0.015669 0.012454
34 0.822783 0.562002 0.016078 0.013146
34 0.763617 0.610443 0.005820 0.014132
34 0.788332 0.662831 0.015633 0.013078
34 0.476470 0.772972 0.034301 0.016597
34 0.661120 0.758186 0.006914 0.014451
