34 0.459753 0.642365 0.020808 0.015948
34 0.427765 0.448083 0.024200 0.009875
34 0.810970 0.448340 0.046847 0.010673
34 0.881921 0.449094 0.021094 0.007392
34 0.461886 0.499528 0.017526 0.013477
34 0.535827 0.627481 0.018390 0.014203
34 0.535909 0.652596 0.018231 0.013805
34 0.701584 0.500828 0.018511 0.013397
34 0.201997 0.927630 0.017077 0.013568
34 0.344070 0.286471 0.005526 0.019194
33 0.178203 0.325606 0.014666 0.013588
33 0.179627 0.303557 0.017514 0.015435
33 0.409874 0.502204 0.011799 0.012787
33 0.330575 0.752203 0.009845 0.021989
3 0.380957 0.708616 0.009400 0.013562
25 0.348922 0.452944 0.055242 0.060963
33 0.518699 0.177173 0.018695 0.013394
33 0.519409 0.202449 0.017750 0.014394
3 0.380643 0.759581 0.007301 0.015765
3 0.368091 0.736123 0.008592 0.013893
3 0.373136 0.104538 0.008612 0.013899
3 0.387134 0.079712 0.008032 0.014027
3 0.387054 0.122407 0.008040 0.014588
4 0.395397 0.735881 0.009879 0.015073
4 0.402509 0.104612 0.008507 0.013078
6 0.498697 0.683760 0.005169 0.007412
6 0.472450 0.684245 0.005165 0.006711
6 0.498748 0.156084 0.004841 0.006372
6 0.472449 0.156032 0.004877 0.006255
8 0.685025 0.634018 0.014418 0.016318
8 0.494651 0.652689 0.015528 0.016002
8 0.476352 0.652375 0.013529 0.014121
8 0.292299 0.634333 0.013529 0.016315
8 0.685248 0.196746 0.013086 0.016318
8 0.475909 0.177135 0.013086 0.014121
8 0.494984 0.177761 0.013973 0.014748
8 0.292409 0.197060 0.012421 0.013807
9 0.685136 0.617388 0.015083 0.011294
9 0.476241 0.626489 0.013308 0.011924
9 0.494318 0.627743 0.012645 0.011297
9 0.291966 0.617545 0.013751 0.012867
9 0.685026 0.214004 0.013086 0.013178
9 0.476130 0.202864 0.013086 0.010983
9 0.494318 0.203021 0.013975 0.010670
9 0.293074 0.213064 0.012421 0.012551
25 0.743436 0.453629 0.056823 0.062562
25 0.613815 0.452632 0.059130 0.060767
25 0.484891 0.448487 0.063437 0.054283
25 0.228450 0.452680 0.056162 0.063257
33 0.555923 0.944816 0.011527 0.013861
33 0.574272 0.938428 0.009414 0.026096
33 0.582264 0.845336 0.014988 0.016036
33 0.391864 0.927590 0.016988 0.013209
33 0.392363 0.950044 0.016628 0.012890
33 0.394579 0.842350 0.012288 0.013044
33 0.530970 0.844384 0.016332 0.013591
33 0.394842 0.906627 0.011912 0.014132
33 0.394457 0.885563 0.011912 0.013861
33 0.394072 0.864493 0.013834 0.013055
33 0.342994 0.864084 0.016773 0.012972
33 0.343286 0.950094 0.017063 0.013343
33 0.343454 0.927615 0.016932 0.013463
33 0.219315 0.927542 0.016861 0.013277
33 0.218600 0.842371 0.016330 0.012893
33 0.342965 0.842268 0.016640 0.012813
33 0.269209 0.842233 0.014994 0.012804
33 0.218934 0.950038 0.017051 0.012958
33 0.267689 0.927615 0.016849 0.013235
33 0.342614 0.885171 0.015594 0.013089
33 0.217690 0.885070 0.013995 0.012910
33 0.268279 0.950009 0.016791 0.012801
33 0.269447 0.906703 0.014422 0.012642
33 0.218741 0.864055 0.016450 0.012927
33 0.737869 0.556114 0.010544 0.013226
33 0.831191 0.514639 0.012909 0.013616
33 0.792053 0.543822 0.016422 0.013212
33 0.829757 0.543849 0.016021 0.013283
33 0.790266 0.514775 0.012885 0.013368
33 0.539018 0.555529 0.010763 0.013839
33 0.697148 0.515182 0.012254 0.013146
33 0.695504 0.544309 0.015898 0.013383
33 0.541825 0.533253 0.009178 0.013477
33 0.568750 0.555482 0.009841 0.013676
33 0.570838 0.533237 0.009255 0.013502
33 0.673507 0.593370 0.013944 0.013568
33 0.657982 0.544122 0.016215 0.013414
33 0.656104 0.515188 0.012506 0.013340
33 0.617386 0.555172 0.010522 0.013155
33 0.447733 0.652375 0.011303 0.013494
33 0.521915 0.627576 0.010155 0.013106
33 0.412782 0.551257 0.018300 0.013423
33 0.522462 0.652432 0.009114 0.013061
33 0.448069 0.627355 0.009498 0.013240
33 0.356412 0.541877 0.008550 0.014081
33 0.464874 0.672126 0.013479 0.013274
33 0.390701 0.520494 0.011023 0.013471
33 0.521959 0.510725 0.010361 0.025155
33 0.432897 0.538463 0.014218 0.013705
33 0.414810 0.700722 0.009788 0.020898
33 0.435074 0.515422 0.010087 0.013471
33 0.507265 0.571996 0.015494 0.013688
33 0.392303 0.559171 0.014154 0.013520
33 0.507285 0.594590 0.015695 0.013676
33 0.464038 0.571872 0.015111 0.013839
33 0.464091 0.594511 0.015048 0.013634
33 0.506434 0.672122 0.013961 0.013186
33 0.295311 0.595701 0.012371 0.013933
33 0.222692 0.524446 0.012000 0.013064
33 0.271963 0.520527 0.010997 0.013297
33 0.302641 0.537555 0.014190 0.013314
33 0.304447 0.520477 0.010635 0.013294
33 0.273785 0.537633 0.014468 0.013642
33 0.330555 0.700881 0.009756 0.021282
33 0.104932 0.537660 0.013900 0.013736
33 0.120685 0.526414 0.017720 0.013300
33 0.104666 0.514423 0.013662 0.013850
33 0.180224 0.537529 0.027949 0.016632
33 0.178587 0.514241 0.022649 0.014443
33 0.942372 0.325500 0.015586 0.013833
33 0.891571 0.302629 0.018872 0.013351
33 0.941241 0.302625 0.018255 0.013252
33 0.892727 0.325462 0.015961 0.013779
33 0.940163 0.279044 0.020185 0.013488
33 0.890717 0.278703 0.020584 0.013799
33 0.828598 0.279672 0.019964 0.015372
33 0.789005 0.297713 0.024178 0.015688
33 0.728237 0.491666 0.010298 0.018817
33 0.870428 0.403200 0.009676 0.013816
33 0.784873 0.475081 0.010294 0.017572
33 0.758798 0.415021 0.009341 0.021054
33 0.758996 0.491359 0.010163 0.019362
33 0.836191 0.385281 0.009102 0.013913
33 0.783653 0.368220 0.012166 0.013842
33 0.787420 0.321123 0.020719 0.013770
33 0.833258 0.348549 0.011396 0.013759
33 0.728457 0.415429 0.009376 0.020958
33 0.782383 0.392247 0.009690 0.013733
33 0.737776 0.364882 0.010963 0.013736
33 0.871975 0.368346 0.012689 0.014132
33 0.787160 0.344309 0.020121 0.014027
33 0.829777 0.302629 0.018362 0.013317
33 0.830853 0.325474 0.015848 0.013594
33 0.568796 0.279669 0.019740 0.018512
33 0.652774 0.344228 0.019464 0.014047
33 0.695648 0.302626 0.018419 0.013277
33 0.696863 0.325412 0.015995 0.013702
33 0.570801 0.325516 0.015852 0.013653
33 0.648377 0.321072 0.010784 0.013765
33 0.648536 0.297203 0.011162 0.013842
33 0.551518 0.476307 0.010107 0.018455
33 0.676943 0.476401 0.010123 0.018364
33 0.626496 0.490777 0.010038 0.020499
33 0.595652 0.490673 0.009905 0.020878
33 0.653694 0.321053 0.021392 0.013887
33 0.596172 0.415123 0.009597 0.020419
33 0.575974 0.385311 0.009422 0.013750
33 0.702226 0.385271 0.009210 0.013779
33 0.699144 0.348494 0.011168 0.013671
33 0.648407 0.392166 0.009678 0.013736
33 0.605441 0.364781 0.010866 0.013921
33 0.649488 0.368156 0.012027 0.013810
33 0.573318 0.348578 0.011297 0.013662
33 0.569937 0.302672 0.018048 0.013066
33 0.626681 0.415339 0.009531 0.021234
33 0.695119 0.279199 0.020850 0.016318
33 0.526476 0.321130 0.018427 0.013796
33 0.495205 0.447702 0.009093 0.015061
33 0.388123 0.325423 0.015836 0.013787
33 0.507109 0.255154 0.015629 0.012160
33 0.441346 0.368024 0.013473 0.013283
33 0.388920 0.302516 0.017438 0.013434
33 0.442222 0.392013 0.011261 0.013311
33 0.509401 0.482846 0.010425 0.020710
33 0.474538 0.448284 0.009228 0.012864
33 0.362755 0.415111 0.009474 0.021388
33 0.526259 0.297085 0.017965 0.012551
33 0.463389 0.255164 0.016533 0.012157
33 0.439416 0.344517 0.017385 0.013833
33 0.462338 0.414453 0.009200 0.018772
33 0.522607 0.392280 0.010020 0.013901
33 0.385664 0.348500 0.011227 0.013899
33 0.438005 0.321291 0.019390 0.013970
33 0.461897 0.482988 0.010207 0.019672
33 0.527045 0.344250 0.019815 0.014001
33 0.523679 0.368249 0.012383 0.013745
33 0.356400 0.366914 0.008521 0.014015
33 0.389439 0.278702 0.018874 0.013408
33 0.382936 0.385272 0.009909 0.013918
33 0.504962 0.415135 0.009343 0.019732
33 0.408644 0.474450 0.009718 0.013653
33 0.362802 0.491671 0.010153 0.019028
33 0.268619 0.325392 0.015578 0.013713
33 0.269563 0.302563 0.017458 0.013289
33 0.311470 0.367891 0.013201 0.013195
33 0.312425 0.392016 0.011128 0.013266
33 0.223352 0.364882 0.010858 0.013628
33 0.309260 0.344419 0.017734 0.013539
33 0.332294 0.415351 0.009269 0.020561
33 0.213848 0.415294 0.009762 0.020875
33 0.266341 0.348554 0.011126 0.013779
33 0.263678 0.385237 0.009500 0.013773
33 0.268360 0.278642 0.015471 0.013517
33 0.308074 0.321173 0.019702 0.013665
33 0.331980 0.490946 0.009903 0.020097
33 0.213793 0.490995 0.010177 0.020177
33 0.354775 0.537932 0.011388 0.005908
33 0.244524 0.414838 0.009486 0.020784
33 0.244617 0.491337 0.009899 0.019265
33 0.309379 0.476257 0.010425 0.019456
33 0.307160 0.297086 0.021515 0.014434
33 0.128249 0.420215 0.016064 0.013146
33 0.177284 0.490903 0.019984 0.014158
33 0.175715 0.348579 0.010927 0.013802
33 0.128870 0.397239 0.017325 0.013799
33 0.129862 0.373973 0.019426 0.014112
33 0.131003 0.355983 0.021571 0.013203
33 0.124484 0.304219 0.010004 0.012365
33 0.176727 0.278622 0.013668 0.013619
33 0.125172 0.490952 0.012379 0.014124
33 0.099373 0.303988 0.020185 0.013180
33 0.173347 0.394202 0.010647 0.032947
33 0.131425 0.330503 0.023511 0.014748
33 0.695450 0.236596 0.026839 0.015688
33 0.507053 0.231597 0.015189 0.013072
33 0.463436 0.231830 0.016291 0.013542
33 0.427890 0.072026 0.009797 0.020855
33 0.427866 0.115085 0.009821 0.021747
33 0.464034 0.165105 0.014861 0.013511
33 0.507087 0.164008 0.015334 0.013431
33 0.448174 0.177109 0.009942 0.013129
33 0.298084 0.241557 0.017228 0.014212
33 0.342231 0.115104 0.009470 0.021716
33 0.342210 0.072003 0.009569 0.020935
33 0.124429 0.278655 0.010296 0.012522
34 0.316018 0.241233 0.017496 0.013500
34 0.277418 0.196931 0.017303 0.013605
34 0.233171 0.066160 0.024722 0.019781
34 0.342382 0.097410 0.018689 0.013366
34 0.341661 0.053471 0.020377 0.015628
34 0.277519 0.213586 0.017661 0.012992
34 0.512229 0.191080 0.022907 0.015930
34 0.359738 0.107556 0.005210 0.014902
34 0.370979 0.278485 0.017534 0.014189
34 0.459576 0.190177 0.021755 0.015885
34 0.387407 0.103170 0.010306 0.007207
34 0.386963 0.064349 0.020026 0.015514
34 0.427900 0.097435 0.018604 0.013217
34 0.537226 0.202102 0.017591 0.014047
34 0.435064 0.201711 0.016398 0.013625
34 0.366815 0.846557 0.022865 0.010328
34 0.326046 0.885255 0.017164 0.013075
34 0.201969 0.885251 0.017077 0.013089
34 0.285481 0.949882 0.017264 0.013346
34 0.285147 0.864051 0.017151 0.012776
34 0.326061 0.927598 0.017286 0.013263
34 0.201743 0.864030 0.016882 0.012739
34 0.325851 0.842139 0.017315 0.013135
34 0.201676 0.906599 0.017006 0.013562
34 0.285485 0.842157 0.017079 0.013172
34 0.325879 0.906542 0.017162 0.013528
34 0.201618 0.842180 0.016974 0.013240
34 0.306300 0.758142 0.010969 0.008282
34 0.201783 0.949887 0.016982 0.013471
34 0.409126 0.927598 0.017276 0.013007
34 0.832625 0.527920 0.017143 0.013337
34 0.285015 0.927568 0.016932 0.013038
34 0.285515 0.906569 0.017158 0.013554
34 0.284951 0.885255 0.016726 0.013121
34 0.325886 0.864021 0.017091 0.012932
34 0.325933 0.949803 0.017047 0.013246
34 0.246143 0.824402 0.071710 0.008951
34 0.362111 0.824855 0.040483 0.009915
34 0.242982 0.846869 0.022025 0.009595
34 0.632373 0.555554 0.018622 0.013725
34 0.656695 0.593282 0.018322 0.014218
34 0.552580 0.555762 0.017625 0.013434
34 0.722838 0.555892 0.018916 0.013933
34 0.759235 0.506879 0.018934 0.014129
34 0.833267 0.557682 0.017432 0.013887
34 0.740028 0.527638 0.005830 0.017920
34 0.788145 0.557838 0.018973 0.013517
34 0.728486 0.506958 0.018733 0.013807
34 0.788175 0.527732 0.018312 0.013058
34 0.701481 0.530150 0.018392 0.012907
34 0.651490 0.502806 0.018157 0.009316
34 0.668546 0.634032 0.018090 0.013508
34 0.581747 0.555752 0.017760 0.013346
34 0.625750 0.658941 0.024422 0.020875
34 0.651789 0.530172 0.018002 0.012992
34 0.668281 0.617445 0.018523 0.013351
34 0.596005 0.506932 0.018944 0.013859
34 0.626750 0.507116 0.018838 0.013582
34 0.554639 0.533115 0.017047 0.013713
34 0.583801 0.533048 0.017293 0.013819
34 0.529965 0.529940 0.003507 0.014369
34 0.659985 0.671465 0.012649 0.007831
34 0.522225 0.672340 0.017701 0.013816
34 0.409607 0.514989 0.017865 0.013249
34 0.375771 0.520767 0.017568 0.013451
34 0.510875 0.642451 0.020300 0.015845
34 0.447210 0.594356 0.017611 0.013300
34 0.414871 0.682756 0.018771 0.013850
34 0.447475 0.572136 0.017585 0.013688
34 0.449493 0.672264 0.017947 0.013676
34 0.395985 0.722129 0.019295 0.014044
34 0.368338 0.722779 0.019367 0.013742
34 0.379354 0.694620 0.020449 0.014659
34 0.434926 0.627335 0.017689 0.013525
34 0.382358 0.734812 0.010018 0.007880
34 0.381013 0.774088 0.019218 0.014109
34 0.607412 0.528195 0.005860 0.017837
34 0.407144 0.750708 0.005522 0.014543
34 0.409554 0.564537 0.018133 0.013480
34 0.448440 0.538172 0.017399 0.013842
34 0.522741 0.529716 0.017476 0.012998
34 0.448525 0.515158 0.017297 0.013748
34 0.460032 0.614645 0.020653 0.016301
34 0.434452 0.652552 0.017772 0.013368
34 0.375723 0.559459 0.017627 0.013708
34 0.495258 0.541160 0.005375 0.015446
34 0.508960 0.502407 0.017552 0.008518
34 0.524489 0.594260 0.017810 0.013765
35 0.234788 0.126700 0.022748 0.014101
35 0.234736 0.163572 0.022788 0.014377
35 0.234821 0.083539 0.022724 0.014637
35 0.627546 0.163736 0.022446 0.014779
35 0.234696 0.712179 0.022530 0.013995
35 0.234601 0.676415 0.022293 0.013753
35 0.627437 0.676438 0.022532 0.014494
35 0.234631 0.763923 0.022478 0.014543
34 0.598505 0.844684 0.016757 0.013260
34 0.587336 0.945603 0.016465 0.013160
34 0.409134 0.885289 0.016809 0.013280
34 0.409501 0.842123 0.017021 0.013331
34 0.409346 0.864011 0.017158 0.012850
34 0.542398 0.945131 0.016299 0.012964
34 0.409557 0.949829 0.017010 0.013303
34 0.537830 0.866744 0.021732 0.009852
34 0.409469 0.906513 0.017097 0.013494
34 0.514550 0.844594 0.016771 0.013445
34 0.233116 0.146884 0.024287 0.019023
34 0.297863 0.121646 0.010959 0.007988
34 0.299828 0.078484 0.010711 0.007797
34 0.233313 0.109823 0.024466 0.019630
34 0.285367 0.175583 0.005443 0.017737
34 0.523473 0.231483 0.017663 0.013294
34 0.446737 0.231020 0.016857 0.013292
34 0.434167 0.177377 0.017186 0.013494
34 0.387773 0.137177 0.019970 0.015318
34 0.408449 0.117447 0.005113 0.013970
34 0.511294 0.214550 0.022573 0.015688
34 0.523548 0.162120 0.018038 0.013605
34 0.402049 0.091445 0.016595 0.013736
34 0.460455 0.214610 0.021305 0.015711
34 0.448583 0.161877 0.016859 0.013522
34 0.372927 0.091247 0.017808 0.013693
34 0.427574 0.053297 0.020026 0.015788
34 0.658073 0.158015 0.012568 0.008341
34 0.668776 0.196466 0.018249 0.013428
34 0.625862 0.146274 0.024283 0.020174
34 0.537215 0.177894 0.017979 0.014392
34 0.669163 0.212957 0.017951 0.013534
34 0.704218 0.222109 0.018807 0.013406
34 0.145177 0.448800 0.023956 0.012237
34 0.161246 0.278450 0.016682 0.013685
34 0.110800 0.419705 0.018219 0.013984
34 0.110779 0.373390 0.018274 0.013716
34 0.159573 0.385131 0.016277 0.013853
34 0.158640 0.490704 0.016878 0.013736
34 0.125161 0.266103 0.018409 0.013066
34 0.125138 0.317196 0.018141 0.012209
34 0.125206 0.291879 0.018068 0.012610
34 0.110823 0.355258 0.018253 0.013634
34 0.109660 0.490425 0.018268 0.013634
34 0.300506 0.448958 0.024621 0.008786
34 0.309845 0.492713 0.017828 0.013064
34 0.203238 0.365056 0.006094 0.014739
34 0.110820 0.396730 0.018259 0.013346
34 0.095162 0.291576 0.018701 0.013708
34 0.161358 0.302552 0.016708 0.013864
34 0.161391 0.348394 0.016686 0.014007
34 0.161349 0.325408 0.016573 0.013596
34 0.183329 0.448329 0.022625 0.008786
34 0.326918 0.321384 0.017534 0.013956
34 0.326806 0.391777 0.017556 0.013346
34 0.326759 0.297437 0.017655 0.013887
34 0.275116 0.449078 0.023427 0.007982
34 0.348877 0.450648 0.024917 0.010581
34 0.229415 0.451624 0.025288 0.010356
34 0.318767 0.411408 0.017953 0.013474
34 0.257716 0.410644 0.016958 0.013303
34 0.200480 0.411371 0.016956 0.013628
34 0.327052 0.344583 0.017718 0.013787
34 0.208488 0.365107 0.017053 0.014198
34 0.251947 0.325486 0.017593 0.013542
34 0.327087 0.368012 0.017804 0.013990
34 0.251841 0.302551 0.017800 0.013799
34 0.251974 0.348396 0.017647 0.013770
34 0.344176 0.498968 0.005568 0.017606
34 0.369633 0.537826 0.019392 0.006139
34 0.468867 0.536992 0.005449 0.007629
34 0.495113 0.537066 0.005214 0.007475
34 0.485489 0.423967 0.023608 0.009307
34 0.504807 0.448967 0.009786 0.023588
34 0.226176 0.498453 0.005270 0.017566
34 0.225869 0.288983 0.005594 0.017982
34 0.251753 0.278582 0.017550 0.013574
34 0.250062 0.385081 0.017945 0.014124
34 0.371097 0.302529 0.017786 0.014007
34 0.449535 0.411237 0.017079 0.013520
34 0.508215 0.344913 0.017305 0.013901
34 0.371268 0.325405 0.017440 0.013682
34 0.456802 0.344598 0.017822 0.013705
34 0.456716 0.297395 0.017796 0.014084
34 0.456680 0.391738 0.017611 0.013366
34 0.409404 0.487682 0.017760 0.012662
34 0.523684 0.255031 0.018084 0.011915
34 0.369831 0.366686 0.017587 0.013691
34 0.464108 0.449876 0.010085 0.025440
34 0.456707 0.321272 0.017814 0.013887
34 0.456808 0.368012 0.017814 0.013824
34 0.517475 0.411379 0.016743 0.013086
34 0.369124 0.385161 0.017276 0.013759
34 0.468881 0.272974 0.005377 0.015284
34 0.371147 0.348259 0.017701 0.013879
34 0.446622 0.255010 0.017293 0.011872
34 0.375978 0.410690 0.017774 0.013445
34 0.508151 0.321589 0.017059 0.013505
34 0.495050 0.274624 0.005536 0.016167
34 0.508558 0.368877 0.017365 0.013713
34 0.508203 0.297834 0.017240 0.014146
34 0.633788 0.297885 0.017685 0.014050
34 0.587627 0.348272 0.017639 0.013562
34 0.633690 0.344937 0.017794 0.013836
34 0.539683 0.449429 0.022959 0.008472
34 0.563362 0.448172 0.024400 0.008472
34 0.690350 0.449585 0.023290 0.007532
34 0.665284 0.449585 0.023735 0.008786
34 0.611963 0.448993 0.024660 0.010901
34 0.397608 0.449115 0.023290 0.009099
34 0.508616 0.392848 0.017361 0.013642
34 0.608067 0.278562 0.005711 0.018475
34 0.589607 0.385064 0.017679 0.013879
34 0.634359 0.392836 0.017595 0.013662
34 0.677373 0.492588 0.017836 0.013320
34 0.587827 0.278588 0.017395 0.013710
34 0.587670 0.302632 0.017730 0.013864
34 0.587654 0.325502 0.017532 0.013465
34 0.856571 0.403944 0.017768 0.013827
34 0.849711 0.385043 0.016835 0.013693
34 0.740319 0.277640 0.005715 0.017811
34 0.772334 0.410717 0.018411 0.013038
34 0.767766 0.321612 0.018280 0.013568
34 0.634146 0.368809 0.017844 0.013896
34 0.640051 0.410863 0.017601 0.013514
34 0.633698 0.321602 0.017693 0.013542
34 0.552164 0.492514 0.018207 0.013605
34 0.590487 0.365087 0.017782 0.013622
34 0.582704 0.411406 0.018048 0.013431
34 0.723508 0.365001 0.017504 0.013896
34 0.856377 0.368625 0.017669 0.013836
34 0.785343 0.490456 0.018249 0.013691
34 0.713538 0.302605 0.018402 0.014107
34 0.768180 0.368886 0.018544 0.014107
34 0.713581 0.278579 0.018241 0.013984
34 0.713487 0.325490 0.018304 0.013836
34 0.714889 0.411348 0.018114 0.013611
34 0.847801 0.278535 0.016835 0.013622
34 0.768324 0.392820 0.017961 0.013733
34 0.713658 0.348242 0.018316 0.013799
34 0.931179 0.448487 0.021739 0.008470
34 0.959235 0.325413 0.017947 0.013893
34 0.855216 0.448487 0.019521 0.009102
34 0.744809 0.450801 0.024625 0.010031
34 0.715745 0.385087 0.017305 0.013879
34 0.847812 0.302536 0.017151 0.013839
34 0.847760 0.348363 0.017123 0.013864
34 0.767710 0.344910 0.018396 0.014072
34 0.767816 0.297863 0.018155 0.014158
34 0.847779 0.325493 0.017004 0.013585
34 0.257231 0.537581 0.017830 0.013491
34 0.244616 0.507105 0.017504 0.013115
34 0.277479 0.617857 0.014071 0.010168
34 0.088445 0.513884 0.018360 0.014078
34 0.123973 0.512546 0.018437 0.013226
34 0.158528 0.513889 0.016839 0.013739
34 0.158270 0.537011 0.016753 0.013827
34 0.088474 0.537042 0.018342 0.014192
34 0.959251 0.302476 0.018018 0.014107
34 0.909709 0.278492 0.017415 0.013884
34 0.909718 0.302595 0.018082 0.013967
34 0.909754 0.325517 0.018058 0.013873
34 0.959322 0.278518 0.017915 0.013770
34 0.905671 0.448958 0.019077 0.008159
34 0.232893 0.658954 0.024512 0.020963
34 0.330716 0.682810 0.018439 0.013816
34 0.347744 0.741032 0.005512 0.015024
34 0.232714 0.695429 0.024299 0.018832
34 0.232642 0.746458 0.024378 0.020610
34 0.267327 0.671025 0.012526 0.008085
34 0.318897 0.537085 0.017992 0.013844
34 0.213822 0.507012 0.017494 0.013123
34 0.330628 0.734129 0.017665 0.013582
34 0.318806 0.519996 0.017842 0.013135
34 0.257156 0.520654 0.017707 0.013317
34 0.369877 0.541912 0.018344 0.013947
34 0.509923 0.612576 0.020830 0.016096
34 0.277432 0.634092 0.014218 0.010225
34 0.207246 0.524295 0.017748 0.013611
34 0.331991 0.506902 0.018447 0.013565
34 0.305843 0.706412 0.010888 0.008584
34 0.310934 0.595868 0.018112 0.014010
34 0.362751 0.506962 0.018717 0.013901
34 0.523905 0.571295 0.017726 0.013631
34 0.468926 0.541113 0.005443 0.015580
