34 0.204596 0.582481 0.020526 0.019940
34 0.203959 0.639185 0.020633 0.019732
34 0.602602 0.557183 0.025800 0.022642
34 0.653752 0.650712 0.006461 0.021755
34 0.708788 0.499346 0.021529 0.002391
34 0.677039 0.546623 0.021301 0.020165
34 0.641648 0.591855 0.006922 0.018433
34 0.636900 0.557323 0.026922 0.022904
34 0.709382 0.636747 0.021366 0.018966
34 0.676166 0.603242 0.021205 0.019496
34 0.561199 0.587940 0.006861 0.018535
34 0.371644 0.581280 0.024992 0.023146
34 0.472347 0.514561 0.005947 0.015392
34 0.524511 0.514672 0.006465 0.015443
34 0.818083 0.521284 0.021452 0.019843
34 0.774644 0.673708 0.012029 0.008806
34 0.889498 0.618457 0.026527 0.029077
34 0.886065 0.579634 0.023076 0.018840
34 0.869744 0.649315 0.024170 0.018931
34 0.895168 0.664644 0.024071 0.018635
34 0.775104 0.686881 0.011968 0.008963
34 0.813573 0.637122 0.021525 0.020028
34 0.780308 0.603225 0.020975 0.019615
34 0.820506 0.602227 0.035181 0.036264
34 0.780886 0.546584 0.020947 0.020123
34 0.733925 0.551345 0.006718 0.021556
34 0.713937 0.521238 0.021771 0.019587
34 0.578005 0.650918 0.006783 0.021955
34 0.541772 0.201479 0.023862 0.018837
34 0.468323 0.094233 0.023636 0.018760
34 0.543296 0.148883 0.023824 0.018792
34 0.467709 0.148297 0.023604 0.018282
34 0.519650 0.246822 0.024144 0.018706
34 0.443597 0.068280 0.012327 0.008256
34 0.506299 0.157476 0.034315 0.010148
34 0.503964 0.052447 0.034132 0.010787
34 0.480963 0.173393 0.012268 0.008433
34 0.243097 0.276804 0.025526 0.019815
34 0.324646 0.280517 0.025183 0.019518
34 0.203449 0.093280 0.040185 0.035440
34 0.105362 0.149651 0.023237 0.017791
34 0.075917 0.138366 0.023352 0.018396
34 0.930321 0.577950 0.023137 0.018840
34 0.088759 0.761160 0.026023 0.014511
34 0.157331 0.841472 0.040923 0.021587
34 0.352894 0.843223 0.047311 0.021949
34 0.270303 0.841496 0.041311 0.022006
34 0.428711 0.842720 0.047699 0.022192
34 0.364142 0.842589 0.024013 0.021553
34 0.584336 0.842947 0.048253 0.022536
34 0.659799 0.843210 0.048340 0.022271
34 0.851758 0.841934 0.041110 0.021941
34 0.737965 0.841575 0.041080 0.022072
34 0.104883 0.200569 0.023078 0.019005
33 0.150467 0.277179 0.013344 0.013098
33 0.150506 0.304957 0.013308 0.012952
33 0.166695 0.457643 0.014825 0.013411
33 0.263221 0.304960 0.013642 0.013066
33 0.290746 0.370982 0.009539 0.019142
33 0.180449 0.371767 0.008763 0.023220
33 0.344464 0.280453 0.013284 0.013217
33 0.263366 0.277112 0.013396 0.013146
33 0.344516 0.307930 0.013080 0.013015
33 0.279183 0.457672 0.013793 0.013309
33 0.369438 0.451939 0.008207 0.014748
33 0.420322 0.308044 0.013493 0.013175
33 0.420397 0.280494 0.013247 0.013289
33 0.445169 0.453131 0.008961 0.013676
33 0.675676 0.452230 0.009341 0.014776
33 0.574817 0.276309 0.013783 0.013371
33 0.650453 0.304188 0.013888 0.013180
33 0.650601 0.276264 0.013809 0.013428
33 0.600106 0.451666 0.009555 0.015637
33 0.574708 0.304159 0.013961 0.013004
33 0.843995 0.415721 0.014456 0.013329
33 0.747501 0.281337 0.013938 0.012784
33 0.860338 0.257546 0.014089 0.012938
33 0.872227 0.324353 0.009333 0.025247
33 0.860518 0.281332 0.014049 0.012952
33 0.746653 0.417016 0.013870 0.012995
33 0.747403 0.257425 0.014134 0.012856
32 0.476574 0.425788 0.011009 0.016928
32 0.385755 0.393966 0.010770 0.014896
32 0.528441 0.425688 0.010000 0.014249
32 0.617104 0.395826 0.010768 0.013203
22 0.352073 0.453384 0.024561 0.033009
22 0.428113 0.452023 0.025127 0.031485
22 0.582643 0.451247 0.024222 0.033118
22 0.658123 0.451733 0.025010 0.032328
21 0.921526 0.420956 0.004668 0.008615
21 0.105281 0.651711 0.004289 0.009031
21 0.217067 0.651785 0.004670 0.009003
21 0.689256 0.615841 0.004994 0.009094
21 0.793442 0.615834 0.004837 0.009307
21 0.920925 0.655266 0.004569 0.009034
15 0.111471 0.557401 0.013014 0.018444
15 0.223460 0.557251 0.012899 0.017979
15 0.351610 0.581462 0.016217 0.022115
15 0.427749 0.581392 0.014656 0.022038
15 0.694937 0.521624 0.013032 0.017982
15 0.658385 0.557897 0.017710 0.022006
15 0.582507 0.557512 0.016046 0.021824
15 0.799143 0.521559 0.013443 0.017914
11 0.111668 0.489932 0.022740 0.030858
11 0.223539 0.489940 0.022619 0.030898
11 0.695062 0.454615 0.022679 0.030849
11 0.799004 0.454625 0.022492 0.030932
6 0.076696 0.220386 0.005983 0.008803
6 0.076577 0.167404 0.007180 0.007786
6 0.076577 0.112561 0.006700 0.009139
6 0.076576 0.060256 0.005743 0.009478
6 0.492009 0.219031 0.006940 0.012186
6 0.494523 0.166557 0.006221 0.009478
6 0.516299 0.166218 0.006221 0.009478
6 0.518453 0.112392 0.007180 0.008125
6 0.515103 0.061949 0.005266 0.009478
6 0.491411 0.062288 0.007178 0.009478
6 0.518314 0.219530 0.006112 0.007449
35 0.492365 0.305711 0.010629 0.035167
35 0.515626 0.305711 0.010671 0.034848
35 0.871291 0.535590 0.011732 0.010536
35 0.871842 0.476150 0.010179 0.034181
35 0.957167 0.475892 0.010703 0.034600
35 0.915179 0.475842 0.010230 0.033582
35 0.956467 0.536347 0.008429 0.009097
35 0.914678 0.535930 0.010125 0.009900
35 0.871005 0.547615 0.010504 0.035047
35 0.956446 0.547776 0.010193 0.035044
35 0.914594 0.548009 0.010461 0.034696
35 0.916762 0.731318 0.024007 0.015284
35 0.158124 0.813420 0.010552 0.034768
35 0.271074 0.813350 0.010725 0.034867
35 0.351602 0.815071 0.010616 0.034315
35 0.354459 0.815019 0.004647 0.034523
35 0.427277 0.814537 0.010421 0.034078
35 0.582780 0.814838 0.010560 0.034098
35 0.658304 0.815142 0.010713 0.034058
35 0.738725 0.813423 0.010455 0.034825
6 0.932987 0.167119 0.006807 0.007529
6 0.932678 0.219382 0.005941 0.007706
6 0.933049 0.111703 0.006436 0.007703
6 0.932616 0.059791 0.006066 0.007880
6 0.906551 0.400262 0.003433 0.004970
6 0.105844 0.571673 0.002897 0.003539
6 0.217867 0.571760 0.003807 0.004409
6 0.374954 0.731526 0.006535 0.008205
6 0.690093 0.535715 0.002768 0.003480
6 0.793890 0.535551 0.003590 0.005078
6 0.905783 0.605936 0.004438 0.004708
3 0.105507 0.116388 0.017274 0.026763
3 0.105455 0.064591 0.017260 0.026389
3 0.105499 0.224407 0.017303 0.026917
3 0.105554 0.171694 0.017429 0.026609
3 0.468028 0.116657 0.017494 0.026441
3 0.469199 0.224360 0.017162 0.027267
3 0.467221 0.170979 0.017158 0.026979
3 0.469412 0.065985 0.017172 0.026993
3 0.543871 0.171221 0.017162 0.026632
3 0.541957 0.066129 0.017081 0.026768
3 0.542059 0.116584 0.017147 0.026575
3 0.541570 0.224550 0.017077 0.026917
3 0.903782 0.116475 0.017089 0.026640
3 0.903764 0.224404 0.017149 0.026991
3 0.903831 0.171791 0.017299 0.026637
3 0.903769 0.064523 0.017006 0.026526
3 0.487376 0.356612 0.019656 0.023391
3 0.510667 0.356707 0.019529 0.024209
3 0.871502 0.375550 0.016424 0.021622
3 0.866623 0.445077 0.019333 0.022602
3 0.910143 0.445204 0.018759 0.022827
3 0.963561 0.373354 0.016795 0.026577
3 0.952101 0.445251 0.019001 0.022562
3 0.560394 0.515286 0.019805 0.023636
3 0.640978 0.515641 0.019893 0.023748
3 0.866261 0.578910 0.018723 0.023417
3 0.870925 0.671938 0.017111 0.026406
3 0.961965 0.671825 0.017121 0.026740
3 0.909715 0.578669 0.019619 0.023990
3 0.951651 0.578814 0.019611 0.024833
1 0.937698 0.380484 0.016138 0.011519
1 0.896007 0.380791 0.016346 0.012115
1 0.935892 0.678923 0.016233 0.011673
1 0.895092 0.679058 0.015900 0.011704
0 0.076615 0.123681 0.016686 0.011801
0 0.076769 0.231213 0.016068 0.011801
0 0.076769 0.178977 0.016378 0.011365
0 0.076923 0.071663 0.016376 0.013112
0 0.516717 0.179080 0.015812 0.011593
0 0.494881 0.177730 0.017949 0.012189
0 0.518573 0.123055 0.016992 0.012528
0 0.493923 0.123055 0.016033 0.012528
0 0.514983 0.073797 0.016992 0.012189
0 0.491531 0.073121 0.016511 0.012864
0 0.518448 0.231731 0.015812 0.010450
0 0.492597 0.231241 0.015810 0.011431
0 0.932801 0.231287 0.016585 0.012257
0 0.932616 0.179286 0.015965 0.011556
0 0.932801 0.124746 0.016090 0.011379
0 0.932733 0.071704 0.017967 0.012864
0 0.101660 0.406354 0.006112 0.015819
0 0.119651 0.406339 0.006048 0.015648
0 0.231522 0.406328 0.006199 0.015700
35 0.852298 0.813975 0.010389 0.034836
0 0.213696 0.406270 0.006078 0.015754
34 0.971572 0.578470 0.023705 0.020137
34 0.961617 0.648786 0.024132 0.018398
34 0.954856 0.731614 0.054136 0.022112
34 0.935664 0.664434 0.023862 0.017566
34 0.936555 0.592967 0.012131 0.008971
34 0.847287 0.570459 0.006827 0.021647
34 0.076139 0.246046 0.023205 0.019017
34 0.075933 0.086761 0.023296 0.018453
34 0.091324 0.118998 0.012397 0.008091
34 0.105323 0.041639 0.023515 0.018336
34 0.104919 0.092917 0.025584 0.019000
34 0.091324 0.226462 0.012458 0.008296
34 0.091141 0.066697 0.012162 0.007900
34 0.091090 0.173980 0.012337 0.007783
34 0.076322 0.211794 0.034134 0.010108
34 0.077176 0.051228 0.034005 0.010841
34 0.076254 0.104414 0.034305 0.009855
34 0.074883 0.158444 0.033876 0.010863
34 0.075735 0.193448 0.023211 0.018894
34 0.934953 0.642425 0.023592 0.018894
34 0.387492 0.093940 0.041914 0.035449
34 0.515582 0.087799 0.023799 0.018749
34 0.491115 0.087856 0.023407 0.017153
34 0.518619 0.137928 0.023854 0.018273
34 0.453326 0.226344 0.012631 0.008994
34 0.491404 0.247556 0.024009 0.018806
34 0.493233 0.192514 0.023497 0.017663
34 0.492932 0.138227 0.024035 0.018849
34 0.553627 0.304789 0.026066 0.020607
34 0.554188 0.276764 0.026837 0.020219
34 0.560653 0.382015 0.024545 0.019145
34 0.932203 0.051399 0.034108 0.010191
34 0.530377 0.173521 0.011962 0.007931
34 0.469155 0.199880 0.023805 0.018290
34 0.518009 0.192720 0.023668 0.018789
34 0.570203 0.117723 0.012494 0.009074
34 0.623445 0.094526 0.041865 0.034939
34 0.541621 0.043232 0.025997 0.019989
34 0.541392 0.093552 0.023666 0.018966
34 0.556244 0.226295 0.012432 0.008686
34 0.569387 0.068314 0.012774 0.008723
34 0.469010 0.043366 0.026078 0.018569
34 0.443390 0.118065 0.012804 0.009239
34 0.932836 0.104225 0.033638 0.009590
3 0.332592 0.499876 0.019418 0.024944
33 0.759060 0.322801 0.009982 0.024446
34 0.505624 0.210019 0.034295 0.010006
34 0.716377 0.601602 0.034607 0.037988
34 0.881119 0.259738 0.026743 0.019202
34 0.881211 0.280976 0.026926 0.019558
34 0.890140 0.413391 0.026614 0.028983
34 0.916204 0.521862 0.077210 0.020482
34 0.887785 0.445305 0.023475 0.019273
34 0.914790 0.501911 0.073820 0.019017
34 0.887604 0.317797 0.021662 0.019926
34 0.767650 0.254706 0.025836 0.020556
34 0.719258 0.279677 0.036017 0.035341
34 0.532651 0.357069 0.022836 0.019758
34 0.932734 0.211529 0.033844 0.009937
34 0.918244 0.226452 0.012250 0.008185
34 0.901150 0.093216 0.018811 0.019684
34 0.795821 0.094057 0.042315 0.035745
34 0.130181 0.274962 0.026551 0.019795
34 0.107329 0.463518 0.006253 0.014497
34 0.136422 0.332878 0.035056 0.034751
34 0.918592 0.066698 0.012522 0.008079
34 0.933716 0.246032 0.023898 0.018749
34 0.918242 0.119015 0.012270 0.007977
34 0.933580 0.086388 0.024081 0.017797
3 0.408386 0.501392 0.020133 0.022619
34 0.904408 0.149706 0.024025 0.017891
34 0.505957 0.102297 0.033763 0.010504
0 0.905750 0.615747 0.004269 0.010302
0 0.920898 0.642623 0.004126 0.010085
0 0.794105 0.546143 0.003930 0.009886
0 0.793380 0.603736 0.003981 0.010088
0 0.799126 0.637625 0.006108 0.015660
0 0.689226 0.603817 0.003856 0.009937
0 0.695089 0.637558 0.006495 0.015777
0 0.690045 0.546123 0.003822 0.010000
0 0.217015 0.639238 0.004069 0.010274
0 0.217664 0.581620 0.004228 0.010279
0 0.223388 0.527153 0.006233 0.015452
0 0.224051 0.673420 0.006120 0.015674
0 0.111482 0.527123 0.006033 0.015323
0 0.105838 0.581565 0.004146 0.010191
0 0.112193 0.673484 0.006348 0.015865
0 0.105088 0.639325 0.003963 0.010014
0 0.921526 0.408679 0.004196 0.010490
0 0.906396 0.410594 0.004247 0.010228
0 0.799063 0.491366 0.006172 0.015814
0 0.789168 0.355164 0.006761 0.015839
0 0.807169 0.354934 0.006247 0.015865
0 0.637947 0.396632 0.010983 0.008840
0 0.560346 0.425812 0.010778 0.008843
0 0.703137 0.355043 0.006112 0.015757
0 0.560449 0.396661 0.010802 0.008592
0 0.695071 0.491315 0.006438 0.015939
0 0.686748 0.355088 0.006058 0.015386
0 0.638044 0.367288 0.011064 0.008689
0 0.450078 0.425973 0.011005 0.009051
0 0.369626 0.394363 0.010864 0.008624
0 0.450070 0.396698 0.010836 0.008284
0 0.369704 0.364755 0.011044 0.008889
34 0.904885 0.200539 0.023783 0.019060
6 0.493781 0.112203 0.006628 0.007598
34 0.904414 0.041181 0.024033 0.017649
34 0.933683 0.138537 0.023787 0.018720
34 0.918613 0.173946 0.012504 0.007994
34 0.933882 0.193488 0.024073 0.018940
34 0.934349 0.158447 0.033791 0.010681
34 0.245662 0.405624 0.022891 0.020191
34 0.333373 0.420554 0.033926 0.036600
34 0.325579 0.308829 0.025079 0.020091
34 0.195448 0.370462 0.021090 0.019208
34 0.115817 0.431327 0.006481 0.014885
34 0.116998 0.357217 0.010048 0.008416
34 0.082269 0.491337 0.035058 0.038262
34 0.130981 0.303215 0.026382 0.019424
34 0.075507 0.252773 0.025635 0.007335
34 0.134569 0.405795 0.023868 0.019610
34 0.086390 0.406204 0.023888 0.018843
34 0.228898 0.357106 0.009976 0.008512
34 0.227801 0.431287 0.006215 0.015033
34 0.306279 0.371385 0.020504 0.019966
34 0.219370 0.463478 0.006146 0.014526
34 0.248459 0.333836 0.034875 0.034568
34 0.194440 0.491446 0.034041 0.037997
34 0.243157 0.303424 0.025238 0.018846
34 0.188308 0.457402 0.024412 0.019382
34 0.198901 0.406386 0.022822 0.019253
34 0.310894 0.498699 0.025101 0.022727
34 0.299283 0.457811 0.025306 0.020125
34 0.504334 0.274497 0.032641 0.027147
34 0.450154 0.382192 0.024208 0.018934
34 0.370006 0.350543 0.023034 0.018903
34 0.450139 0.411646 0.024073 0.018777
34 0.399886 0.308702 0.026037 0.019587
34 0.460529 0.452643 0.022718 0.019228
34 0.466215 0.356832 0.022151 0.019866
34 0.370004 0.433710 0.022595 0.019692
34 0.399921 0.280839 0.026265 0.019592
34 0.370003 0.379990 0.022794 0.018834
34 0.399020 0.482112 0.025332 0.022109
34 0.490287 0.253188 0.025026 0.008227
34 0.631733 0.495395 0.026062 0.021881
34 0.628492 0.304275 0.026622 0.019071
34 0.699300 0.380191 0.006259 0.015098
34 0.628657 0.276327 0.026896 0.019213
34 0.381542 0.537062 0.006086 0.007666
34 0.517886 0.252759 0.025062 0.007301
34 0.408914 0.420566 0.034504 0.037706
34 0.638132 0.382012 0.024277 0.018963
34 0.675657 0.432730 0.023554 0.019840
34 0.672011 0.354661 0.023685 0.019307
34 0.601066 0.431791 0.023473 0.019336
34 0.690868 0.418062 0.006140 0.014494
34 0.613133 0.471099 0.006559 0.015318
34 0.549312 0.497018 0.026074 0.021964
34 0.560558 0.411338 0.023989 0.019182
34 0.638052 0.352541 0.024299 0.019017
34 0.550333 0.447942 0.033604 0.035748
34 0.637343 0.426597 0.034162 0.034779
34 0.767611 0.279137 0.026591 0.019225
34 0.775108 0.319255 0.021477 0.019290
34 0.712044 0.490969 0.015546 0.019795
34 0.871654 0.355936 0.023856 0.018250
34 0.822252 0.354225 0.023791 0.020128
34 0.774270 0.354963 0.023636 0.019473
34 0.718030 0.436127 0.032917 0.037589
34 0.703571 0.305111 0.010304 0.008769
34 0.813446 0.490873 0.021795 0.019456
34 0.794826 0.417172 0.006400 0.014942
34 0.831081 0.279876 0.034527 0.034805
34 0.766956 0.416166 0.027131 0.023149
34 0.823247 0.415901 0.026261 0.022380
34 0.827655 0.456388 0.034621 0.038584
34 0.717439 0.354275 0.025445 0.020439
34 0.817274 0.305130 0.010165 0.008823
34 0.706450 0.305056 0.004359 0.008703
34 0.781906 0.538505 0.023405 0.004779
34 0.937855 0.366016 0.026261 0.017635
34 0.963552 0.350683 0.026845 0.018743
34 0.930282 0.445875 0.023143 0.019114
34 0.896476 0.366109 0.023999 0.018521
34 0.939298 0.424129 0.011908 0.008458
34 0.972340 0.445329 0.023370 0.018615
34 0.936557 0.409236 0.023747 0.018832
34 0.770837 0.374476 0.012061 0.009316
34 0.237427 0.526983 0.020637 0.019376
34 0.238515 0.672913 0.020878 0.020074
34 0.081253 0.610328 0.034404 0.036432
34 0.126457 0.673055 0.021183 0.019447
34 0.092633 0.582744 0.021156 0.019402
34 0.092112 0.639367 0.021211 0.019156
34 0.125417 0.526954 0.021527 0.019014
34 0.153673 0.546931 0.006658 0.021807
34 0.130458 0.557311 0.021606 0.019233
34 0.190998 0.610757 0.030429 0.037814
34 0.883948 0.390077 0.007027 0.007917
34 0.448452 0.580930 0.026626 0.023337
34 0.409822 0.584276 0.006428 0.018213
34 0.423034 0.633792 0.006902 0.022157
34 0.499311 0.594015 0.006938 0.018193
34 0.380315 0.540892 0.004075 0.015098
34 0.242265 0.557038 0.020618 0.019678
34 0.333753 0.584353 0.006708 0.018407
34 0.266410 0.546543 0.006563 0.021681
34 0.347390 0.634171 0.006581 0.021855
34 0.193779 0.504598 0.033533 0.012850
