6 0.738236 0.720879 0.006517 0.012742
5 0.294443 0.089255 0.009136 0.016959
5 0.749940 0.184655 0.013336 0.013933
5 0.854220 0.213594 0.011986 0.011342
5 0.384962 0.264970 0.014674 0.010231
5 0.769940 0.297522 0.007623 0.017723
5 0.837871 0.401324 0.008755 0.018036
0 0.201910 0.869421 0.013223 0.009917
0 0.202284 0.827516 0.013916 0.009863
0 0.738527 0.833299 0.007454 0.015306
0 0.771466 0.789253 0.014668 0.011565
0 0.739027 0.805580 0.005492 0.015645
0 0.297358 0.835510 0.006972 0.016327
0 0.297719 0.775140 0.006251 0.015306
0 0.885091 0.281944 0.009504 0.009729
0 0.912554 0.281649 0.011878 0.010023
0 0.808491 0.323215 0.006491 0.016666
0 0.854113 0.344112 0.008165 0.020479
0 0.794306 0.256999 0.012262 0.010083
0 0.774111 0.257571 0.012262 0.009863
0 0.824840 0.297194 0.011299 0.008843
0 0.791662 0.297365 0.011781 0.009863
0 0.589507 0.260121 0.008656 0.020408
0 0.570875 0.259952 0.005530 0.015987
0 0.546231 0.352424 0.012502 0.008581
0 0.384228 0.360286 0.007933 0.020066
0 0.442550 0.266449 0.008211 0.020137
0 0.285959 0.388887 0.010097 0.021428
34 0.518107 0.170641 0.005445 0.014534
0 0.885351 0.174654 0.010024 0.010020
0 0.835779 0.145734 0.006251 0.017686
0 0.724943 0.146754 0.012021 0.010202
0 0.536133 0.251171 0.007693 0.015645
0 0.609463 0.152367 0.013463 0.009185
0 0.467535 0.128900 0.005288 0.016666
0 0.456957 0.240627 0.007214 0.017008
0 0.212007 0.161039 0.007935 0.020408
1 0.749853 0.354064 0.007200 0.018056
1 0.442245 0.323092 0.008330 0.018569
1 0.384504 0.321129 0.006942 0.018210
1 0.211764 0.334820 0.007448 0.018669
1 0.854400 0.244895 0.007260 0.019205
1 0.510677 0.205872 0.013364 0.010718
3 0.245059 0.823407 0.014656 0.023178
3 0.202251 0.740794 0.014696 0.019866
3 0.746198 0.325970 0.014454 0.020673
3 0.778453 0.397388 0.015177 0.020801
3 0.689140 0.281716 0.014927 0.020479
3 0.699205 0.319953 0.015155 0.020801
3 0.709811 0.243785 0.011080 0.020769
3 0.746570 0.207830 0.015155 0.022078
3 0.782197 0.204310 0.015381 0.022078
3 0.558537 0.200311 0.014658 0.022400
3 0.615402 0.219350 0.014929 0.020160
3 0.381758 0.188152 0.016082 0.023041
3 0.338803 0.187672 0.015403 0.021436
4 0.781160 0.176344 0.016366 0.020462
4 0.685780 0.243376 0.015604 0.020459
5 0.920871 0.730989 0.012327 0.010693
5 0.878257 0.731157 0.013026 0.009957
5 0.817877 0.730963 0.012917 0.010174
5 0.444154 0.731697 0.013131 0.012115
5 0.510379 0.730891 0.013131 0.011037
35 0.285977 0.181684 0.009315 0.030750
35 0.522267 0.144657 0.009982 0.028242
35 0.442747 0.088805 0.009760 0.031379
35 0.384632 0.091157 0.008874 0.028555
35 0.481897 0.204905 0.018854 0.013805
35 0.589868 0.090685 0.008652 0.025104
35 0.640109 0.224830 0.019077 0.012237
35 0.690350 0.146227 0.022846 0.012551
35 0.633343 0.152659 0.019297 0.013491
35 0.853330 0.055071 0.011313 0.027298
35 0.813959 0.054601 0.007542 0.025731
35 0.773255 0.054758 0.009093 0.025417
35 0.854550 0.127086 0.009760 0.026985
35 0.959017 0.173839 0.019742 0.011297
35 0.893803 0.055071 0.008207 0.026671
35 0.663066 0.325640 0.021072 0.010670
35 0.642882 0.287828 0.022846 0.011610
35 0.808746 0.352625 0.009982 0.030750
35 0.949146 0.282023 0.019077 0.012551
35 0.154493 0.745098 0.019962 0.011297
35 0.166922 0.868303 0.020173 0.013591
35 0.166634 0.827125 0.019214 0.012773
35 0.798009 0.789478 0.021710 0.014677
35 0.738734 0.864632 0.009607 0.027452
34 0.244849 0.804303 0.016499 0.013685
34 0.228165 0.823166 0.009923 0.007546
34 0.311025 0.837556 0.019847 0.018424
34 0.291178 0.811322 0.008683 0.007723
34 0.136680 0.825765 0.043425 0.022559
34 0.186520 0.821824 0.010566 0.009786
34 0.187779 0.864497 0.009204 0.008698
34 0.135509 0.867486 0.041501 0.019025
34 0.294961 0.072486 0.021517 0.016315
34 0.337659 0.114691 0.007985 0.017885
34 0.285423 0.154071 0.037486 0.025731
34 0.255367 0.211650 0.020850 0.016632
34 0.207456 0.215259 0.007542 0.015061
34 0.255477 0.233773 0.020185 0.017572
34 0.197528 0.162307 0.017514 0.018732
34 0.163893 0.213608 0.019309 0.016632
34 0.558468 0.181428 0.018721 0.016495
34 0.609166 0.138538 0.019742 0.017258
34 0.590534 0.070918 0.041479 0.013178
34 0.729460 0.186573 0.010056 0.018612
34 0.691431 0.127026 0.037117 0.024819
34 0.362595 0.188413 0.018195 0.016808
34 0.728602 0.208112 0.018759 0.018435
34 0.685281 0.224025 0.018826 0.016948
34 0.580237 0.235829 0.010481 0.009989
34 0.575637 0.200798 0.009198 0.008019
34 0.600186 0.219789 0.008664 0.008777
34 0.640620 0.210633 0.031342 0.016495
34 0.616072 0.200115 0.018614 0.016646
34 0.596336 0.147910 0.007595 0.007566
34 0.636610 0.142840 0.025673 0.009533
34 0.587297 0.170835 0.004279 0.014979
34 0.800991 0.204162 0.019476 0.017421
34 0.795263 0.244273 0.019188 0.016207
34 0.774284 0.243970 0.019905 0.015600
34 0.844239 0.158987 0.010310 0.009726
34 0.740631 0.141463 0.009593 0.007903
34 0.725165 0.133360 0.019045 0.018028
34 0.711388 0.224521 0.014234 0.018031
34 0.839870 0.244376 0.018761 0.018840
34 0.837579 0.214189 0.017901 0.016409
34 0.866577 0.169521 0.010024 0.008105
34 0.852400 0.105101 0.035228 0.019042
34 0.851158 0.033039 0.035770 0.018909
34 0.812048 0.032779 0.037254 0.018735
34 0.771143 0.031991 0.037129 0.016458
34 0.725308 0.166178 0.019617 0.017219
34 0.734115 0.185626 0.018616 0.016814
34 0.770847 0.150580 0.013604 0.010331
34 0.775142 0.124751 0.019619 0.015799
34 0.822901 0.145211 0.019190 0.017016
34 0.800848 0.178537 0.019762 0.019245
34 0.175233 0.300851 0.006432 0.014434
34 0.147284 0.266177 0.020629 0.018515
34 0.904039 0.188928 0.007305 0.014386
34 0.951919 0.188116 0.014861 0.009729
34 0.919864 0.206755 0.018330 0.017221
34 0.926188 0.187803 0.014418 0.010356
34 0.958684 0.164426 0.018189 0.010670
34 0.301282 0.389024 0.021739 0.020083
34 0.243056 0.263668 0.020185 0.018512
34 0.243278 0.314813 0.020629 0.017885
34 0.282095 0.305400 0.006878 0.017885
34 0.255034 0.451311 0.017965 0.016005
34 0.258140 0.469823 0.017967 0.017885
34 0.257917 0.500261 0.032607 0.009726
34 0.197141 0.334897 0.020185 0.020396
34 0.164031 0.382278 0.019964 0.016002
34 0.147729 0.479709 0.019740 0.018826
34 0.370552 0.320020 0.020766 0.016814
34 0.523578 0.255730 0.017184 0.013311
35 0.178051 0.102139 0.008680 0.030439
35 0.528362 0.373491 0.007893 0.029182
34 0.201717 0.813671 0.020981 0.017395
34 0.201749 0.854984 0.019468 0.017937
34 0.885920 0.161073 0.020631 0.016612
34 0.891677 0.032008 0.036416 0.015061
34 0.950193 0.258309 0.052353 0.034657
34 0.883498 0.269158 0.018165 0.015409
34 0.203596 0.499533 0.029678 0.008128
34 0.361739 0.652314 0.027707 0.017219
34 0.371340 0.502803 0.025673 0.018031
34 0.362493 0.523015 0.027323 0.019065
34 0.850558 0.499664 0.020850 0.016426
34 0.873203 0.488103 0.008026 0.080339
34 0.355077 0.675711 0.026712 0.019042
34 0.739205 0.890539 0.031682 0.026560
33 0.481564 0.506738 0.013753 0.029892
33 0.393838 0.520329 0.012643 0.050405
33 0.832812 0.506411 0.012865 0.029920
13 0.530740 0.322189 0.009788 0.021966
6 0.528693 0.336072 0.003356 0.006352
1 0.178393 0.213377 0.008439 0.021966
0 0.178302 0.382749 0.006845 0.021337
34 0.319273 0.186314 0.020826 0.019416
34 0.518208 0.318805 0.017327 0.014383
34 0.369564 0.359015 0.021050 0.017421
34 0.405865 0.496466 0.004583 0.045175
34 0.441365 0.490187 0.005155 0.081639
34 0.480818 0.483300 0.021910 0.016005
34 0.504676 0.485628 0.006873 0.065232
34 0.528232 0.405913 0.050836 0.038290
34 0.525010 0.346151 0.006301 0.013169
34 0.316809 0.446290 0.020850 0.017258
34 0.618544 0.415784 0.025145 0.016349
34 0.559735 0.442267 0.009059 0.008370
34 0.566632 0.381582 0.018030 0.018832
34 0.614522 0.307622 0.018213 0.017655
34 0.560622 0.339010 0.006934 0.013471
34 0.545826 0.340124 0.018038 0.015956
34 0.574074 0.319590 0.009615 0.009940
34 0.580315 0.288658 0.011372 0.009023
34 0.557850 0.259950 0.018028 0.015956
34 0.689281 0.263212 0.018719 0.015435
34 0.429695 0.322653 0.018185 0.016814
34 0.428836 0.267045 0.018759 0.019852
34 0.368475 0.264816 0.020048 0.015395
34 0.808335 0.375278 0.035272 0.015583
34 0.837792 0.384470 0.020173 0.016458
34 0.778197 0.377029 0.019803 0.016634
34 0.800043 0.396025 0.011263 0.008054
34 0.643338 0.273049 0.037224 0.018461
34 0.602315 0.260866 0.018078 0.016193
34 0.698963 0.301566 0.019255 0.015905
34 0.664679 0.311471 0.042895 0.017555
34 0.624083 0.379808 0.019255 0.014679
34 0.656166 0.442398 0.097083 0.007065
34 0.850769 0.305916 0.006311 0.018461
34 0.805628 0.306596 0.006311 0.012257
34 0.796696 0.323696 0.017756 0.016193
34 0.763482 0.327026 0.019575 0.016190
34 0.720641 0.320140 0.010483 0.009080
34 0.717111 0.266647 0.006205 0.012257
34 0.709515 0.281553 0.010488 0.008173
34 0.762912 0.353391 0.019184 0.015583
34 0.745708 0.394013 0.006807 0.014882
34 0.722564 0.409245 0.024879 0.016284
34 0.767863 0.427015 0.018441 0.017159
34 0.773990 0.458532 0.019309 0.016808
34 0.816689 0.485058 0.006436 0.055503
34 0.867557 0.343673 0.019059 0.016808
34 0.122205 0.648599 0.026743 0.017854
34 0.152147 0.729789 0.039730 0.017686
34 0.915904 0.497075 0.005715 0.046797
34 0.913248 0.268545 0.019555 0.016634
34 0.897097 0.276687 0.010024 0.008404
34 0.761183 0.253056 0.008985 0.007965
34 0.758134 0.292146 0.010377 0.009080
34 0.770114 0.280797 0.019788 0.016646
34 0.791775 0.284580 0.019041 0.015133
34 0.825206 0.284429 0.018725 0.016039
34 0.190446 0.641496 0.018475 0.016814
34 0.183007 0.569681 0.013878 0.015395
34 0.230543 0.571200 0.026779 0.018433
34 0.292406 0.569578 0.020191 0.015600
34 0.230972 0.595003 0.026207 0.017016
34 0.229971 0.622149 0.026779 0.017828
34 0.293766 0.646660 0.018902 0.019042
34 0.278301 0.691533 0.018044 0.016814
34 0.122259 0.508246 0.024067 0.015586
5 0.408473 0.732371 0.014464 0.010767
34 0.179059 0.570668 0.018505 0.019370
34 0.376165 0.632663 0.027496 0.018435
34 0.405039 0.677008 0.006654 0.047068
34 0.506629 0.688148 0.006211 0.053029
34 0.439753 0.677636 0.006432 0.084722
34 0.441352 0.514138 0.005028 0.031981
34 0.405837 0.508236 0.006311 0.020177
34 0.311395 0.775442 0.019188 0.017221
34 0.291347 0.755489 0.008306 0.009724
34 0.247885 0.740496 0.010455 0.008510
34 0.182442 0.740192 0.012172 0.009926
34 0.202633 0.721961 0.022482 0.014791
34 0.917383 0.667441 0.004456 0.050601
34 0.915898 0.510010 0.006189 0.023725
34 0.935391 0.506158 0.025866 0.016022
34 0.934834 0.648636 0.025498 0.017159
34 0.874735 0.680459 0.005324 0.082838
34 0.734771 0.703522 0.006654 0.016005
34 0.814735 0.686892 0.006432 0.051773
34 0.603732 0.570477 0.056783 0.030439
34 0.645432 0.739922 0.092718 0.009726
34 0.438154 0.225356 0.006436 0.016458
34 0.450532 0.214675 0.009654 0.009105
34 0.469654 0.240675 0.017945 0.016632
34 0.554292 0.279825 0.008257 0.008404
34 0.553797 0.260566 0.009247 0.016458
34 0.522749 0.250848 0.018193 0.017335
34 0.532341 0.233252 0.005693 0.013656
34 0.480916 0.187274 0.036017 0.022938
0 0.907241 0.206194 0.007085 0.015329
34 0.509753 0.192177 0.018689 0.015583
34 0.554354 0.181338 0.008133 0.015933
34 0.522687 0.117870 0.036386 0.025560
34 0.455359 0.144132 0.010645 0.009803
34 0.479925 0.129250 0.017945 0.017857
34 0.441744 0.063592 0.026980 0.019610
34 0.384378 0.067707 0.037502 0.017683
34 0.725457 0.834464 0.019214 0.018755
34 0.725745 0.805108 0.019790 0.016036
34 0.751012 0.783635 0.013064 0.008968
34 0.771282 0.775480 0.019406 0.016580
34 0.828347 0.790702 0.035546 0.019296
34 0.177879 0.073975 0.038368 0.022759
33 0.276994 0.210866 0.016636 0.017572
33 0.276993 0.233616 0.017967 0.017885
33 0.742535 0.166309 0.013753 0.016945
33 0.757507 0.125517 0.014861 0.017572
33 0.168357 0.265707 0.017967 0.021964
33 0.168579 0.480963 0.017967 0.019453
33 0.276439 0.471394 0.017303 0.017885
33 0.276218 0.450212 0.017746 0.018829
33 0.597188 0.308381 0.013529 0.014431
33 0.607391 0.381180 0.013973 0.018199
33 0.596966 0.416324 0.013529 0.013805
33 0.742756 0.408098 0.013425 0.011869
33 0.757498 0.458909 0.013344 0.012659
33 0.121665 0.624605 0.014196 0.026988
33 0.121997 0.531411 0.013975 0.028869
33 0.333223 0.649708 0.011978 0.072172
33 0.276772 0.652062 0.012198 0.031066
33 0.292188 0.546944 0.014641 0.024164
33 0.207677 0.622410 0.012865 0.019456
33 0.207233 0.596207 0.014196 0.017258
33 0.206236 0.570948 0.013975 0.020710
33 0.180782 0.547415 0.009428 0.023220
33 0.340429 0.638098 0.012204 0.049578
33 0.385409 0.529999 0.013086 0.031066
33 0.356406 0.628056 0.008541 0.028242
33 0.932399 0.625077 0.013529 0.026671
33 0.932732 0.529058 0.013751 0.027298
31 0.167337 0.642132 0.027119 0.039612
22 0.589536 0.381023 0.023511 0.030436
21 0.906950 0.232315 0.007212 0.014531
21 0.907225 0.233400 0.012141 0.018524
21 0.300846 0.472213 0.013860 0.018407
21 0.457374 0.265361 0.010953 0.016939
21 0.835941 0.319668 0.010612 0.017096
21 0.293148 0.727400 0.013266 0.020835
21 0.297382 0.799413 0.012891 0.019459
21 0.297590 0.859313 0.012718 0.018085
17 0.203932 0.516101 0.016027 0.023027
17 0.259458 0.516201 0.015975 0.023226
15 0.749855 0.427462 0.016414 0.021023
13 0.300209 0.441604 0.012383 0.022006
13 0.227169 0.260678 0.010703 0.021989
13 0.227018 0.310453 0.011005 0.022069
13 0.294017 0.687333 0.012490 0.024993
6 0.467930 0.109523 0.006505 0.007407
6 0.527845 0.205868 0.004071 0.004759
6 0.536300 0.222318 0.004881 0.009099
6 0.809211 0.246338 0.006279 0.007808
6 0.835663 0.128155 0.006660 0.008883
6 0.760802 0.227263 0.004875 0.006010
6 0.760637 0.157489 0.004778 0.007962
6 0.760750 0.401793 0.003906 0.004753
