34 0.882193 0.405026 0.025989 0.021388
34 0.193192 0.549893 0.042669 0.023274
34 0.546550 0.526116 0.049426 0.033753
34 0.816461 0.504061 0.007994 0.019008
5 0.178645 0.427045 0.012770 0.023169
34 0.896863 0.550248 0.042881 0.022770
5 0.882679 0.426952 0.013505 0.023178
35 0.626150 0.557545 0.027417 0.016315
34 0.177315 0.404952 0.026225 0.021513
34 0.427436 0.549486 0.043662 0.024186
34 0.385082 0.645644 0.025550 0.021798
34 0.484813 0.573595 0.008489 0.017438
34 0.581232 0.645822 0.008056 0.020028
34 0.581960 0.506522 0.008155 0.016748
34 0.582600 0.587324 0.007548 0.018142
34 0.586463 0.755792 0.049927 0.056116
34 0.619759 0.645308 0.025397 0.022163
34 0.662047 0.549585 0.043521 0.024055
34 0.854406 0.645254 0.025608 0.022066
34 0.815841 0.645829 0.007838 0.020259
34 0.817196 0.587223 0.007413 0.018321
34 0.719442 0.573634 0.008247 0.017110
34 0.781779 0.525797 0.048106 0.033708
34 0.821244 0.755801 0.050046 0.056184
34 0.954429 0.573397 0.007863 0.017384
34 0.428728 0.783078 0.013056 0.010983
34 0.582738 0.809203 0.008441 0.018658
35 0.172007 0.121811 0.011166 0.034161
35 0.406434 0.121951 0.011201 0.033881
35 0.641137 0.121917 0.011372 0.034201
35 0.875700 0.121753 0.011348 0.034169
35 0.171907 0.316469 0.011324 0.034716
35 0.406408 0.316733 0.011281 0.034674
35 0.641170 0.316626 0.011334 0.034677
35 0.860816 0.536726 0.028304 0.008339
35 0.875675 0.316616 0.011616 0.034862
35 0.156553 0.540467 0.027627 0.016660
35 0.157207 0.558683 0.027560 0.016386
35 0.117439 0.711840 0.011178 0.034434
35 0.352177 0.711887 0.011606 0.034551
35 0.391179 0.540504 0.027536 0.016803
35 0.391826 0.558671 0.027234 0.016332
35 0.625761 0.540560 0.027712 0.016629
35 0.586870 0.711852 0.011376 0.034374
35 0.861140 0.558730 0.027401 0.016298
35 0.860424 0.540470 0.027464 0.016529
35 0.821487 0.711862 0.011422 0.034583
35 0.587586 0.846378 0.011529 0.035497
34 0.171294 0.092807 0.035361 0.022531
34 0.147643 0.233304 0.024303 0.020898
34 0.143976 0.169225 0.012919 0.011274
34 0.166722 0.200587 0.007853 0.023796
34 0.401178 0.200606 0.008006 0.023884
34 0.378438 0.169268 0.013008 0.011348
34 0.538525 0.783108 0.013348 0.011094
34 0.382338 0.233578 0.025228 0.020977
34 0.405953 0.092709 0.035600 0.022687
34 0.640547 0.092660 0.035542 0.022602
34 0.617024 0.233276 0.025091 0.021006
34 0.636001 0.200675 0.007752 0.023608
34 0.613115 0.169258 0.013286 0.011339
34 0.847852 0.169221 0.013358 0.011391
34 0.870649 0.200596 0.007643 0.023688
34 0.875078 0.092945 0.035320 0.022192
34 0.851571 0.233313 0.025592 0.021023
34 0.100058 0.376746 0.023989 0.021282
34 0.098913 0.474555 0.024357 0.021604
34 0.171737 0.345225 0.045242 0.022687
34 0.144492 0.272337 0.026821 0.021168
34 0.151231 0.419865 0.012840 0.011117
34 0.111948 0.426626 0.007869 0.017692
34 0.334667 0.377166 0.025183 0.021114
34 0.239613 0.420507 0.012937 0.011063
34 0.346555 0.426614 0.007623 0.017703
34 0.333539 0.475238 0.025270 0.021704
34 0.385713 0.419920 0.012695 0.011314
34 0.412899 0.405289 0.025721 0.021345
34 0.406461 0.345028 0.045012 0.022528
34 0.379068 0.271746 0.026992 0.021217
34 0.445659 0.398074 0.025705 0.020673
34 0.474966 0.420494 0.012873 0.011043
34 0.569467 0.376771 0.025111 0.021322
34 0.581340 0.426583 0.008078 0.017749
34 0.620501 0.419860 0.012778 0.011314
34 0.647512 0.404913 0.025669 0.021402
34 0.641191 0.345034 0.044952 0.022602
34 0.568244 0.474434 0.025340 0.021596
34 0.211108 0.397482 0.024710 0.020687
34 0.680422 0.397581 0.025913 0.020667
34 0.613875 0.271714 0.027025 0.021205
34 0.815934 0.426636 0.007581 0.017808
34 0.855036 0.419853 0.012687 0.011311
34 0.709580 0.420457 0.010618 0.011271
34 0.875652 0.345121 0.045199 0.022548
34 0.804005 0.376734 0.025407 0.021385
0 0.821354 0.475537 0.008046 0.021841
0 0.821432 0.377942 0.008352 0.022029
17 0.821255 0.549441 0.025040 0.036096
8 0.167590 0.272055 0.016493 0.020661
8 0.402539 0.272003 0.017718 0.021944
8 0.637218 0.271975 0.018211 0.022685
8 0.871756 0.271368 0.018290 0.019738
6 0.127465 0.426529 0.006041 0.009005
6 0.117938 0.440375 0.007871 0.011807
6 0.117579 0.412407 0.006237 0.008045
6 0.352133 0.412459 0.006358 0.008111
6 0.225703 0.426620 0.005701 0.008812
6 0.352141 0.440591 0.006535 0.008182
6 0.362115 0.426537 0.006330 0.009444
6 0.460265 0.426492 0.005864 0.008435
6 0.695074 0.426533 0.005518 0.008586
6 0.596765 0.426565 0.005975 0.008871
6 0.586874 0.412365 0.006158 0.008236
6 0.586831 0.440490 0.006350 0.007974
6 0.821500 0.412472 0.006610 0.008416
6 0.831570 0.426577 0.005768 0.008743
6 0.821611 0.440524 0.006545 0.008168
6 0.929597 0.426579 0.005633 0.008604
6 0.117642 0.672444 0.006561 0.007173
6 0.117840 0.611909 0.006362 0.007592
6 0.117741 0.618588 0.006162 0.007452
34 0.651863 0.783072 0.013074 0.011171
34 0.585282 0.886689 0.086716 0.046680
34 0.905302 0.783163 0.013284 0.011063
33 0.127327 0.645484 0.018610 0.015779
33 0.361996 0.645504 0.019009 0.015671
33 0.596639 0.645546 0.018781 0.015634
33 0.831259 0.645534 0.018977 0.015651
17 0.117462 0.550117 0.024565 0.034072
17 0.352196 0.549441 0.025040 0.033400
17 0.586880 0.550117 0.025278 0.037447
6 0.117791 0.625128 0.006062 0.007030
6 0.117642 0.678913 0.006561 0.006609
6 0.117614 0.665436 0.006440 0.007960
6 0.352273 0.672221 0.006162 0.007247
6 0.352349 0.665815 0.005717 0.007458
6 0.352273 0.625322 0.007053 0.006512
6 0.352311 0.611983 0.006535 0.007353
6 0.352311 0.619127 0.006535 0.006723
6 0.352422 0.678524 0.006610 0.007039
6 0.586879 0.672227 0.006271 0.006928
6 0.586835 0.679032 0.006873 0.007412
6 0.586856 0.665351 0.006307 0.008005
6 0.586878 0.618510 0.006442 0.008629
6 0.586921 0.625620 0.006529 0.006805
6 0.587135 0.612130 0.006100 0.007293
6 0.821658 0.678624 0.007015 0.007159
6 0.821601 0.672278 0.006670 0.006506
6 0.821601 0.611919 0.005981 0.008786
6 0.821612 0.665302 0.006459 0.007931
6 0.821427 0.625261 0.007017 0.007159
6 0.821601 0.618995 0.006670 0.007971
34 0.802911 0.474571 0.025645 0.021630
34 0.848699 0.271717 0.026237 0.021399
34 0.943544 0.420517 0.013167 0.011146
34 0.915084 0.397532 0.026211 0.020775
34 0.113313 0.587340 0.007568 0.018339
34 0.112516 0.506274 0.007941 0.016252
34 0.111900 0.645911 0.008090 0.020177
34 0.150381 0.645241 0.024778 0.022172
34 0.077981 0.525795 0.047804 0.033671
34 0.117172 0.754695 0.049416 0.053733
34 0.250081 0.573185 0.008030 0.018014
34 0.346669 0.645819 0.007879 0.020046
34 0.347827 0.587286 0.007564 0.018264
34 0.346986 0.506877 0.008038 0.017458
34 0.351663 0.756080 0.049732 0.056555
34 0.312511 0.525928 0.048084 0.034078
5 0.412877 0.427005 0.013054 0.022856
5 0.647657 0.426965 0.013840 0.023004
3 0.168644 0.233827 0.016358 0.021077
3 0.403117 0.233846 0.016493 0.021023
3 0.637920 0.233906 0.016255 0.020983
3 0.872429 0.233856 0.016180 0.020707
0 0.117412 0.475577 0.007955 0.021909
0 0.117393 0.377856 0.008179 0.021804
0 0.352198 0.475504 0.008135 0.021798
0 0.352159 0.377834 0.008310 0.021926
0 0.354247 0.377860 0.004222 0.022291
0 0.354272 0.475530 0.004273 0.022590
0 0.586835 0.475645 0.007945 0.021830
0 0.586851 0.377915 0.008010 0.021827
