34 0.627696 0.454545 0.019946 0.015110
34 0.676233 0.413936 0.021998 0.024645
34 0.666417 0.470345 0.020187 0.015195
34 0.591126 0.330512 0.005979 0.017153
34 0.143644 0.522516 0.019617 0.015247
34 0.776432 0.421805 0.028223 0.030114
34 0.817755 0.444260 0.019732 0.015349
34 0.833606 0.487371 0.019601 0.015751
34 0.779752 0.455056 0.019541 0.015304
34 0.780180 0.398936 0.019430 0.014924
34 0.817555 0.366109 0.019925 0.015768
34 0.763900 0.324966 0.019871 0.015295
34 0.809528 0.476342 0.018854 0.015170
34 0.780044 0.349779 0.019674 0.014520
34 0.727899 0.489491 0.019722 0.016042
34 0.549428 0.390409 0.005907 0.014782
34 0.334689 0.565103 0.015622 0.013197
34 0.310047 0.718042 0.028000 0.014335
34 0.326169 0.688461 0.019430 0.015805
34 0.307599 0.670053 0.004472 0.010017
34 0.289516 0.587317 0.012254 0.008290
34 0.317853 0.538096 0.034887 0.020336
34 0.349423 0.640304 0.011642 0.007789
34 0.218092 0.573924 0.007462 0.017310
34 0.286009 0.656654 0.019202 0.015708
34 0.479497 0.656452 0.029728 0.028196
34 0.460058 0.532944 0.005633 0.014642
34 0.399040 0.729440 0.017323 0.010855
34 0.522473 0.735195 0.019297 0.014768
34 0.476416 0.536758 0.019633 0.015574
34 0.448375 0.577113 0.006235 0.016033
34 0.380170 0.505617 0.020860 0.014802
34 0.367065 0.603786 0.016386 0.014708
34 0.418443 0.729427 0.016523 0.012602
34 0.361335 0.540834 0.018370 0.014845
34 0.437149 0.579436 0.006438 0.013662
34 0.430422 0.541659 0.015570 0.013531
34 0.442761 0.664099 0.019599 0.015004
34 0.523857 0.562821 0.015453 0.013354
34 0.507786 0.612274 0.005701 0.016808
34 0.492512 0.585722 0.006100 0.015942
34 0.391632 0.690031 0.019367 0.015178
34 0.367042 0.685779 0.019112 0.015361
34 0.390057 0.531630 0.020353 0.014631
0 0.496305 0.848122 0.003836 0.008869
0 0.908675 0.682303 0.003600 0.008812
0 0.908603 0.666891 0.003745 0.009011
0 0.918066 0.653406 0.007119 0.005523
0 0.896090 0.714896 0.006245 0.004987
0 0.740095 0.655765 0.003691 0.009023
0 0.776183 0.523065 0.005044 0.013465
0 0.878794 0.714972 0.006517 0.005167
0 0.874012 0.653440 0.006960 0.005306
0 0.567887 0.610902 0.003735 0.009595
34 0.696216 0.414789 0.007303 0.016828
34 0.620476 0.487588 0.011843 0.007948
34 0.533893 0.440771 0.005804 0.016047
34 0.676593 0.319722 0.019754 0.015740
34 0.354833 0.255777 0.005387 0.013406
34 0.491550 0.413287 0.010369 0.006443
34 0.522502 0.273490 0.019537 0.022682
34 0.401868 0.310328 0.005473 0.014238
34 0.531789 0.308027 0.005737 0.016651
34 0.636135 0.259773 0.013221 0.008079
34 0.586639 0.462824 0.011900 0.008447
34 0.565314 0.481952 0.020991 0.022781
34 0.574306 0.355208 0.012770 0.008746
35 0.465934 0.080125 0.006876 0.020576
34 0.663072 0.493802 0.037836 0.021049
35 0.395674 0.329182 0.006702 0.019424
0 0.553492 0.524320 0.003487 0.008675
0 0.562505 0.718634 0.003616 0.008678
0 0.641076 0.735343 0.006716 0.005056
0 0.586565 0.734511 0.003114 0.008641
0 0.583127 0.723671 0.003211 0.008544
0 0.620318 0.510540 0.006402 0.005019
0 0.622799 0.563629 0.006602 0.005469
0 0.360324 0.553792 0.014666 0.011687
0 0.420761 0.541455 0.003566 0.009231
0 0.376897 0.602704 0.003568 0.008663
0 0.520428 0.590268 0.003592 0.009051
0 0.514366 0.562626 0.003415 0.008615
0 0.418398 0.738079 0.006547 0.004816
0 0.344894 0.564195 0.003463 0.008863
0 0.297752 0.655607 0.003501 0.008564
35 0.637735 0.492294 0.014144 0.009353
35 0.535143 0.324766 0.006547 0.019963
35 0.318246 0.553472 0.017657 0.010644
35 0.310113 0.697608 0.008650 0.026238
35 0.400729 0.738437 0.014319 0.008775
35 0.388822 0.571969 0.018529 0.011935
35 0.646637 0.574295 0.013999 0.009803
35 0.588971 0.590041 0.018848 0.012377
35 0.729024 0.610621 0.008753 0.027090
0 0.156220 0.523027 0.004784 0.013052
0 0.776202 0.324876 0.005071 0.013571
0 0.653637 0.469289 0.003423 0.008877
0 0.664948 0.319414 0.003465 0.008877
0 0.640622 0.454390 0.004944 0.012742
34 0.201574 0.486701 0.021267 0.015865
34 0.537250 0.343169 0.029940 0.018598
34 0.780237 0.372357 0.019857 0.029296
34 0.620616 0.501114 0.019275 0.014597
34 0.860678 0.497029 0.018765 0.015888
34 0.704996 0.562873 0.005721 0.016483
34 0.731297 0.888210 0.020121 0.014739
34 0.731211 0.903418 0.018683 0.014611
34 0.533767 0.900313 0.018461 0.014620
34 0.183878 0.140178 0.027909 0.030598
33 0.564993 0.516022 0.007701 0.021875
25 0.464905 0.219966 0.216886 0.098529
20 0.553334 0.503577 0.012836 0.025107
20 0.479189 0.678098 0.155195 0.078795
4 0.512337 0.504280 0.015048 0.020929
3 0.678488 0.750543 0.014591 0.020037
0 0.528054 0.390557 0.003481 0.008222
0 0.287010 0.285415 0.003276 0.008909
0 0.285927 0.424372 0.003989 0.008795
0 0.272943 0.447610 0.005407 0.013357
0 0.156188 0.324799 0.004833 0.013662
34 0.531402 0.663934 0.019049 0.015785
34 0.241045 0.424933 0.005522 0.021123
33 0.592638 0.677817 0.007568 0.017070
34 0.569963 0.731261 0.010316 0.006632
6 0.583341 0.797384 0.003056 0.004753
34 0.512144 0.940898 0.024446 0.016426
0 0.747104 0.240400 0.005091 0.013500
0 0.747012 0.042052 0.004803 0.013206
0 0.183865 0.042056 0.005131 0.013272
0 0.183701 0.240282 0.004839 0.013252
1 0.643021 0.921433 0.008378 0.006458
1 0.640947 0.837891 0.007889 0.006560
1 0.428210 0.801827 0.015147 0.012437
1 0.893216 0.746513 0.014361 0.010781
1 0.640898 0.754984 0.008618 0.006036
3 0.857302 0.785962 0.015296 0.021619
3 0.687663 0.948990 0.011809 0.016469
3 0.680463 0.832820 0.015125 0.020835
0 0.915026 0.775463 0.003441 0.008783
0 0.915057 0.760090 0.003378 0.008780
0 0.719915 0.888121 0.003489 0.009099
0 0.774181 0.769540 0.006227 0.004756
0 0.791913 0.760607 0.003338 0.008943
0 0.791893 0.778785 0.003342 0.009117
0 0.719945 0.902689 0.003745 0.009339
0 0.651041 0.935024 0.003541 0.008658
0 0.578295 0.775020 0.003600 0.009037
0 0.586571 0.817756 0.003284 0.008940
0 0.552566 0.867297 0.003396 0.008319
0 0.639662 0.945266 0.006241 0.005181
0 0.552607 0.786036 0.003372 0.008475
0 0.639872 0.776472 0.006549 0.005249
0 0.542688 0.858427 0.006239 0.004976
0 0.583157 0.886409 0.003360 0.008903
0 0.649206 0.786096 0.003554 0.008817
0 0.649207 0.868464 0.003656 0.009188
0 0.583136 0.806178 0.003302 0.008698
0 0.561525 0.805020 0.003521 0.008621
0 0.586419 0.901898 0.003656 0.009467
0 0.542810 0.776120 0.006600 0.004791
0 0.641051 0.818008 0.006843 0.005341
0 0.578381 0.941763 0.003451 0.008917
0 0.649112 0.766073 0.003276 0.008515
0 0.638888 0.858994 0.006176 0.004964
0 0.540595 0.945038 0.006372 0.004696
0 0.559117 0.890098 0.003415 0.008740
0 0.552532 0.955526 0.003646 0.009228
0 0.643716 0.901184 0.006448 0.005098
0 0.649228 0.848537 0.003558 0.008860
0 0.651080 0.954782 0.003691 0.009336
3 0.681531 0.916862 0.014952 0.020980
0 0.578632 0.857810 0.003787 0.008735
0 0.500912 0.765449 0.003850 0.008800
0 0.487242 0.931857 0.003715 0.008854
0 0.434381 0.751130 0.003467 0.007817
0 0.413300 0.816190 0.003727 0.009364
0 0.378849 0.816213 0.003515 0.009416
3 0.678518 0.802837 0.008298 0.012086
3 0.679510 0.887546 0.008928 0.011992
3 0.686998 0.865929 0.011878 0.016401
3 0.686900 0.781003 0.011890 0.016358
3 0.512502 0.916827 0.015624 0.020949
3 0.515690 0.834081 0.011944 0.016278
3 0.398507 0.797472 0.014992 0.021664
3 0.522834 0.753390 0.011781 0.012337
3 0.859584 0.741895 0.015030 0.021214
3 0.859413 0.703948 0.014990 0.021644
3 0.678522 0.719062 0.008382 0.012499
3 0.606195 0.549443 0.015500 0.021958
3 0.564541 0.569498 0.015552 0.021488
3 0.493364 0.535979 0.015927 0.022519
3 0.389949 0.549500 0.015570 0.021804
4 0.832491 0.785973 0.015921 0.022069
4 0.348870 0.797472 0.015169 0.021129
4 0.834829 0.742164 0.015496 0.021411
4 0.830484 0.703951 0.016138 0.021946
4 0.606177 0.524528 0.016046 0.020730
5 0.713811 0.676924 0.013767 0.010370
5 0.380972 0.518075 0.005546 0.012240
6 0.719914 0.880484 0.003459 0.003329
6 0.561556 0.795272 0.002992 0.003824
6 0.583108 0.876847 0.002953 0.004300
6 0.531788 0.837776 0.003032 0.003884
6 0.559049 0.880412 0.002446 0.003502
6 0.538097 0.754598 0.003157 0.004061
6 0.600007 0.837694 0.003531 0.003425
6 0.599883 0.754903 0.003014 0.003856
6 0.373848 0.801879 0.003517 0.004283
6 0.527929 0.921821 0.004218 0.005090
6 0.562517 0.708665 0.002782 0.003594
6 0.583061 0.714346 0.002589 0.004052
6 0.415311 0.534675 0.002556 0.003166
6 0.514289 0.553302 0.002804 0.003565
6 0.783184 0.317367 0.002867 0.002616
6 0.665212 0.309830 0.003082 0.004363
6 0.466583 0.354004 0.003896 0.004474
6 0.287135 0.275661 0.002897 0.004141
6 0.163534 0.317588 0.002774 0.003138
6 0.754173 0.034732 0.002311 0.003793
6 0.190922 0.034956 0.002762 0.004007
11 0.582432 0.921918 0.018630 0.024902
11 0.582222 0.757150 0.018159 0.019858
11 0.582249 0.837804 0.018257 0.024574
15 0.928643 0.746781 0.009897 0.014389
20 0.658297 0.415697 0.014639 0.050835
20 0.290655 0.371146 0.014714 0.050624
21 0.915090 0.786309 0.005812 0.008920
21 0.791886 0.789303 0.005524 0.008678
21 0.578645 0.867156 0.005631 0.008475
21 0.552719 0.964614 0.005739 0.009080
21 0.578246 0.950915 0.005763 0.008937
21 0.552697 0.795171 0.005036 0.008284
21 0.651204 0.966372 0.005848 0.008173
21 0.649233 0.797516 0.005320 0.008319
21 0.649386 0.879960 0.005774 0.008185
21 0.552814 0.876406 0.005753 0.008743
21 0.578120 0.784260 0.005649 0.008783
21 0.434223 0.764233 0.005735 0.008871
21 0.487400 0.941110 0.005993 0.008792
21 0.413408 0.827053 0.005763 0.008475
21 0.496318 0.857063 0.005332 0.008210
21 0.500826 0.774575 0.006136 0.008381
21 0.378792 0.827093 0.005602 0.008470
21 0.908690 0.693155 0.005655 0.008515
21 0.903736 0.721986 0.005498 0.008948
21 0.740233 0.665239 0.005888 0.009117
21 0.776284 0.538646 0.006187 0.009427
21 0.633912 0.569117 0.005991 0.008931
21 0.632010 0.515677 0.005669 0.008777
21 0.553476 0.533112 0.005699 0.008544
21 0.567855 0.620017 0.005898 0.008487
21 0.376937 0.611917 0.005687 0.008860
21 0.520353 0.599500 0.005520 0.009071
21 0.415026 0.537596 0.005463 0.008968
21 0.344936 0.573941 0.005274 0.008492
21 0.297668 0.664886 0.005655 0.008723
21 0.156094 0.538700 0.006265 0.009382
21 0.783426 0.320068 0.005401 0.008504
21 0.653626 0.478202 0.005661 0.008401
21 0.528110 0.399715 0.005894 0.009000
21 0.183763 0.256034 0.006027 0.009276
21 0.285931 0.433635 0.005975 0.009008
21 0.163382 0.319879 0.005842 0.008564
21 0.747041 0.255875 0.006156 0.008985
21 0.754255 0.037707 0.005737 0.008946
21 0.191051 0.037620 0.006046 0.008800
22 0.564826 0.837672 0.009478 0.013394
22 0.564950 0.754812 0.009158 0.013881
22 0.564868 0.921657 0.009208 0.013933
22 0.535772 0.289621 0.015137 0.020673
22 0.594616 0.265616 0.015506 0.022220
22 0.395638 0.289789 0.015872 0.021208
22 0.335968 0.265644 0.015514 0.022306
22 0.628292 0.220197 0.015234 0.022610
22 0.613072 0.177723 0.015512 0.021972
22 0.650224 0.149782 0.015951 0.023086
22 0.313019 0.219972 0.016062 0.022109
22 0.268796 0.149664 0.015691 0.022514
22 0.323723 0.177834 0.015757 0.022343
33 0.611853 0.910794 0.007905 0.010194
33 0.535512 0.830066 0.007156 0.012511
33 0.611915 0.826956 0.007887 0.010054
33 0.534404 0.914008 0.007276 0.012913
33 0.611943 0.815808 0.007762 0.009940
33 0.612149 0.899709 0.007413 0.009724
33 0.478607 0.913991 0.007371 0.013414
33 0.485421 0.830074 0.007554 0.012972
33 0.779505 0.737184 0.007661 0.016666
33 0.750838 0.731928 0.007478 0.013779
33 0.730345 0.731891 0.007488 0.013676
33 0.611879 0.744317 0.007959 0.010066
33 0.611854 0.733246 0.008000 0.010157
33 0.563614 0.679480 0.007442 0.015278
33 0.621510 0.679866 0.007162 0.016113
33 0.542645 0.746922 0.006873 0.011867
33 0.379863 0.696777 0.007764 0.011297
33 0.354742 0.688775 0.005214 0.012864
33 0.428995 0.663515 0.008429 0.012553
33 0.517498 0.665554 0.007985 0.012237
33 0.493903 0.747509 0.007556 0.013605
33 0.379681 0.691969 0.005344 0.022234
33 0.339981 0.689810 0.007303 0.013209
33 0.766287 0.363873 0.007478 0.010345
33 0.766331 0.397827 0.007464 0.010906
33 0.766325 0.378119 0.007403 0.010522
33 0.799880 0.366281 0.015083 0.010824
33 0.766332 0.349141 0.007502 0.010479
33 0.799718 0.443762 0.014597 0.010824
33 0.820293 0.489808 0.007125 0.018225
33 0.765825 0.453843 0.007758 0.012160
33 0.796377 0.476860 0.007117 0.014517
33 0.846994 0.498245 0.007212 0.014386
33 0.742385 0.488696 0.008227 0.030080
33 0.187049 0.493515 0.007099 0.021337
33 0.145965 0.397558 0.007534 0.010470
33 0.146237 0.377662 0.007566 0.010610
33 0.146262 0.348260 0.007568 0.010616
33 0.146016 0.362816 0.007444 0.010504
33 0.134730 0.368595 0.009855 0.010835
33 0.133595 0.476566 0.007222 0.012140
33 0.134863 0.443924 0.009948 0.010596
33 0.112140 0.489665 0.007673 0.018179
33 0.087734 0.498689 0.007305 0.012950
33 0.145608 0.455137 0.007490 0.011904
33 0.768084 0.191153 0.006096 0.020009
33 0.790602 0.205455 0.007313 0.021225
33 0.810938 0.214501 0.006380 0.015323
33 0.756536 0.094709 0.007359 0.010365
33 0.756481 0.067293 0.007204 0.010607
33 0.756819 0.174145 0.007780 0.010838
33 0.768796 0.161438 0.010909 0.010883
33 0.724304 0.202246 0.007278 0.015987
33 0.756502 0.081297 0.007282 0.010299
33 0.757539 0.117233 0.007669 0.010345
33 0.768698 0.085561 0.010659 0.010587
33 0.217840 0.202321 0.007397 0.016423
33 0.120906 0.215504 0.007488 0.013340
33 0.142076 0.207005 0.007673 0.017002
33 0.163386 0.194644 0.006841 0.013471
33 0.174597 0.115611 0.008614 0.011023
33 0.175196 0.096793 0.007436 0.010570
33 0.174572 0.080383 0.007520 0.010308
33 0.174024 0.173384 0.007726 0.010638
33 0.162326 0.161452 0.010123 0.010940
33 0.174538 0.066518 0.007548 0.010197
33 0.162168 0.085675 0.010443 0.011054
34 0.280775 0.133410 0.019031 0.022608
34 0.348109 0.249491 0.019297 0.022608
34 0.276297 0.285067 0.017820 0.013508
34 0.302317 0.200483 0.021128 0.021952
34 0.178512 0.042502 0.004889 0.014654
34 0.188992 0.116133 0.018419 0.014836
34 0.178648 0.240325 0.005153 0.014722
34 0.241743 0.222997 0.006958 0.016680
34 0.188651 0.082576 0.018822 0.014523
34 0.287623 0.239050 0.006648 0.015506
34 0.188835 0.097371 0.018620 0.014172
34 0.336511 0.160854 0.019110 0.023451
34 0.187505 0.173217 0.018499 0.015338
34 0.277327 0.259853 0.013380 0.007971
34 0.465965 0.062361 0.030890 0.014463
34 0.597866 0.901375 0.019063 0.014873
34 0.639322 0.767730 0.015727 0.011983
34 0.542137 0.767140 0.017889 0.012388
34 0.623930 0.829513 0.015624 0.014357
34 0.595470 0.916627 0.011783 0.008028
34 0.624506 0.911604 0.017526 0.014545
34 0.596692 0.818524 0.017667 0.014346
34 0.567357 0.774986 0.016809 0.014788
34 0.688840 0.796852 0.017901 0.014041
34 0.660242 0.848820 0.018102 0.014848
34 0.541738 0.849833 0.017992 0.012092
34 0.710609 0.834329 0.005570 0.016825
34 0.680724 0.815637 0.017311 0.014175
34 0.659168 0.766614 0.016732 0.014791
34 0.901797 0.776646 0.017518 0.015702
34 0.656019 0.911801 0.005338 0.012454
34 0.543322 0.786965 0.014891 0.014922
34 0.710553 0.906120 0.005888 0.016674
34 0.595725 0.832793 0.011894 0.007603
34 0.548471 0.888802 0.017764 0.014474
34 0.661704 0.934751 0.017651 0.014716
34 0.541775 0.956992 0.017909 0.014753
34 0.536165 0.816372 0.015884 0.014454
34 0.686196 0.850603 0.020457 0.014389
34 0.659994 0.869038 0.017732 0.015124
34 0.662371 0.954880 0.017969 0.014805
34 0.638570 0.850388 0.016044 0.012425
34 0.660272 0.786525 0.019017 0.015403
34 0.686885 0.766033 0.019047 0.014215
34 0.624099 0.813947 0.017738 0.014517
34 0.541741 0.868192 0.017828 0.014423
34 0.618456 0.766049 0.024200 0.013021
34 0.699358 0.809198 0.005469 0.014394
34 0.595627 0.805098 0.010073 0.008019
34 0.566839 0.942005 0.019883 0.015170
34 0.566873 0.857726 0.017643 0.014671
34 0.687340 0.934118 0.020175 0.014278
34 0.639237 0.936077 0.018251 0.013842
34 0.573506 0.803092 0.018999 0.014101
34 0.591472 0.858626 0.020687 0.023545
34 0.571456 0.885750 0.019758 0.014360
34 0.539480 0.936080 0.020395 0.014543
34 0.680818 0.899628 0.020294 0.014189
34 0.642101 0.828079 0.017792 0.013730
34 0.565434 0.823856 0.018600 0.014944
34 0.694562 0.750543 0.013221 0.006643
34 0.596499 0.888282 0.010355 0.008806
34 0.568744 0.814102 0.010735 0.007162
34 0.697238 0.916614 0.009307 0.007700
34 0.566338 0.907739 0.018255 0.014360
34 0.664745 0.902444 0.005759 0.013522
34 0.730800 0.811763 0.007168 0.008324
34 0.643384 0.911475 0.017937 0.014121
34 0.644085 0.891651 0.018066 0.013984
34 0.567232 0.896765 0.010423 0.007164
34 0.550973 0.806798 0.017849 0.014469
34 0.617924 0.848425 0.023854 0.012724
34 0.545633 0.832693 0.011277 0.007432
34 0.641728 0.808598 0.017961 0.014089
34 0.624595 0.895759 0.020024 0.014973
34 0.424503 0.752216 0.015268 0.009989
34 0.507465 0.750480 0.012000 0.006518
34 0.503325 0.832640 0.011541 0.007475
34 0.547647 0.916845 0.011753 0.007347
34 0.691515 0.882365 0.019766 0.014494
34 0.655097 0.828323 0.005717 0.012941
34 0.550727 0.750402 0.011769 0.006361
34 0.596152 0.750606 0.012200 0.006768
34 0.615426 0.934588 0.027552 0.013696
34 0.696300 0.832243 0.011130 0.009017
34 0.592208 0.942060 0.021185 0.023973
34 0.591687 0.774897 0.020353 0.023491
34 0.401352 0.817663 0.020306 0.014865
34 0.517313 0.771227 0.024577 0.014565
34 0.367551 0.816931 0.018141 0.015315
34 0.385054 0.797173 0.011616 0.007296
34 0.515749 0.818143 0.020427 0.014725
34 0.478494 0.898894 0.020187 0.015400
34 0.474981 0.932321 0.020296 0.015158
34 0.484021 0.848431 0.020113 0.014896
34 0.484869 0.815581 0.020802 0.015044
34 0.349334 0.778940 0.020828 0.015389
34 0.364454 0.796877 0.013312 0.008339
34 0.316903 0.793515 0.030312 0.009008
34 0.398048 0.778755 0.020786 0.015668
34 0.511735 0.899265 0.020498 0.014916
34 0.489338 0.765674 0.019180 0.015395
34 0.428547 0.787960 0.020598 0.015115
34 0.496220 0.916205 0.012129 0.008159
34 0.457603 0.776039 0.006136 0.017093
34 0.513328 0.854506 0.025242 0.014329
34 0.725520 0.634612 0.005955 0.013853
34 0.803215 0.761932 0.019287 0.014819
34 0.859164 0.724208 0.019412 0.014440
34 0.710451 0.724164 0.005713 0.016694
34 0.967030 0.733914 0.029039 0.014223
34 0.903347 0.760125 0.019402 0.014716
34 0.918052 0.643491 0.018272 0.014580
34 0.919294 0.666907 0.017855 0.014463
34 0.896490 0.705834 0.015937 0.014511
34 0.919077 0.682427 0.016450 0.014537
34 0.963150 0.652903 0.029494 0.021565
34 0.884063 0.705995 0.007450 0.014850
34 0.928565 0.731737 0.019978 0.014976
34 0.893387 0.734872 0.019740 0.014976
34 0.945325 0.741338 0.010288 0.007823
34 0.833019 0.768484 0.017782 0.014557
34 0.857061 0.768416 0.019726 0.014853
34 0.878661 0.705593 0.018483 0.014554
34 0.751550 0.717381 0.019857 0.015218
34 0.750400 0.758175 0.024152 0.014098
34 0.842747 0.703507 0.009954 0.008011
34 0.765127 0.741465 0.010278 0.008031
34 0.728327 0.591000 0.027621 0.013759
34 0.859461 0.685822 0.019901 0.015093
34 0.751804 0.656837 0.019265 0.015190
34 0.834811 0.724568 0.020205 0.014631
34 0.774046 0.761046 0.018076 0.012984
34 0.873852 0.643785 0.018070 0.014323
34 0.788329 0.523333 0.019732 0.015603
34 0.625851 0.630476 0.011871 0.009080
34 0.623049 0.553857 0.017242 0.014759
34 0.588219 0.548624 0.019017 0.015150
34 0.573267 0.721368 0.016775 0.014175
34 0.803095 0.779171 0.019144 0.014540
34 0.858177 0.648547 0.009682 0.008225
34 0.729619 0.717311 0.020093 0.014873
34 0.844691 0.785985 0.010695 0.007569
34 0.779469 0.721116 0.022033 0.015677
34 0.830029 0.685992 0.020272 0.015683
34 0.542212 0.734057 0.017280 0.014423
34 0.576829 0.506951 0.020024 0.015081
34 0.655551 0.744752 0.005570 0.012348
34 0.612503 0.640761 0.011698 0.007290
34 0.603164 0.620863 0.011662 0.007940
34 0.606901 0.678256 0.019527 0.015343
34 0.623468 0.650567 0.011827 0.007854
34 0.577365 0.677811 0.019658 0.015104
34 0.623835 0.738824 0.015804 0.028752
34 0.595423 0.722445 0.008989 0.007928
34 0.671327 0.597857 0.011807 0.008424
34 0.596916 0.735007 0.017929 0.014545
34 0.595676 0.569263 0.011908 0.008370
34 0.613652 0.590076 0.027248 0.013596
34 0.634991 0.678217 0.019825 0.015460
34 0.564398 0.552190 0.019742 0.014793
34 0.543916 0.525312 0.015637 0.013303
34 0.666085 0.574145 0.023902 0.014166
34 0.689834 0.712679 0.019583 0.015235
34 0.529978 0.562645 0.003550 0.013064
34 0.677719 0.732968 0.018576 0.014001
34 0.697433 0.676141 0.019990 0.015583
34 0.588182 0.523782 0.019192 0.015782
34 0.534425 0.590979 0.012427 0.015113
34 0.572382 0.699172 0.010312 0.008769
34 0.535776 0.503775 0.011785 0.007771
34 0.641240 0.745550 0.016714 0.013767
34 0.565057 0.741016 0.017613 0.015084
34 0.579791 0.612166 0.019386 0.014762
34 0.551289 0.717030 0.018135 0.014699
34 0.494189 0.733243 0.019357 0.015264
34 0.365503 0.572439 0.026678 0.013086
34 0.478304 0.745700 0.005475 0.016973
34 0.468641 0.745217 0.005892 0.018937
34 0.444863 0.736047 0.005516 0.016392
34 0.392131 0.587398 0.011692 0.008031
34 0.431193 0.725701 0.005810 0.013608
34 0.372069 0.630037 0.011261 0.007501
34 0.640824 0.725865 0.017357 0.014272
34 0.567481 0.585945 0.008378 0.007256
34 0.396302 0.513571 0.009768 0.007518
34 0.403455 0.567982 0.007043 0.006315
35 0.967167 0.746653 0.018004 0.011174
35 0.939304 0.652968 0.017629 0.011761
35 0.316152 0.802075 0.014267 0.008994
35 0.523094 0.945489 0.014408 0.008806
35 0.527609 0.776396 0.013284 0.009396
35 0.524370 0.858264 0.014116 0.008692
35 0.616925 0.945529 0.014301 0.008909
35 0.619022 0.776687 0.013959 0.009048
35 0.618277 0.859202 0.013894 0.009131
35 0.751311 0.769659 0.014170 0.009253
35 0.746592 0.816419 0.017266 0.011180
34 0.768213 0.816251 0.025294 0.009721
34 0.230891 0.200000 0.018463 0.015218
34 0.303374 0.172001 0.013425 0.008635
34 0.188106 0.067053 0.018630 0.014859
34 0.171541 0.042686 0.018791 0.015420
34 0.147311 0.161492 0.018836 0.015135
34 0.171865 0.240368 0.018654 0.015332
34 0.152104 0.185630 0.018999 0.015700
34 0.109528 0.207263 0.019047 0.015831
34 0.131187 0.196235 0.018727 0.015463
34 0.147043 0.086015 0.018884 0.015534
34 0.800469 0.193324 0.019142 0.015244
34 0.734611 0.041697 0.020028 0.015244
34 0.784401 0.086345 0.019897 0.016036
34 0.742661 0.096992 0.019529 0.014662
34 0.582772 0.249399 0.019218 0.022457
34 0.600801 0.159771 0.019184 0.022761
34 0.636280 0.198708 0.020751 0.021730
34 0.633931 0.172102 0.013628 0.008649
34 0.637303 0.133485 0.018727 0.022816
34 0.462711 0.219538 0.027798 0.013719
34 0.119201 0.367549 0.020099 0.016084
34 0.143438 0.324838 0.019962 0.015603
34 0.160979 0.379810 0.019508 0.014805
34 0.160912 0.349695 0.019470 0.014597
34 0.160770 0.364470 0.019335 0.014258
34 0.742768 0.082283 0.019561 0.014449
34 0.821750 0.205115 0.020010 0.015691
34 0.742830 0.067052 0.019480 0.014600
34 0.743921 0.117023 0.019357 0.014885
34 0.746939 0.139751 0.028169 0.029578
34 0.743272 0.173256 0.019440 0.015312
34 0.712373 0.199013 0.016205 0.015426
34 0.778512 0.185212 0.019337 0.015207
34 0.784569 0.161820 0.019948 0.014959
34 0.759620 0.240252 0.019482 0.015722
34 0.303127 0.337964 0.021410 0.023918
34 0.297068 0.425054 0.018048 0.015164
34 0.311649 0.302474 0.005659 0.017595
34 0.259758 0.448122 0.020129 0.015389
34 0.156349 0.421851 0.027931 0.030034
34 0.160771 0.397249 0.019442 0.015221
34 0.119295 0.444031 0.019923 0.015209
34 0.159842 0.457013 0.019450 0.015634
34 0.075173 0.492539 0.019625 0.015805
34 0.121664 0.471928 0.018799 0.015517
34 0.098312 0.487045 0.019214 0.015355
34 0.512924 0.307073 0.005441 0.014585
34 0.519440 0.306466 0.005298 0.013776
34 0.408689 0.305512 0.005266 0.013440
34 0.274231 0.371881 0.006400 0.014677
34 0.325272 0.487891 0.011986 0.008093
34 0.262760 0.309390 0.005657 0.017424
34 0.332729 0.331566 0.005860 0.016765
34 0.320466 0.304679 0.005949 0.016717
34 0.313458 0.462864 0.012057 0.008510
34 0.457482 0.405238 0.010915 0.007843
34 0.512104 0.486455 0.018306 0.015076
34 0.361366 0.537264 0.018461 0.007261
34 0.517486 0.391309 0.017623 0.014845
34 0.493334 0.349054 0.011261 0.008139
34 0.430364 0.537767 0.016126 0.006255
34 0.461845 0.364617 0.012466 0.007261
34 0.455007 0.348995 0.011134 0.007977
34 0.395034 0.347985 0.029460 0.020598
34 0.392112 0.310088 0.005900 0.016415
34 0.407953 0.273075 0.019746 0.021436
34 0.532623 0.380556 0.008840 0.007489
34 0.642471 0.425845 0.006456 0.014032
34 0.655483 0.293538 0.007293 0.015779
