3 0.461829 0.380710 0.009517 0.012950
3 0.780160 0.749374 0.015816 0.021063
3 0.133581 0.500891 0.013842 0.017512
3 0.168744 0.500576 0.014220 0.018193
3 0.098370 0.500352 0.013860 0.019057
20 0.210415 0.755912 0.093956 0.178054
34 0.194498 0.289548 0.019863 0.014577
34 0.763825 0.748460 0.017842 0.017865
34 0.224114 0.290342 0.019496 0.016295
34 0.722121 0.633075 0.062333 0.017863
34 0.576644 0.501701 0.019098 0.015657
34 0.604400 0.501258 0.018985 0.016139
34 0.360282 0.612619 0.019597 0.015343
34 0.354025 0.556639 0.026463 0.014970
34 0.360145 0.630073 0.019323 0.015711
34 0.151992 0.500408 0.018501 0.016432
34 0.082168 0.500313 0.018376 0.016244
34 0.116873 0.500844 0.018707 0.016791
34 0.355711 0.426679 0.018513 0.016292
34 0.357157 0.446119 0.019510 0.015435
34 0.213515 0.540816 0.019287 0.014805
34 0.881922 0.239942 0.033465 0.022710
35 0.355806 0.568887 0.020596 0.011875
0 0.290961 0.574360 0.004428 0.011091
0 0.218425 0.657756 0.004674 0.011220
0 0.305193 0.507294 0.004581 0.011157
0 0.290981 0.556636 0.004444 0.010678
0 0.420233 0.586891 0.004623 0.011832
0 0.502605 0.667073 0.008010 0.006959
0 0.433555 0.586929 0.004651 0.011830
0 0.433591 0.569179 0.004571 0.011257
0 0.469745 0.744067 0.006722 0.016905
0 0.371988 0.630768 0.004545 0.011054
0 0.480929 0.500060 0.004400 0.003813
0 0.372027 0.613123 0.004400 0.010647
0 0.393886 0.587571 0.004883 0.011311
0 0.379695 0.568773 0.008044 0.006728
0 0.420260 0.569164 0.004666 0.011214
0 0.484759 0.667055 0.008177 0.007110
0 0.531020 0.603364 0.004140 0.010992
0 0.702285 0.587133 0.004627 0.011280
0 0.593740 0.571713 0.004515 0.011080
0 0.615998 0.518852 0.004611 0.011000
0 0.564384 0.518812 0.004500 0.011177
0 0.593750 0.554508 0.004410 0.010675
0 0.683274 0.628232 0.004512 0.011129
0 0.629718 0.628254 0.004649 0.011111
0 0.564377 0.502948 0.004386 0.009601
0 0.687966 0.568863 0.008092 0.006515
0 0.629707 0.611768 0.004547 0.011015
0 0.616082 0.502987 0.004488 0.009678
0 0.683218 0.611775 0.004571 0.010909
0 0.867905 0.500788 0.004521 0.005212
0 0.836994 0.603363 0.004525 0.011188
0 0.740615 0.570041 0.004599 0.011339
0 0.819686 0.738038 0.004936 0.011471
0 0.728455 0.587948 0.004637 0.011262
0 0.740621 0.587968 0.004547 0.011280
0 0.728474 0.569993 0.004780 0.011442
0 0.916622 0.737991 0.004343 0.011257
0 0.157357 0.815014 0.004569 0.011089
0 0.130931 0.797552 0.011124 0.008145
0 0.460242 0.865043 0.004662 0.011425
0 0.460223 0.849553 0.004813 0.011451
0 0.774228 0.857787 0.004666 0.011414
0 0.747491 0.799664 0.004333 0.011268
35 0.247566 0.214803 0.008348 0.026888
35 0.260267 0.214732 0.008402 0.027122
35 0.444177 0.214712 0.008141 0.026968
35 0.431442 0.214644 0.008211 0.026609
35 0.702972 0.214668 0.008116 0.026788
35 0.690178 0.214734 0.008173 0.027182
35 0.874107 0.214682 0.008257 0.026794
35 0.886950 0.214625 0.008288 0.026959
35 0.126715 0.346388 0.008676 0.026728
35 0.253229 0.421362 0.008795 0.027563
35 0.236847 0.344262 0.007857 0.025868
35 0.205454 0.474185 0.008527 0.027036
35 0.186827 0.344246 0.008352 0.026304
35 0.507784 0.383745 0.019573 0.011855
35 0.426554 0.344228 0.008475 0.026466
35 0.734977 0.345893 0.008394 0.026612
35 0.260485 0.542401 0.018328 0.011414
35 0.393998 0.611255 0.008765 0.027629
35 0.520910 0.666480 0.019035 0.012277
35 0.420141 0.611267 0.008771 0.027714
35 0.372390 0.746669 0.019378 0.011975
35 0.433718 0.611401 0.008733 0.028131
35 0.702408 0.611131 0.008918 0.027204
35 0.664703 0.568913 0.020409 0.012348
35 0.728547 0.610980 0.008205 0.026914
35 0.740740 0.611034 0.008495 0.027524
35 0.920173 0.542360 0.019198 0.012009
35 0.081117 0.797551 0.021452 0.012331
35 0.146620 0.898956 0.019178 0.012320
35 0.285532 0.890828 0.019001 0.011755
35 0.305503 0.863934 0.019124 0.011396
35 0.698058 0.821123 0.019283 0.011838
34 0.698078 0.811254 0.042550 0.010687
34 0.730605 0.799672 0.007693 0.016147
34 0.447989 0.848539 0.018012 0.015118
34 0.401368 0.880541 0.018255 0.015794
34 0.448102 0.864658 0.018018 0.015460
34 0.306404 0.849171 0.041164 0.019025
34 0.266074 0.849600 0.019444 0.015187
34 0.235438 0.942999 0.033092 0.039946
34 0.236996 0.854731 0.006176 0.018735
34 0.253905 0.120527 0.032790 0.036632
34 0.291956 0.040935 0.015749 0.010351
34 0.271618 0.193133 0.017699 0.014919
34 0.278790 0.127452 0.017548 0.015742
34 0.267901 0.087182 0.018143 0.015076
34 0.268171 0.071278 0.017760 0.015398
34 0.221618 0.164621 0.017470 0.015175
34 0.151102 0.211006 0.018223 0.015987
34 0.151137 0.154115 0.018217 0.016005
34 0.185888 0.079023 0.017667 0.015349
34 0.097182 0.171480 0.006773 0.020601
34 0.712497 0.900388 0.015755 0.009513
34 0.629178 0.072144 0.017639 0.015038
34 0.696538 0.120893 0.032722 0.035848
34 0.664121 0.164574 0.017218 0.015292
34 0.679031 0.193451 0.017748 0.014836
34 0.692426 0.052881 0.014527 0.009439
34 0.455454 0.193089 0.017573 0.014739
34 0.462823 0.155093 0.017218 0.015058
34 0.370478 0.071837 0.017871 0.015472
34 0.451878 0.088091 0.017724 0.015292
34 0.438809 0.239689 0.033904 0.024195
34 0.462720 0.127494 0.017474 0.015563
34 0.848019 0.164806 0.017053 0.015808
34 0.812948 0.072150 0.017758 0.015323
34 0.812636 0.088142 0.017758 0.015663
34 0.862881 0.193406 0.017772 0.014859
34 0.880093 0.120413 0.032949 0.036318
34 0.714160 0.193056 0.017377 0.014765
34 0.721347 0.127362 0.017657 0.015637
34 0.670675 0.134191 0.017724 0.015215
34 0.555058 0.069310 0.018630 0.015440
34 0.697660 0.239830 0.033914 0.024169
34 0.628854 0.088169 0.017796 0.015432
34 0.943506 0.227672 0.018169 0.015372
34 0.894249 0.087962 0.017937 0.015446
34 0.968426 0.042618 0.037145 0.023924
34 0.854341 0.134129 0.017655 0.014870
34 0.711777 0.088170 0.014992 0.015161
34 0.721452 0.155135 0.017486 0.015509
34 0.711916 0.072270 0.015290 0.015135
34 0.894497 0.072106 0.017436 0.015047
34 0.903501 0.127484 0.014110 0.015748
34 0.903460 0.155074 0.014192 0.014902
34 0.885363 0.053102 0.014239 0.008142
34 0.199138 0.498142 0.014267 0.022764
34 0.167496 0.366423 0.006732 0.020655
34 0.129273 0.325653 0.029263 0.015854
34 0.123189 0.433401 0.006317 0.020556
34 0.146669 0.426308 0.018979 0.015403
34 0.204064 0.401710 0.004442 0.015201
34 0.190089 0.327038 0.032393 0.010667
34 0.107126 0.380537 0.007097 0.021650
34 0.888075 0.120011 0.015473 0.036398
34 0.898058 0.193152 0.017667 0.014979
34 0.266334 0.384166 0.019891 0.014779
34 0.218295 0.437013 0.019784 0.015195
34 0.304972 0.476701 0.018296 0.015437
34 0.218427 0.453330 0.019839 0.015962
34 0.234173 0.325939 0.035046 0.012551
34 0.146315 0.398586 0.019376 0.016506
34 0.160171 0.328525 0.018820 0.014731
34 0.149019 0.464669 0.018695 0.015540
34 0.139016 0.373276 0.018576 0.015688
34 0.265557 0.334735 0.018830 0.015244
34 0.222474 0.342318 0.018860 0.015580
34 0.206930 0.498386 0.029472 0.023485
34 0.334954 0.448059 0.018634 0.015047
34 0.344907 0.327791 0.019077 0.015110
34 0.253027 0.303813 0.018830 0.014859
34 0.426819 0.327293 0.035081 0.010111
34 0.471343 0.465678 0.008358 0.017039
34 0.507089 0.367256 0.029726 0.023545
34 0.385616 0.455755 0.011587 0.010633
34 0.422665 0.422485 0.006741 0.023232
34 0.292004 0.328253 0.019093 0.015423
34 0.211082 0.384981 0.018735 0.015526
34 0.265871 0.351560 0.019237 0.015403
34 0.211361 0.401820 0.018870 0.015472
34 0.345862 0.379608 0.019158 0.015814
34 0.266611 0.399944 0.019776 0.015380
34 0.254635 0.445144 0.029166 0.022274
34 0.317911 0.328631 0.019118 0.015842
34 0.457852 0.430570 0.018664 0.015953
34 0.384451 0.487458 0.033096 0.038433
34 0.494668 0.443998 0.018944 0.015229
34 0.420115 0.479323 0.008944 0.016834
34 0.443227 0.483111 0.018348 0.015677
34 0.554701 0.308753 0.007440 0.008877
34 0.482013 0.378695 0.011759 0.009695
34 0.461793 0.365985 0.019923 0.015822
34 0.408558 0.426233 0.018340 0.015457
34 0.406747 0.370363 0.018916 0.016190
34 0.407831 0.479678 0.008552 0.016461
34 0.588971 0.385402 0.013308 0.009726
34 0.458262 0.447856 0.018914 0.016207
34 0.451366 0.405534 0.018707 0.016119
34 0.493286 0.497040 0.018674 0.015922
34 0.486667 0.408160 0.018443 0.015802
34 0.492935 0.479692 0.018441 0.015577
34 0.777094 0.479879 0.032029 0.038584
34 0.808269 0.494353 0.018987 0.015420
34 0.766622 0.455419 0.019521 0.016036
34 0.648473 0.377139 0.018892 0.015058
34 0.558047 0.308651 0.015191 0.008866
34 0.722692 0.428634 0.007500 0.017347
34 0.759820 0.413036 0.019285 0.016646
34 0.855883 0.481632 0.019402 0.015694
34 0.751519 0.483237 0.018425 0.015440
34 0.766384 0.437861 0.019275 0.016429
34 0.856111 0.498582 0.019120 0.015694
34 0.808088 0.477090 0.018783 0.015229
34 0.715231 0.375623 0.019273 0.015879
34 0.707037 0.500097 0.005528 0.015845
34 0.735242 0.328901 0.036027 0.010393
34 0.711977 0.429773 0.007883 0.017096
34 0.730690 0.429273 0.006485 0.022975
34 0.116899 0.564004 0.018451 0.015708
34 0.081886 0.563968 0.018513 0.015654
34 0.199169 0.503783 0.014212 0.011271
34 0.131389 0.712670 0.011831 0.009467
34 0.955590 0.438274 0.007321 0.020083
34 0.845364 0.296325 0.019378 0.015477
34 0.278084 0.771808 0.018513 0.016087
34 0.281479 0.536184 0.011934 0.008088
34 0.217414 0.634172 0.011855 0.009638
34 0.323848 0.722355 0.019637 0.016429
34 0.260112 0.529474 0.021920 0.014942
34 0.343640 0.740154 0.013078 0.009102
34 0.143939 0.609139 0.018854 0.015440
34 0.082803 0.530626 0.018443 0.015375
34 0.117762 0.530640 0.018582 0.015323
34 0.152776 0.530634 0.018392 0.015067
34 0.151845 0.563991 0.018799 0.015614
34 0.213724 0.523353 0.019011 0.015415
34 0.216555 0.699617 0.018018 0.015973
34 0.293077 0.524014 0.018963 0.015637
34 0.279384 0.556257 0.018707 0.015209
34 0.293661 0.507193 0.019466 0.015560
34 0.206502 0.657323 0.018302 0.014873
34 0.206874 0.504003 0.029410 0.011710
34 0.320372 0.519071 0.019144 0.014528
34 0.338602 0.621086 0.019291 0.015537
34 0.372925 0.729715 0.030330 0.023859
34 0.456781 0.744149 0.018284 0.015788
34 0.465944 0.587799 0.006706 0.018407
34 0.527365 0.583554 0.006640 0.017139
34 0.414832 0.632734 0.062863 0.017985
34 0.209614 0.564689 0.018765 0.015443
34 0.209489 0.582412 0.018797 0.015939
34 0.311734 0.612672 0.018807 0.015084
34 0.340534 0.515797 0.018981 0.015338
34 0.287806 0.731942 0.019553 0.015825
34 0.278982 0.573447 0.019301 0.015284
34 0.210835 0.729587 0.033854 0.037948
34 0.311499 0.629836 0.019061 0.014919
34 0.445933 0.568508 0.018699 0.015654
34 0.407930 0.568528 0.018693 0.015392
34 0.378095 0.557467 0.019365 0.015509
34 0.457260 0.773056 0.018163 0.015876
34 0.503288 0.655091 0.018022 0.015705
34 0.525085 0.515591 0.018952 0.015400
34 0.471859 0.515926 0.017885 0.015380
34 0.381833 0.587415 0.018566 0.015714
34 0.380048 0.516140 0.017647 0.015648
34 0.445777 0.725107 0.018225 0.016153
34 0.483951 0.654897 0.017846 0.015016
34 0.505630 0.515953 0.019160 0.014865
34 0.580040 0.536409 0.011833 0.008971
34 0.629715 0.519109 0.019531 0.015494
34 0.576791 0.518718 0.019521 0.015702
34 0.543165 0.568190 0.019247 0.015343
34 0.674671 0.515989 0.019365 0.014942
34 0.581649 0.571690 0.019011 0.015178
34 0.617795 0.611546 0.018942 0.015107
34 0.671281 0.611382 0.019150 0.015309
34 0.445960 0.586211 0.018568 0.015546
34 0.407841 0.586194 0.018624 0.015420
34 0.361133 0.516000 0.017996 0.015170
34 0.544897 0.518481 0.019376 0.015195
34 0.604209 0.518708 0.018922 0.015392
34 0.648616 0.621257 0.019194 0.014939
34 0.653394 0.515825 0.018707 0.015247
34 0.686989 0.557524 0.019430 0.015594
34 0.555472 0.584081 0.006638 0.017162
34 0.543263 0.602546 0.019069 0.015312
34 0.671408 0.628349 0.019380 0.014577
34 0.701287 0.502964 0.018465 0.009632
34 0.662909 0.556069 0.025262 0.015175
34 0.550973 0.666679 0.040306 0.017432
34 0.536052 0.638639 0.012969 0.009464
34 0.581616 0.553729 0.018952 0.015192
34 0.807440 0.737372 0.017530 0.015486
34 0.866814 0.720326 0.012782 0.008786
34 0.828615 0.638434 0.012915 0.009345
34 0.849240 0.602804 0.019216 0.016056
34 0.752849 0.569355 0.018892 0.015546
34 0.843307 0.701724 0.018253 0.015389
34 0.860056 0.584122 0.006442 0.016936
34 0.855684 0.502347 0.017524 0.008398
34 0.617901 0.628634 0.018815 0.015346
34 0.690315 0.586158 0.018495 0.015469
34 0.531410 0.515918 0.006414 0.015654
34 0.884079 0.536361 0.007482 0.007643
34 0.970119 0.508517 0.006930 0.020134
34 0.919899 0.532216 0.028038 0.010655
34 0.891141 0.515208 0.018950 0.015933
34 0.928139 0.738417 0.017623 0.015683
34 0.780731 0.508814 0.018642 0.016096
34 0.809338 0.516039 0.019212 0.015121
34 0.716254 0.587169 0.018616 0.015979
34 0.716297 0.569383 0.018473 0.015170
34 0.849907 0.518822 0.019396 0.014759
34 0.849006 0.568226 0.019160 0.015289
34 0.759575 0.656385 0.018223 0.015517
34 0.829233 0.515798 0.019116 0.015386
34 0.752817 0.587023 0.018817 0.015791
34 0.779588 0.616820 0.006867 0.019225
34 0.355519 0.810953 0.013475 0.009213
34 0.205883 0.858843 0.006577 0.018569
34 0.224738 0.866076 0.006172 0.020906
34 0.278207 0.789122 0.018441 0.015873
34 0.285532 0.877147 0.026563 0.015896
34 0.278298 0.805913 0.018296 0.015412
34 0.194683 0.893636 0.011722 0.008834
34 0.145143 0.814510 0.018912 0.015671
34 0.193587 0.935202 0.019071 0.015386
34 0.146747 0.882351 0.031430 0.022707
34 0.077822 0.780353 0.046793 0.024828
34 0.130061 0.785955 0.019176 0.015016
34 0.176195 0.881030 0.019613 0.015591
34 0.110028 0.791934 0.010745 0.008524
34 0.896243 0.702016 0.018163 0.016019
34 0.411577 0.134159 0.017558 0.015050
34 0.405425 0.164815 0.017341 0.015358
34 0.451886 0.072166 0.017458 0.015076
34 0.412405 0.053249 0.015060 0.009205
34 0.420076 0.193431 0.017665 0.014933
34 0.370228 0.087925 0.017631 0.015765
34 0.528682 0.028710 0.014378 0.009225
34 0.437515 0.120779 0.033350 0.036498
34 0.254928 0.240094 0.033926 0.023066
34 0.227974 0.134313 0.017544 0.015341
34 0.278830 0.155127 0.017575 0.015229
34 0.308529 0.280732 0.019114 0.015452
34 0.186225 0.062820 0.017442 0.015614
34 0.236249 0.193860 0.018143 0.015871
34 0.770750 0.776280 0.018088 0.016104
34 0.762138 0.857110 0.018241 0.015645
34 0.736098 0.799681 0.018066 0.016044
34 0.732410 0.815415 0.013382 0.008789
33 0.284268 0.087511 0.012665 0.012411
33 0.284161 0.071754 0.012307 0.012667
33 0.275971 0.169037 0.013392 0.012505
33 0.202334 0.063740 0.012851 0.012588
33 0.230563 0.148557 0.014921 0.012314
33 0.275889 0.141297 0.013306 0.011946
33 0.202251 0.079119 0.012967 0.012260
33 0.386527 0.072769 0.012828 0.012166
33 0.459955 0.169129 0.013632 0.012468
33 0.467837 0.073156 0.012262 0.012559
33 0.414536 0.148991 0.014619 0.013696
33 0.467907 0.088152 0.012156 0.011989
33 0.386469 0.088105 0.012909 0.012032
33 0.460182 0.141566 0.013282 0.011932
33 0.645180 0.072843 0.012585 0.012286
33 0.645176 0.088173 0.012927 0.012043
33 0.673325 0.148390 0.014498 0.012351
33 0.907374 0.088210 0.006263 0.012288
33 0.719312 0.141576 0.012673 0.012060
33 0.828858 0.088131 0.012901 0.011986
33 0.719007 0.169112 0.013042 0.012428
33 0.857213 0.148468 0.014482 0.012622
33 0.726751 0.088133 0.012893 0.011946
33 0.828961 0.072757 0.012800 0.012223
33 0.726841 0.072776 0.012615 0.012499
33 0.902494 0.169021 0.013376 0.012217
33 0.902554 0.141657 0.013360 0.012337
33 0.910469 0.072730 0.012458 0.012334
33 0.910379 0.088222 0.012728 0.012129
33 0.434449 0.405121 0.013882 0.012875
33 0.441072 0.448242 0.014077 0.012710
33 0.749704 0.455569 0.013691 0.012653
33 0.742823 0.413036 0.014015 0.012907
33 0.749676 0.438608 0.013683 0.013180
33 0.202784 0.699389 0.008844 0.013431
33 0.340718 0.532147 0.008693 0.017615
33 0.193656 0.582955 0.011785 0.012801
33 0.193706 0.564394 0.011900 0.013012
33 0.229921 0.522783 0.011950 0.013323
33 0.229904 0.541143 0.012049 0.012750
33 0.462593 0.725066 0.013691 0.013072
33 0.525025 0.531975 0.008954 0.017857
33 0.506626 0.531810 0.009210 0.018108
33 0.395923 0.516131 0.013372 0.012588
33 0.457260 0.516512 0.012998 0.012875
33 0.361739 0.531892 0.008928 0.018176
33 0.653430 0.532257 0.008910 0.017361
33 0.704335 0.514258 0.013695 0.012311
33 0.675794 0.532371 0.008864 0.017270
33 0.707801 0.514483 0.007053 0.012642
33 0.765534 0.509761 0.013082 0.013103
33 0.810686 0.532449 0.008862 0.017940
33 0.776290 0.656528 0.013705 0.013101
33 0.829178 0.532454 0.009029 0.017846
33 0.891936 0.531959 0.008650 0.017791
33 0.261740 0.773658 0.013290 0.012616
33 0.261949 0.805474 0.013257 0.012066
33 0.261734 0.790408 0.013127 0.012551
33 0.401620 0.897626 0.009259 0.018763
21 0.163262 0.169202 0.006529 0.011565
21 0.567047 0.084231 0.006547 0.011978
21 0.134902 0.440841 0.006029 0.011411
21 0.148578 0.343327 0.006350 0.011203
21 0.161102 0.479481 0.006551 0.012140
21 0.332934 0.342368 0.006328 0.011867
21 0.280382 0.343243 0.006203 0.011490
21 0.306111 0.343186 0.006291 0.011667
21 0.316605 0.492174 0.006287 0.011718
21 0.210884 0.356684 0.006108 0.011043
21 0.482990 0.458140 0.005955 0.011841
21 0.155431 0.622816 0.006487 0.012260
21 0.094862 0.545745 0.006336 0.011878
21 0.164857 0.545792 0.006096 0.011949
21 0.129947 0.545869 0.006162 0.011989
21 0.210612 0.770081 0.020032 0.039775
21 0.290876 0.589768 0.006414 0.011875
21 0.593766 0.586240 0.006364 0.011881
21 0.157187 0.829335 0.007029 0.011944
21 0.460309 0.879518 0.006444 0.011661
21 0.774089 0.872022 0.006454 0.011949
21 0.819732 0.752903 0.006914 0.011362
21 0.916930 0.752890 0.007941 0.011308
19 0.210233 0.920637 0.015373 0.090239
13 0.394606 0.426104 0.010340 0.021858
13 0.375425 0.426130 0.011120 0.021453
6 0.163092 0.199661 0.003481 0.004885
6 0.232375 0.155480 0.003118 0.004127
6 0.416196 0.155677 0.003354 0.004326
6 0.675110 0.155727 0.003177 0.004186
6 0.858629 0.155841 0.002782 0.004426
6 0.253423 0.324561 0.002716 0.003839
6 0.198934 0.375261 0.003215 0.004303
6 0.265259 0.294245 0.003016 0.004694
6 0.305029 0.496194 0.003878 0.005834
6 0.365927 0.399749 0.004585 0.005460
6 0.481013 0.469037 0.004102 0.005460
6 0.431431 0.471938 0.003378 0.005118
6 0.417077 0.460674 0.004102 0.007167
6 0.616047 0.490549 0.003116 0.004551
6 0.564540 0.491067 0.003515 0.005172
6 0.796640 0.467062 0.003920 0.004412
6 0.740124 0.472112 0.003721 0.004269
6 0.719861 0.392019 0.004021 0.005121
6 0.868073 0.470462 0.003374 0.005266
6 0.323595 0.602016 0.004527 0.005121
6 0.218496 0.646636 0.003963 0.004409
6 0.371958 0.601552 0.004102 0.005121
6 0.629689 0.600514 0.003012 0.004129
6 0.683245 0.600409 0.003598 0.004796
6 0.747429 0.788596 0.003618 0.005343
5 0.944422 0.211965 0.007985 0.014121
5 0.294329 0.280802 0.008928 0.009897
5 0.358569 0.460162 0.007238 0.015019
5 0.649359 0.391901 0.006515 0.014335
5 0.830681 0.296322 0.010935 0.009595
5 0.286984 0.746291 0.008586 0.014845
5 0.194068 0.920450 0.006807 0.014950
5 0.287343 0.750889 0.008074 0.007335
5 0.265171 0.863890 0.007103 0.014426
4 0.129781 0.399058 0.013862 0.019205
4 0.224920 0.308863 0.015264 0.021590
4 0.098633 0.563511 0.014136 0.018940
4 0.896706 0.720858 0.015455 0.021818
3 0.195246 0.308944 0.015254 0.021382
3 0.423778 0.370113 0.013946 0.018681
3 0.732076 0.375341 0.014192 0.018125
3 0.168852 0.563383 0.014468 0.019003
3 0.133841 0.563408 0.014531 0.019094
3 0.324469 0.741275 0.015598 0.021405
3 0.339022 0.639203 0.014905 0.021536
3 0.320568 0.536905 0.015157 0.020906
3 0.545631 0.536998 0.015286 0.021160
3 0.649057 0.639219 0.015629 0.021596
3 0.630075 0.537015 0.014879 0.020698
3 0.849954 0.537066 0.015355 0.020812
3 0.843926 0.720533 0.015475 0.021265
3 0.175912 0.895751 0.009607 0.013354
1 0.253297 0.399134 0.004619 0.011399
1 0.205508 0.452321 0.004460 0.010787
1 0.236907 0.685514 0.006996 0.017407
1 0.186482 0.686368 0.008443 0.017746
1 0.531032 0.568128 0.004386 0.010750
1 0.836972 0.568287 0.004815 0.011365
1 0.469731 0.773689 0.006988 0.017529
1 0.783648 0.776644 0.007099 0.017518
0 0.163204 0.210942 0.004450 0.011174
0 0.163431 0.154989 0.004549 0.011100
0 0.232424 0.165187 0.004426 0.011074
0 0.247482 0.193792 0.004601 0.011282
0 0.260185 0.193805 0.004839 0.011416
0 0.416146 0.165197 0.004472 0.011214
0 0.443989 0.193776 0.004811 0.011376
0 0.431252 0.193893 0.004607 0.011308
0 0.675096 0.165248 0.004664 0.011043
0 0.567155 0.069810 0.004764 0.011499
0 0.702820 0.193740 0.004730 0.011328
0 0.690172 0.193899 0.004631 0.011114
0 0.874073 0.193871 0.004347 0.011003
0 0.858987 0.165145 0.004339 0.011089
0 0.886583 0.193760 0.004512 0.011414
0 0.160986 0.465288 0.004539 0.011425
0 0.134828 0.426426 0.004168 0.010977
0 0.126806 0.373444 0.006799 0.016623
0 0.148507 0.328938 0.004557 0.011197
0 0.198756 0.402421 0.004490 0.010986
0 0.253315 0.383451 0.004321 0.010818
0 0.253303 0.352003 0.004434 0.011223
0 0.346225 0.391651 0.008900 0.007293
0 0.205581 0.436609 0.004325 0.011017
0 0.316621 0.476422 0.004607 0.011368
0 0.280356 0.328749 0.004422 0.011593
0 0.198911 0.386228 0.004220 0.011123
0 0.253356 0.335636 0.004339 0.010690
0 0.306029 0.328738 0.004355 0.011456
0 0.332918 0.328052 0.004599 0.011231
0 0.265146 0.304024 0.004877 0.011166
0 0.210706 0.342183 0.004329 0.011280
0 0.334932 0.460551 0.012139 0.009612
0 0.483051 0.443889 0.004466 0.011111
0 0.481037 0.480085 0.004637 0.011570
0 0.431622 0.483276 0.003997 0.010975
0 0.481004 0.496654 0.004623 0.010750
0 0.474495 0.407977 0.005095 0.012345
0 0.796343 0.477693 0.004245 0.010986
0 0.867894 0.498068 0.004510 0.010767
0 0.740024 0.483197 0.004315 0.011228
0 0.867944 0.481693 0.004656 0.011080
0 0.796351 0.494310 0.004406 0.011379
0 0.129873 0.531627 0.004472 0.011017
0 0.164919 0.531586 0.004561 0.011197
0 0.155414 0.608561 0.004345 0.011285
0 0.094972 0.531533 0.004416 0.011166
0 0.323312 0.630777 0.004517 0.011020
0 0.323296 0.613036 0.004343 0.010576
0 0.305079 0.524734 0.004629 0.011319
