1 0.396177 0.508377 0.010961 0.008712
1 0.592624 0.632239 0.006336 0.015688
1 0.657576 0.632328 0.006187 0.015697
1 0.827624 0.797950 0.006481 0.016207
1 0.786024 0.823783 0.010373 0.008889
0 0.475182 0.838562 0.003830 0.009573
0 0.515900 0.844578 0.003618 0.009704
0 0.225802 0.816604 0.003578 0.009766
0 0.376482 0.843736 0.003967 0.009444
0 0.308368 0.816613 0.003735 0.009823
0 0.288377 0.816506 0.003693 0.009792
0 0.246413 0.816589 0.003604 0.009820
0 0.267487 0.816513 0.003741 0.009909
0 0.181621 0.816687 0.003813 0.009641
0 0.096489 0.816364 0.003489 0.009256
0 0.204112 0.800955 0.003602 0.009433
0 0.117316 0.816535 0.003777 0.009991
0 0.074686 0.816398 0.003626 0.009342
0 0.283531 0.174353 0.006660 0.005549
0 0.349433 0.060172 0.006908 0.005720
0 0.310736 0.060234 0.006932 0.005665
0 0.349424 0.121272 0.007019 0.005948
0 0.307855 0.210778 0.004573 0.010556
0 0.109186 0.183547 0.003658 0.009561
0 0.118766 0.183468 0.003523 0.009564
0 0.088948 0.198200 0.003695 0.009390
0 0.173808 0.213207 0.003886 0.010331
0 0.189697 0.113309 0.006807 0.005306
0 0.485019 0.837722 0.003515 0.009652
0 0.521402 0.211718 0.003638 0.009456
0 0.410309 0.181669 0.003294 0.009567
0 0.457938 0.198705 0.003689 0.008968
0 0.465481 0.184724 0.003610 0.010068
0 0.402921 0.197003 0.003683 0.009196
0 0.430169 0.198792 0.003497 0.009062
0 0.437806 0.184702 0.003985 0.010168
0 0.483944 0.198669 0.003513 0.008966
0 0.450801 0.112898 0.011146 0.009182
0 0.376489 0.191656 0.003956 0.009547
0 0.491452 0.179236 0.003525 0.009176
0 0.529210 0.189339 0.002015 0.010892
0 0.383700 0.181401 0.003266 0.009151
0 0.160844 0.399319 0.006664 0.005386
0 0.778676 0.092199 0.006305 0.015449
0 0.778578 0.171764 0.004601 0.010744
0 0.786786 0.230643 0.003753 0.009601
0 0.754486 0.110932 0.011297 0.008846
0 0.795317 0.066966 0.011352 0.009202
0 0.906084 0.044994 0.003759 0.009299
0 0.717333 0.132162 0.011285 0.009419
0 0.669812 0.244266 0.003632 0.009353
0 0.109421 0.325539 0.006755 0.005742
0 0.160805 0.372880 0.006763 0.005492
0 0.109409 0.366184 0.006767 0.005700
0 0.166253 0.262243 0.003791 0.009296
0 0.160837 0.420195 0.006634 0.005577
0 0.109396 0.303850 0.006769 0.005665
0 0.109424 0.386755 0.006745 0.005697
0 0.098325 0.464392 0.003693 0.009535
0 0.160842 0.346988 0.006781 0.005694
0 0.066832 0.464382 0.003640 0.009595
0 0.109390 0.346174 0.006583 0.005526
0 0.156917 0.252065 0.003628 0.005913
0 0.190034 0.385459 0.007071 0.005668
0 0.315974 0.409283 0.003660 0.009510
0 0.315455 0.452011 0.003892 0.009379
0 0.330923 0.386760 0.009996 0.007638
0 0.327947 0.460607 0.003546 0.009256
0 0.283498 0.431254 0.009672 0.007797
0 0.449791 0.386069 0.006767 0.005554
0 0.495235 0.370063 0.006880 0.005677
0 0.449742 0.424064 0.006720 0.005363
0 0.483279 0.283883 0.003632 0.010080
0 0.372196 0.469910 0.009819 0.008091
0 0.433091 0.356547 0.003680 0.009778
0 0.449782 0.404561 0.006793 0.005412
0 0.400395 0.283840 0.003586 0.010063
0 0.454898 0.283772 0.003769 0.010080
0 0.411528 0.431217 0.009333 0.007643
0 0.449749 0.369124 0.006678 0.005748
0 0.495247 0.387281 0.006767 0.005551
0 0.504506 0.269310 0.003618 0.009763
0 0.393207 0.269275 0.003509 0.009806
0 0.511708 0.283849 0.003840 0.010125
0 0.447783 0.269367 0.003938 0.010054
0 0.476055 0.269336 0.003628 0.009832
0 0.427670 0.283843 0.003616 0.010120
0 0.495265 0.405306 0.006795 0.005437
0 0.356863 0.404460 0.009424 0.008316
0 0.391750 0.440006 0.003685 0.009382
0 0.495263 0.425067 0.006940 0.005249
0 0.615413 0.286050 0.003699 0.009997
0 0.603590 0.400680 0.003413 0.009396
0 0.577882 0.400675 0.003515 0.009307
0 0.597220 0.275070 0.003541 0.009530
0 0.590445 0.400643 0.003703 0.009282
0 0.538931 0.400684 0.003390 0.009080
0 0.560936 0.269420 0.003725 0.010131
0 0.635385 0.271520 0.003550 0.009766
0 0.573657 0.458018 0.003676 0.009345
0 0.589958 0.269360 0.003658 0.009909
0 0.551003 0.400598 0.003461 0.009165
0 0.616031 0.400617 0.003344 0.009071
0 0.643428 0.285828 0.003640 0.009558
0 0.420518 0.269306 0.003695 0.009886
0 0.777650 0.492957 0.003729 0.010028
0 0.755946 0.364412 0.010743 0.008692
0 0.701147 0.488648 0.003676 0.010171
0 0.629114 0.400608 0.003791 0.009333
0 0.563972 0.400648 0.003455 0.009259
0 0.532551 0.269420 0.003568 0.009801
0 0.715293 0.378116 0.011098 0.008817
0 0.663339 0.271468 0.003608 0.009843
0 0.568141 0.283863 0.003610 0.010160
0 0.539843 0.283843 0.003707 0.010040
0 0.683150 0.286057 0.003475 0.010000
0 0.113696 0.628028 0.006940 0.005660
0 0.166369 0.569729 0.006739 0.005825
0 0.111644 0.569423 0.006910 0.005492
0 0.166934 0.610048 0.006986 0.005654
0 0.113791 0.549555 0.006684 0.005380
0 0.166917 0.628575 0.006831 0.005409
0 0.152949 0.587562 0.006640 0.005252
0 0.591096 0.804181 0.009774 0.007546
0 0.552497 0.844564 0.003660 0.009801
0 0.331608 0.201660 0.003606 0.009806
0 0.349426 0.100834 0.006938 0.005742
0 0.365154 0.277260 0.003672 0.009270
0 0.866942 0.850276 0.009496 0.007894
0 0.909286 0.798333 0.003922 0.009553
0 0.139054 0.193659 0.003664 0.009701
0 0.231268 0.202915 0.003604 0.009467
0 0.154152 0.646877 0.006845 0.005665
0 0.067159 0.716148 0.003729 0.009413
0 0.111635 0.647676 0.006908 0.005554
0 0.897001 0.460593 0.003676 0.009171
0 0.228236 0.731183 0.003676 0.009433
0 0.266221 0.733162 0.003658 0.009954
0 0.187122 0.730899 0.003701 0.009396
0 0.207104 0.731052 0.003725 0.009758
0 0.289630 0.718596 0.003801 0.009926
0 0.237321 0.535171 0.006571 0.005497
0 0.286463 0.535185 0.007023 0.005828
0 0.336264 0.535225 0.006751 0.005606
0 0.076797 0.720885 0.003622 0.009373
0 0.166336 0.550369 0.006954 0.005628
0 0.111224 0.529689 0.006694 0.005278
0 0.109404 0.708775 0.003691 0.009986
0 0.113658 0.509796 0.006591 0.005383
0 0.111679 0.608371 0.006710 0.005725
0 0.113773 0.588299 0.006652 0.005529
0 0.098562 0.705842 0.003727 0.009781
0 0.692074 0.543260 0.003680 0.010031
0 0.657515 0.662377 0.006058 0.014876
0 0.455862 0.501401 0.003811 0.006449
0 0.447725 0.606767 0.003846 0.009202
0 0.404379 0.616311 0.009603 0.007737
0 0.448865 0.664145 0.003556 0.009117
0 0.507589 0.525519 0.009996 0.008227
35 0.743060 0.377675 0.017111 0.011023
34 0.462858 0.144899 0.051029 0.007563
34 0.573701 0.321156 0.050878 0.009510
34 0.583555 0.353036 0.058668 0.009726
34 0.349721 0.758069 0.012375 0.007566
34 0.349492 0.744563 0.014057 0.008213
34 0.397924 0.705982 0.017722 0.021396
16 0.397389 0.756556 0.017264 0.014480
34 0.404188 0.145115 0.051946 0.007997
35 0.351172 0.555228 0.007945 0.022910
35 0.302282 0.554471 0.007945 0.024423
35 0.252858 0.554796 0.008402 0.024639
34 0.121202 0.598810 0.004680 0.011465
34 0.215766 0.518420 0.005302 0.043514
34 0.095382 0.476032 0.003890 0.010251
0 0.529544 0.662486 0.005743 0.014976
0 0.257459 0.731622 0.003781 0.009478
0 0.310869 0.535195 0.006863 0.005591
0 0.261734 0.535598 0.007172 0.005891
0 0.359391 0.535211 0.007145 0.005520
0 0.298292 0.726717 0.003795 0.009986
0 0.779291 0.597769 0.003944 0.009689
0 0.744735 0.599464 0.003636 0.009461
0 0.657495 0.545824 0.006142 0.015671
0 0.616623 0.701734 0.003584 0.009436
0 0.639880 0.529409 0.010127 0.008113
0 0.662536 0.498477 0.003537 0.009664
0 0.529317 0.546009 0.006217 0.015158
0 0.706903 0.341936 0.010421 0.007692
1 0.529351 0.635030 0.006285 0.015594
3 0.339747 0.249698 0.008439 0.012761
6 0.914644 0.508192 0.003749 0.005019
11 0.529441 0.583552 0.017383 0.025076
20 0.387300 0.741445 0.061404 0.095343
34 0.204268 0.097411 0.017452 0.014047
34 0.552520 0.801308 0.038030 0.017686
34 0.063564 0.755392 0.026378 0.023237
34 0.445495 0.498608 0.017077 0.013346
34 0.113791 0.500561 0.015242 0.013320
34 0.111315 0.599052 0.014517 0.013653
34 0.908239 0.460596 0.018292 0.013041
34 0.707326 0.331545 0.017351 0.012693
34 0.478883 0.396532 0.008298 0.060946
34 0.359190 0.443416 0.016567 0.013169
34 0.356983 0.394480 0.016021 0.012602
34 0.154146 0.476429 0.008908 0.007221
34 0.184473 0.160076 0.030751 0.017905
35 0.182397 0.628178 0.017857 0.011989
35 0.182491 0.609848 0.017440 0.012166
0 0.592640 0.662384 0.006150 0.014913
0 0.592536 0.545849 0.006354 0.015586
0 0.606545 0.587767 0.003570 0.009989
0 0.543362 0.587779 0.003521 0.010028
0 0.630696 0.691480 0.009994 0.008045
0 0.671446 0.587776 0.003832 0.010011
0 0.138783 0.816659 0.003755 0.010137
0 0.159555 0.816647 0.003940 0.010017
0 0.934067 0.691741 0.006221 0.015423
0 0.948857 0.691714 0.006440 0.015819
0 0.913090 0.589389 0.010669 0.008809
0 0.946298 0.526644 0.010586 0.008752
0 0.943904 0.746576 0.003642 0.010006
0 0.923950 0.717897 0.003779 0.009404
0 0.914535 0.516928 0.003711 0.009496
0 0.894606 0.551406 0.003729 0.010199
0 0.840215 0.647458 0.003717 0.009615
0 0.870188 0.526565 0.010502 0.008438
0 0.893831 0.505901 0.003838 0.009567
0 0.779228 0.682982 0.003916 0.009709
0 0.471268 0.053973 0.006606 0.015526
0 0.299555 0.248393 0.003799 0.009718
0 0.219843 0.113500 0.006809 0.004959
0 0.242131 0.255405 0.003743 0.009516
0 0.310725 0.080406 0.006946 0.005628
0 0.204938 0.128571 0.008598 0.006768
0 0.310752 0.121282 0.007045 0.005962
0 0.372196 0.283790 0.003807 0.009952
0 0.195156 0.211265 0.003975 0.009553
0 0.349417 0.080399 0.006892 0.005671
0 0.310747 0.100845 0.006966 0.005737
34 0.192536 0.587137 0.028739 0.018076
34 0.324119 0.525248 0.005111 0.010935
34 0.260035 0.686411 0.034063 0.018800
34 0.206907 0.691208 0.040316 0.014580
34 0.347391 0.525269 0.004919 0.011251
34 0.305033 0.575551 0.022210 0.017087
34 0.231969 0.575476 0.022037 0.017700
34 0.308141 0.726684 0.015649 0.013408
34 0.276186 0.733554 0.016162 0.013235
34 0.317981 0.649060 0.030637 0.022553
34 0.183498 0.501013 0.007774 0.005731
34 0.204729 0.620432 0.026662 0.023941
34 0.197352 0.731147 0.015308 0.012747
34 0.336936 0.544010 0.014142 0.013776
34 0.247621 0.731164 0.015697 0.013363
34 0.298885 0.525162 0.005191 0.011111
34 0.294162 0.676721 0.033993 0.017940
34 0.509051 0.583344 0.018650 0.024551
34 0.518746 0.662102 0.016134 0.013232
34 0.353146 0.660982 0.019901 0.025708
34 0.356934 0.500628 0.011628 0.004962
34 0.284156 0.500546 0.010733 0.004796
34 0.234679 0.500313 0.012158 0.004332
34 0.308519 0.500302 0.011350 0.004309
34 0.287333 0.544555 0.015133 0.013254
34 0.274346 0.525313 0.004998 0.011225
34 0.445802 0.744550 0.014202 0.010986
34 0.437277 0.664037 0.016811 0.013066
34 0.426693 0.669934 0.007085 0.006361
34 0.459244 0.664245 0.016610 0.013351
34 0.386008 0.556492 0.016932 0.013588
34 0.513321 0.714065 0.015997 0.013397
34 0.518498 0.634007 0.016146 0.012750
34 0.507744 0.515540 0.017095 0.012613
34 0.482054 0.640583 0.015852 0.013505
34 0.420860 0.612354 0.007812 0.006714
34 0.526380 0.647137 0.004831 0.010627
34 0.369142 0.590274 0.004279 0.009917
34 0.458000 0.606435 0.016954 0.013029
34 0.465989 0.717763 0.005000 0.011661
34 0.359825 0.543812 0.015355 0.014178
34 0.507797 0.614855 0.016114 0.013243
34 0.416586 0.655494 0.017528 0.013138
34 0.526317 0.601962 0.005012 0.011015
34 0.433291 0.606278 0.017101 0.013138
34 0.485213 0.515463 0.028197 0.012351
34 0.404544 0.606178 0.017444 0.013149
34 0.630688 0.680895 0.016448 0.012773
34 0.662834 0.749909 0.006551 0.006646
34 0.668589 0.546297 0.016311 0.012884
34 0.616629 0.588272 0.016783 0.013767
34 0.555743 0.687154 0.008493 0.006717
34 0.646478 0.662424 0.017000 0.013363
34 0.603431 0.545955 0.016712 0.013551
34 0.589663 0.601909 0.005191 0.010875
34 0.589734 0.646433 0.004984 0.011351
34 0.541426 0.769548 0.008243 0.006865
34 0.699788 0.667501 0.005399 0.012397
34 0.639760 0.519245 0.016475 0.012511
34 0.560528 0.767960 0.016873 0.012801
34 0.539949 0.546151 0.016166 0.013232
34 0.606769 0.701461 0.016185 0.013294
34 0.701911 0.543814 0.016017 0.013505
34 0.681564 0.588091 0.016638 0.012893
34 0.581824 0.632193 0.016598 0.013625
34 0.637919 0.583524 0.019617 0.024528
34 0.654485 0.562934 0.004760 0.011163
34 0.573372 0.583438 0.019770 0.024984
34 0.560300 0.736770 0.017123 0.013887
34 0.640628 0.708270 0.016360 0.013520
34 0.562500 0.710170 0.016914 0.013938
34 0.589724 0.562120 0.004730 0.011069
34 0.581603 0.662744 0.016634 0.013736
34 0.573910 0.751807 0.004577 0.011490
34 0.732561 0.524591 0.008946 0.007506
34 0.810340 0.769373 0.017760 0.013691
34 0.870212 0.516174 0.016942 0.012411
34 0.789454 0.683554 0.016144 0.013303
34 0.679280 0.562019 0.016634 0.013101
34 0.614631 0.561724 0.016575 0.012613
34 0.654523 0.646882 0.004694 0.011547
34 0.601523 0.753578 0.008908 0.007008
34 0.646805 0.632535 0.016837 0.013260
34 0.654288 0.601892 0.005131 0.010590
34 0.680646 0.731019 0.016074 0.012799
34 0.551114 0.561838 0.015911 0.012796
34 0.553062 0.587672 0.016144 0.012608
34 0.570151 0.615446 0.017156 0.013799
34 0.635293 0.614427 0.016726 0.013847
34 0.811733 0.657391 0.025800 0.007714
34 0.824799 0.677132 0.004726 0.012160
34 0.907469 0.718085 0.006114 0.013673
34 0.789058 0.652665 0.016674 0.012761
34 0.810443 0.735389 0.017293 0.013708
34 0.847404 0.516379 0.024454 0.011761
34 0.850995 0.647046 0.017558 0.012485
34 0.810989 0.569199 0.025842 0.007381
34 0.788191 0.564127 0.017095 0.013497
34 0.871755 0.611976 0.017143 0.013950
34 0.946617 0.515939 0.016968 0.012756
34 0.903768 0.505674 0.016251 0.012756
34 0.960843 0.691724 0.017895 0.013861
34 0.924650 0.516503 0.016320 0.012932
34 0.913154 0.718086 0.017347 0.013653
34 0.944598 0.766750 0.014418 0.008786
34 0.944934 0.781812 0.014645 0.010043
34 0.789758 0.597793 0.016809 0.012924
34 0.754828 0.599822 0.016348 0.013482
34 0.733140 0.696740 0.020349 0.024788
34 0.872883 0.545710 0.017438 0.025731
34 0.745981 0.574159 0.008280 0.005976
34 0.885505 0.573568 0.004909 0.012345
34 0.114650 0.805618 0.004627 0.009550
34 0.093941 0.805674 0.005095 0.009655
34 0.157042 0.805748 0.004357 0.009809
34 0.127246 0.853896 0.071857 0.008698
34 0.885483 0.688219 0.005455 0.012539
34 0.904562 0.551734 0.016513 0.013158
34 0.970743 0.515373 0.024557 0.012308
34 0.925888 0.585097 0.008513 0.006324
34 0.904545 0.522495 0.008042 0.006250
34 0.921737 0.692021 0.017373 0.013554
34 0.943809 0.578460 0.029315 0.012639
34 0.913039 0.578810 0.016485 0.012599
34 0.942226 0.638725 0.032707 0.024072
34 0.954341 0.746449 0.017442 0.013212
34 0.343599 0.828477 0.025248 0.022636
34 0.085702 0.817115 0.017158 0.013374
34 0.106752 0.817070 0.015969 0.013588
34 0.179018 0.805787 0.004506 0.009162
34 0.063656 0.816835 0.017510 0.013750
34 0.072158 0.805647 0.004859 0.010051
34 0.128045 0.817364 0.016243 0.012995
34 0.095743 0.758842 0.004972 0.009966
34 0.171555 0.816537 0.016027 0.013029
34 0.128126 0.794689 0.007601 0.006728
34 0.149256 0.816721 0.015860 0.012930
34 0.136242 0.805841 0.004829 0.009578
34 0.305784 0.805553 0.004658 0.010268
34 0.285834 0.805343 0.004625 0.010037
34 0.208917 0.767780 0.008636 0.007278
34 0.314616 0.752831 0.004893 0.010638
34 0.199398 0.749862 0.006519 0.005281
34 0.353628 0.768217 0.007945 0.006244
34 0.267096 0.855392 0.058217 0.008424
34 0.335538 0.762546 0.005133 0.010804
34 0.215446 0.817231 0.016541 0.013129
34 0.178905 0.784282 0.004962 0.010028
34 0.223092 0.805358 0.004621 0.010299
34 0.103820 0.662048 0.042051 0.012291
34 0.121310 0.560551 0.004873 0.010992
34 0.172417 0.714744 0.004706 0.010137
34 0.199728 0.560623 0.013114 0.023725
34 0.118354 0.708816 0.014879 0.013391
34 0.119706 0.730120 0.026583 0.012283
34 0.151797 0.730440 0.024778 0.012650
34 0.154402 0.637243 0.014976 0.013072
34 0.085586 0.721248 0.013747 0.013257
34 0.166861 0.600584 0.015367 0.012625
34 0.167526 0.560616 0.015379 0.012454
34 0.153067 0.578099 0.015461 0.013349
34 0.111240 0.520332 0.014011 0.012753
34 0.074801 0.520010 0.027168 0.017871
34 0.169054 0.675221 0.033503 0.018581
34 0.136824 0.689420 0.026666 0.012964
34 0.074782 0.559744 0.027147 0.018512
34 0.162574 0.714617 0.004744 0.010630
34 0.111224 0.560261 0.014100 0.012724
34 0.089131 0.705266 0.014607 0.013001
34 0.074852 0.598410 0.026803 0.018210
34 0.111291 0.638360 0.013993 0.012907
34 0.074827 0.638007 0.026845 0.017421
34 0.166983 0.619746 0.015119 0.012875
34 0.885969 0.486637 0.004964 0.012568
34 0.711534 0.488019 0.014502 0.013816
34 0.728243 0.374399 0.007663 0.006364
34 0.715252 0.367324 0.016313 0.012431
34 0.888174 0.393142 0.029132 0.018646
34 0.797385 0.260908 0.027647 0.018145
34 0.944756 0.473125 0.016946 0.013802
34 0.558848 0.495644 0.008646 0.006660
34 0.764076 0.378025 0.023967 0.007535
34 0.710615 0.455301 0.008572 0.006594
34 0.824299 0.398139 0.005665 0.012585
34 0.768025 0.280983 0.005429 0.010601
34 0.756340 0.353795 0.017921 0.013049
34 0.765254 0.409346 0.017965 0.022761
34 0.789486 0.431559 0.008328 0.006235
34 0.787709 0.492340 0.016368 0.013856
34 0.724715 0.421948 0.016461 0.013978
34 0.726768 0.317913 0.017573 0.013403
34 0.626504 0.385245 0.005046 0.009835
34 0.549675 0.283970 0.016199 0.012585
34 0.672794 0.498445 0.016265 0.013038
34 0.578101 0.283967 0.016739 0.012727
34 0.587864 0.385365 0.005038 0.009732
34 0.673664 0.270948 0.016378 0.013049
34 0.539249 0.476989 0.008646 0.007030
34 0.650305 0.326489 0.061839 0.019601
34 0.653465 0.409664 0.017409 0.022177
34 0.692724 0.421889 0.015721 0.013713
34 0.563187 0.458264 0.017212 0.012744
34 0.544987 0.401837 0.008789 0.023172
34 0.558090 0.401441 0.009589 0.021479
34 0.571634 0.402006 0.009029 0.022833
34 0.584419 0.401327 0.008870 0.023964
34 0.597483 0.401096 0.008310 0.024181
34 0.609869 0.401327 0.008948 0.023964
34 0.623293 0.401717 0.008471 0.025195
34 0.653291 0.285782 0.016328 0.013206
34 0.548363 0.385524 0.004611 0.009441
34 0.664527 0.385375 0.009174 0.006931
34 0.536409 0.385304 0.004909 0.009775
34 0.613511 0.385453 0.004996 0.009618
34 0.575311 0.385152 0.004873 0.009370
34 0.494854 0.416985 0.017520 0.013987
34 0.492707 0.486319 0.008118 0.006215
34 0.411407 0.268936 0.014422 0.013163
34 0.494959 0.361425 0.017105 0.012995
34 0.494973 0.268632 0.015417 0.013081
34 0.387019 0.382106 0.008658 0.007102
34 0.606940 0.275192 0.015935 0.013046
34 0.579744 0.268897 0.016386 0.013622
34 0.561274 0.385489 0.004559 0.009667
34 0.626138 0.271017 0.015528 0.012790
34 0.673087 0.285396 0.016622 0.012496
34 0.550566 0.268941 0.017095 0.013602
34 0.625493 0.285573 0.016142 0.012844
34 0.601140 0.385259 0.005048 0.009550
34 0.533041 0.401153 0.009031 0.021354
34 0.381021 0.439443 0.017075 0.012838
34 0.410862 0.469768 0.024782 0.012867
34 0.397550 0.269534 0.004609 0.010410
34 0.425110 0.269383 0.004776 0.010445
34 0.411749 0.421067 0.017486 0.013158
34 0.524248 0.337246 0.007250 0.006985
34 0.449169 0.377496 0.016577 0.011841
34 0.523366 0.268718 0.015032 0.013018
34 0.466636 0.268823 0.015254 0.012921
34 0.449323 0.395750 0.017268 0.012194
34 0.425784 0.490003 0.017156 0.012807
34 0.556485 0.458197 0.003824 0.012867
34 0.494737 0.379154 0.016537 0.013440
34 0.449465 0.415550 0.017375 0.012086
34 0.494896 0.397087 0.017403 0.012853
34 0.492238 0.284322 0.015318 0.013351
34 0.422398 0.355811 0.017246 0.013223
34 0.437605 0.268963 0.014867 0.013269
34 0.357491 0.276860 0.010538 0.013235
34 0.369728 0.269389 0.004766 0.010695
34 0.464195 0.283953 0.014776 0.012693
34 0.408347 0.375517 0.017295 0.013708
34 0.524264 0.397496 0.009982 0.061502
34 0.441195 0.321090 0.053235 0.007846
34 0.381971 0.320463 0.051461 0.008472
34 0.505961 0.322800 0.051301 0.011072
34 0.555740 0.401815 0.005361 0.024571
34 0.382935 0.268956 0.015701 0.013545
34 0.372232 0.459953 0.016749 0.013249
34 0.381427 0.283928 0.014502 0.012890
34 0.449224 0.360490 0.016990 0.012915
34 0.520953 0.283956 0.014915 0.012784
34 0.436826 0.283869 0.014720 0.012633
34 0.378688 0.426861 0.008757 0.007139
34 0.358007 0.496271 0.011730 0.013785
34 0.396318 0.498071 0.017033 0.012767
34 0.409062 0.283950 0.013954 0.012516
34 0.213300 0.471395 0.005133 0.010393
34 0.269522 0.279423 0.004688 0.012183
34 0.269565 0.323206 0.004686 0.011718
34 0.342090 0.304065 0.027726 0.023046
34 0.232119 0.408293 0.024778 0.022023
34 0.230191 0.385103 0.024178 0.010353
34 0.556612 0.495613 0.003610 0.007310
34 0.398856 0.404252 0.024484 0.011793
34 0.243392 0.455402 0.017591 0.013596
34 0.341949 0.400076 0.008253 0.005993
34 0.234642 0.496278 0.014901 0.013759
34 0.230895 0.255745 0.017524 0.013286
34 0.204111 0.432818 0.042649 0.014363
34 0.310742 0.476805 0.008455 0.006800
34 0.190447 0.376116 0.015850 0.013770
34 0.201720 0.471382 0.005097 0.010202
34 0.300141 0.295631 0.025077 0.017361
34 0.239440 0.266389 0.004968 0.011148
34 0.180856 0.262421 0.009577 0.014315
34 0.262084 0.411459 0.017597 0.013098
34 0.229339 0.470674 0.004678 0.009778
34 0.308678 0.496163 0.014960 0.013448
34 0.307626 0.382655 0.008209 0.006563
34 0.331086 0.376654 0.017687 0.012625
34 0.305796 0.409028 0.016164 0.012915
34 0.284153 0.496337 0.015377 0.013403
34 0.190501 0.471423 0.004917 0.010262
34 0.242738 0.303434 0.036293 0.013485
34 0.333277 0.496327 0.014043 0.013155
34 0.057457 0.464382 0.014361 0.012827
34 0.097987 0.415946 0.029849 0.021644
34 0.120232 0.342330 0.006656 0.006774
34 0.337942 0.460601 0.015755 0.013206
34 0.297036 0.258082 0.005220 0.011217
34 0.339152 0.263024 0.005161 0.010259
34 0.369414 0.321751 0.025878 0.008421
34 0.341044 0.417941 0.018243 0.023696
34 0.296006 0.426979 0.008527 0.006988
34 0.305474 0.451584 0.016037 0.012921
34 0.283633 0.420939 0.017295 0.012719
34 0.259043 0.496252 0.014915 0.013007
34 0.154408 0.261686 0.004851 0.010433
34 0.120170 0.362147 0.006658 0.005965
34 0.171614 0.446546 0.005254 0.010767
34 0.120161 0.382643 0.007051 0.007002
34 0.109202 0.377575 0.014303 0.012585
34 0.161637 0.301593 0.031473 0.018769
34 0.088830 0.464343 0.015250 0.012813
34 0.064285 0.475742 0.004565 0.008909
34 0.120098 0.321425 0.006900 0.006634
34 0.160750 0.363638 0.015453 0.013072
34 0.160763 0.390111 0.015459 0.012790
34 0.067437 0.304139 0.032959 0.019233
34 0.122378 0.441894 0.005252 0.010667
34 0.109223 0.357087 0.015042 0.012562
34 0.160711 0.411248 0.014480 0.012727
34 0.067526 0.387452 0.032127 0.017521
34 0.131666 0.383421 0.004645 0.065076
34 0.171952 0.364498 0.004831 0.009675
34 0.120157 0.300057 0.007079 0.006993
34 0.164927 0.492552 0.004903 0.010695
34 0.166451 0.537797 0.015574 0.006195
34 0.109246 0.294283 0.015268 0.013069
34 0.797789 0.107220 0.007605 0.006683
34 0.797358 0.230601 0.017077 0.013115
34 0.734799 0.219746 0.005064 0.009929
34 0.916796 0.044820 0.017190 0.013140
34 0.939568 0.023219 0.026404 0.007988
34 0.109274 0.336763 0.015034 0.012875
34 0.109206 0.316432 0.015032 0.012647
34 0.067327 0.326050 0.032671 0.017823
34 0.067447 0.366850 0.032254 0.017227
34 0.160827 0.337667 0.015776 0.013528
34 0.066184 0.416084 0.029341 0.021157
34 0.067415 0.346570 0.033122 0.017957
34 0.550636 0.178686 0.004994 0.010219
34 0.533807 0.142602 0.011209 0.016073
34 0.702313 0.127941 0.008622 0.006791
34 0.795472 0.055996 0.017649 0.013132
34 0.803552 0.127184 0.018296 0.025569
34 0.789308 0.092394 0.016255 0.013827
34 0.744807 0.062742 0.006914 0.007079
34 0.744160 0.127630 0.008525 0.006917
34 0.717647 0.121342 0.017691 0.012437
34 0.758909 0.135936 0.006734 0.005688
34 0.754542 0.099813 0.017556 0.012559
34 0.795637 0.202749 0.017280 0.013802
34 0.775855 0.233096 0.004591 0.012445
34 0.789478 0.171726 0.016414 0.013408
34 0.782764 0.028408 0.009057 0.006689
34 0.616389 0.188769 0.015566 0.012283
34 0.702671 0.106817 0.007027 0.006851
34 0.659206 0.028178 0.007417 0.007190
34 0.577697 0.142553 0.024944 0.016495
34 0.552405 0.142657 0.024549 0.016321
34 0.663891 0.150801 0.004861 0.012169
34 0.553841 0.237177 0.007190 0.007372
34 0.679987 0.207455 0.007532 0.006897
34 0.689791 0.234242 0.004978 0.012650
34 0.593922 0.102291 0.016676 0.013297
34 0.667862 0.045516 0.016876 0.013465
34 0.604334 0.142742 0.024672 0.016204
34 0.590220 0.189376 0.016668 0.012682
34 0.539072 0.189382 0.016710 0.012830
34 0.631020 0.142546 0.024849 0.016486
34 0.564324 0.189443 0.016585 0.012599
34 0.575697 0.178732 0.004484 0.010162
34 0.602034 0.178594 0.004966 0.010165
34 0.627660 0.178672 0.004825 0.010208
34 0.659162 0.243843 0.016962 0.013403
34 0.683090 0.189275 0.017276 0.013477
34 0.420091 0.181153 0.016616 0.012856
34 0.445153 0.212437 0.007558 0.006686
34 0.421369 0.212243 0.007528 0.006572
34 0.392978 0.196788 0.015050 0.013309
34 0.511617 0.116062 0.007697 0.006936
34 0.525655 0.178683 0.004843 0.010088
34 0.393602 0.181174 0.016543 0.012972
34 0.390395 0.059796 0.027115 0.013340
34 0.420927 0.102214 0.017849 0.012038
34 0.447760 0.183812 0.015842 0.013482
34 0.414129 0.223376 0.004519 0.010085
34 0.510789 0.212173 0.016928 0.013517
34 0.460335 0.085356 0.015772 0.013021
34 0.390498 0.080476 0.027139 0.013069
34 0.514707 0.189290 0.015010 0.013309
34 0.460857 0.240782 0.003934 0.009954
34 0.413777 0.127219 0.008731 0.007176
34 0.447467 0.199124 0.015876 0.012867
34 0.473898 0.212267 0.007603 0.006552
34 0.365956 0.191713 0.016932 0.013445
34 0.420407 0.196983 0.016100 0.013317
34 0.474167 0.198790 0.016005 0.013009
34 0.356682 0.249658 0.009093 0.013839
34 0.460193 0.053871 0.016309 0.013260
34 0.482032 0.225292 0.008487 0.006817
34 0.527188 0.142707 0.025193 0.016238
34 0.349457 0.112234 0.015062 0.012431
34 0.390578 0.100593 0.026833 0.012796
34 0.390397 0.121365 0.027127 0.012693
34 0.462885 0.108890 0.007377 0.006381
34 0.475414 0.183850 0.015860 0.013212
34 0.450541 0.102201 0.017194 0.012941
34 0.501626 0.178839 0.016031 0.013448
34 0.390273 0.212012 0.007633 0.007062
34 0.325824 0.117283 0.007240 0.006272
34 0.205412 0.136774 0.017601 0.016056
34 0.310727 0.071307 0.015379 0.012628
34 0.290592 0.216311 0.016704 0.013186
34 0.250031 0.190221 0.017012 0.013750
34 0.308128 0.162330 0.024942 0.016270
34 0.325410 0.097210 0.007113 0.006401
34 0.220290 0.202581 0.017498 0.013596
34 0.310608 0.112267 0.015294 0.012388
34 0.349543 0.071351 0.015177 0.012773
34 0.341723 0.201502 0.016122 0.013092
34 0.325805 0.056317 0.007206 0.006934
34 0.310636 0.050741 0.015643 0.012761
34 0.219612 0.104996 0.017109 0.013075
34 0.192556 0.199102 0.005028 0.010020
34 0.314559 0.248880 0.017575 0.013292
34 0.231874 0.155333 0.025183 0.017284
34 0.252908 0.213673 0.017262 0.013064
34 0.189127 0.104531 0.017029 0.012551
34 0.332111 0.151369 0.023376 0.011693
34 0.344342 0.219621 0.015175 0.012727
34 0.318459 0.210242 0.016636 0.012442
34 0.342432 0.038525 0.011555 0.008370
34 0.328914 0.190007 0.005173 0.012280
34 0.253143 0.109441 0.008674 0.007096
34 0.272506 0.241981 0.018642 0.024702
34 0.210011 0.225962 0.008656 0.007033
34 0.228503 0.220854 0.004658 0.009823
34 0.239409 0.240654 0.005123 0.011197
34 0.349445 0.050720 0.015683 0.012799
34 0.325355 0.076419 0.007240 0.006523
34 0.283338 0.165658 0.017478 0.013112
34 0.163398 0.248280 0.004698 0.011026
34 0.163535 0.213397 0.017087 0.012636
34 0.149370 0.193991 0.017339 0.013249
34 0.167063 0.097043 0.031116 0.023172
34 0.136579 0.167454 0.004907 0.010530
34 0.129164 0.184426 0.016894 0.012687
34 0.078186 0.197729 0.017407 0.013730
34 0.106762 0.167656 0.005062 0.010416
34 0.116047 0.221624 0.005022 0.009706
34 0.615335 0.794329 0.017383 0.013075
34 0.602398 0.800339 0.007331 0.005939
34 0.642577 0.814893 0.014218 0.007883
34 0.561454 0.844129 0.015097 0.013582
34 0.591502 0.794215 0.017536 0.013138
34 0.823760 0.873782 0.031851 0.013759
34 0.816408 0.797790 0.017293 0.013460
34 0.866607 0.839775 0.017339 0.012989
34 0.867553 0.864828 0.017657 0.012448
35 0.932222 0.850081 0.017389 0.012240
35 0.850121 0.873948 0.016918 0.011282
35 0.656457 0.804386 0.017375 0.010003
35 0.552310 0.822300 0.007705 0.025261
35 0.540613 0.778027 0.018229 0.010718
35 0.407590 0.829184 0.007540 0.025013
35 0.484958 0.815597 0.007647 0.025637
35 0.376362 0.820266 0.007840 0.024614
35 0.475283 0.815758 0.007927 0.026552
35 0.515734 0.822214 0.007951 0.024964
35 0.443794 0.829119 0.007343 0.024708
35 0.343391 0.804947 0.008177 0.025671
35 0.181945 0.837787 0.008608 0.025389
35 0.225730 0.837870 0.008120 0.026158
35 0.288524 0.837867 0.007955 0.025247
35 0.308452 0.837885 0.008419 0.025711
35 0.267623 0.837006 0.008429 0.026700
35 0.204353 0.835738 0.007861 0.025355
35 0.159624 0.837485 0.007814 0.024922
35 0.117667 0.836891 0.007748 0.026418
35 0.064446 0.772476 0.017748 0.011091
35 0.074790 0.837495 0.008231 0.025312
35 0.096832 0.837092 0.007967 0.025412
35 0.138922 0.837489 0.007937 0.025113
35 0.948753 0.663963 0.007732 0.025674
35 0.972096 0.526508 0.017697 0.010901
35 0.942792 0.589195 0.017131 0.010929
35 0.934063 0.663829 0.008872 0.026358
35 0.848780 0.526401 0.017500 0.010938
35 0.810562 0.577964 0.017240 0.010644
35 0.810295 0.666344 0.017822 0.010510
35 0.486118 0.525720 0.017357 0.010174
35 0.277321 0.555295 0.007131 0.024286
35 0.327017 0.555157 0.007405 0.024306
35 0.203590 0.504678 0.018090 0.011613
35 0.298361 0.697481 0.007992 0.025586
35 0.203724 0.517693 0.018012 0.011208
35 0.289318 0.697465 0.008157 0.025218
35 0.203656 0.531562 0.017998 0.011673
35 0.184625 0.569335 0.017115 0.012023
35 0.186924 0.710269 0.007776 0.025372
35 0.318095 0.672743 0.007814 0.025902
35 0.207266 0.710603 0.008143 0.025811
35 0.228149 0.710420 0.008727 0.025816
35 0.184511 0.550027 0.016888 0.012177
35 0.257199 0.707770 0.008068 0.024870
35 0.266172 0.708102 0.007446 0.025215
35 0.228224 0.555410 0.007613 0.024665
35 0.338098 0.726897 0.008449 0.024457
35 0.168511 0.587072 0.017921 0.011505
35 0.169885 0.647083 0.017619 0.011944
35 0.175343 0.696771 0.008040 0.025272
35 0.067100 0.695285 0.007331 0.024426
35 0.096710 0.588253 0.017494 0.011479
35 0.096670 0.549159 0.017429 0.011941
35 0.096365 0.509535 0.017468 0.011542
35 0.096756 0.627599 0.017476 0.011488
35 0.096638 0.529724 0.017389 0.011513
35 0.096772 0.608608 0.017174 0.011556
35 0.076767 0.694860 0.006962 0.023582
35 0.098365 0.681941 0.008100 0.027797
35 0.136885 0.707583 0.007907 0.024674
35 0.096754 0.647598 0.017520 0.011656
35 0.096758 0.569828 0.017315 0.011875
35 0.109381 0.680832 0.008068 0.025517
35 0.151093 0.747891 0.007367 0.023950
35 0.119618 0.748111 0.007983 0.024816
35 0.164965 0.696807 0.008116 0.024756
35 0.888807 0.414470 0.007651 0.025058
35 0.779048 0.262880 0.008052 0.026956
35 0.635318 0.299937 0.008018 0.025683
35 0.532542 0.297588 0.007627 0.025338
35 0.683133 0.306200 0.008074 0.025304
35 0.628996 0.369146 0.008378 0.025013
35 0.615264 0.306224 0.008525 0.025158
35 0.568399 0.304194 0.008161 0.026689
35 0.589961 0.297667 0.007669 0.025549
35 0.616277 0.369310 0.007828 0.025033
35 0.560541 0.298049 0.008072 0.024927
35 0.663534 0.299939 0.008088 0.025383
35 0.538956 0.369449 0.008481 0.026005
35 0.540232 0.304752 0.007885 0.025594
35 0.563872 0.369476 0.008207 0.024799
35 0.643569 0.305948 0.007556 0.024822
35 0.550902 0.369503 0.008187 0.025195
35 0.597464 0.304265 0.007462 0.025720
35 0.578046 0.369427 0.008175 0.024799
35 0.590293 0.369340 0.008213 0.024796
35 0.603779 0.369602 0.007724 0.024813
35 0.455384 0.304488 0.007802 0.026042
35 0.465510 0.385975 0.016732 0.011277
35 0.372461 0.304699 0.007190 0.025876
35 0.465483 0.424399 0.017325 0.011465
35 0.392904 0.298133 0.007798 0.025928
35 0.465473 0.404463 0.016813 0.011570
35 0.504247 0.297770 0.007853 0.025606
35 0.427997 0.304538 0.007395 0.025247
35 0.511171 0.387159 0.017101 0.011274
35 0.420549 0.297834 0.007552 0.025472
35 0.511143 0.405229 0.016956 0.010863
35 0.475890 0.297823 0.007446 0.025107
35 0.511902 0.304618 0.007470 0.025668
35 0.389560 0.469929 0.017536 0.011160
35 0.365019 0.298042 0.007762 0.025779
35 0.377201 0.404322 0.016743 0.011089
35 0.400695 0.304577 0.007712 0.026150
35 0.447535 0.298272 0.007593 0.025514
35 0.465610 0.368937 0.016865 0.011228
35 0.483543 0.304648 0.008040 0.025506
35 0.511278 0.369668 0.017363 0.011123
35 0.511225 0.425006 0.017695 0.011801
35 0.215656 0.451281 0.008133 0.025349
35 0.242220 0.284843 0.008207 0.024927
35 0.299910 0.275111 0.008314 0.025161
35 0.204260 0.451402 0.007863 0.024799
35 0.193051 0.451304 0.008225 0.025047
35 0.341818 0.280433 0.007971 0.024976
35 0.209048 0.385084 0.017524 0.011223
35 0.232458 0.431734 0.008239 0.026438
35 0.066645 0.439577 0.007931 0.025138
35 0.093795 0.366153 0.016966 0.011473
35 0.093690 0.346225 0.017021 0.011545
35 0.143642 0.346713 0.017538 0.012086
35 0.093812 0.303559 0.017242 0.011171
35 0.093795 0.386730 0.017208 0.012006
35 0.143751 0.372670 0.016821 0.012214
35 0.093775 0.325513 0.017115 0.012320
35 0.143932 0.398854 0.017627 0.011496
35 0.166346 0.280339 0.007212 0.025922
35 0.156815 0.280238 0.007796 0.025190
35 0.098364 0.440040 0.008026 0.025489
35 0.143581 0.419957 0.017774 0.012009
35 0.937640 0.032317 0.017202 0.011063
35 0.630155 0.161966 0.007760 0.024657
35 0.553306 0.161654 0.007905 0.024494
35 0.578693 0.161718 0.007796 0.024389
35 0.604805 0.161785 0.007554 0.024175
35 0.528502 0.161664 0.007665 0.024355
35 0.437852 0.160657 0.007476 0.024779
35 0.376354 0.160205 0.007321 0.024218
35 0.383765 0.160702 0.007059 0.024152
35 0.483690 0.160647 0.007786 0.024588
35 0.422356 0.113089 0.017794 0.010772
35 0.430251 0.160429 0.007415 0.024865
35 0.367429 0.060294 0.017417 0.011479
35 0.457895 0.160607 0.007337 0.024349
35 0.491710 0.160671 0.007490 0.025486
35 0.367404 0.101302 0.017762 0.011479
35 0.402743 0.160557 0.007170 0.024266
35 0.367377 0.121244 0.017579 0.012012
35 0.465802 0.160802 0.006942 0.024249
35 0.367363 0.080405 0.017816 0.011639
35 0.410457 0.160724 0.007188 0.024041
35 0.331822 0.168961 0.008322 0.025121
35 0.308280 0.183635 0.008102 0.025691
35 0.231147 0.175403 0.007967 0.025261
35 0.195263 0.179956 0.008141 0.025480
35 0.118552 0.149795 0.007937 0.024839
34 0.121427 0.519668 0.004966 0.010177
35 0.173732 0.180068 0.008088 0.025118
35 0.138807 0.149688 0.008417 0.024380
35 0.088706 0.150150 0.007846 0.025047
35 0.168518 0.113535 0.018072 0.011060
35 0.108851 0.149835 0.008435 0.024953
35 0.246659 0.837603 0.007693 0.025158
34 0.194026 0.801644 0.016428 0.013651
34 0.264846 0.805319 0.004527 0.010205
34 0.204470 0.853307 0.022562 0.011778
34 0.340395 0.783066 0.004666 0.010704
34 0.494194 0.837381 0.015262 0.013081
34 0.504072 0.851771 0.007641 0.007179
34 0.397994 0.851827 0.007462 0.007267
34 0.433008 0.773954 0.020214 0.023423
34 0.277844 0.816704 0.016781 0.012827
34 0.305470 0.790315 0.005179 0.009778
34 0.298393 0.816720 0.015981 0.012870
34 0.236328 0.816885 0.016430 0.013143
34 0.273493 0.794879 0.007373 0.006965
34 0.256812 0.816949 0.016489 0.013175
34 0.324819 0.801703 0.004782 0.009972
34 0.273410 0.756486 0.007266 0.006697
34 0.225701 0.762164 0.004706 0.010011
34 0.243923 0.805291 0.004768 0.009966
34 0.654600 0.790613 0.026118 0.017686
34 0.598115 0.769543 0.016831 0.013465
34 0.624420 0.813941 0.012873 0.007609
34 0.686728 0.797170 0.016765 0.013605
34 0.571404 0.774942 0.006305 0.006047
34 0.516277 0.799896 0.026769 0.023297
34 0.480420 0.794306 0.036509 0.018666
34 0.375361 0.799704 0.021773 0.017521
34 0.443667 0.805836 0.034148 0.022878
34 0.407620 0.805678 0.033596 0.022647
34 0.524954 0.844127 0.015141 0.013708
34 0.465358 0.839105 0.015538 0.013673
34 0.366620 0.844243 0.014492 0.013520
34 0.325188 0.038263 0.012943 0.009156
34 0.270229 0.099628 0.014196 0.007846
34 0.252816 0.099315 0.013973 0.008472
34 0.236291 0.099315 0.013308 0.009726
34 0.378750 0.268911 0.007166 0.013069
34 0.338752 0.237977 0.004720 0.010048
34 0.305220 0.222173 0.004823 0.010034
34 0.310861 0.091522 0.014623 0.012682
34 0.349527 0.091493 0.014424 0.012790
34 0.114645 0.131622 0.052357 0.012756
34 0.086439 0.167814 0.005010 0.010789
34 0.098641 0.183311 0.017129 0.013326
34 0.146583 0.249668 0.016769 0.013220
34 0.184707 0.211111 0.017069 0.012984
34 0.171152 0.199225 0.004887 0.010504
34 0.116229 0.167666 0.004762 0.010379
34 0.754159 0.805281 0.017552 0.013138
34 0.870454 0.819879 0.008705 0.007008
34 0.785966 0.813529 0.017379 0.013209
34 0.916906 0.837992 0.013167 0.008729
34 0.898558 0.838320 0.012977 0.007811
34 0.885137 0.870175 0.008421 0.006899
34 0.883910 0.846174 0.007143 0.006763
34 0.899956 0.783216 0.008215 0.006170
34 0.957189 0.849538 0.030457 0.018222
34 0.898777 0.798956 0.017236 0.012736
34 0.918701 0.769159 0.017256 0.013172
33 0.265826 0.189997 0.012325 0.011143
33 0.265405 0.424316 0.012671 0.011396
33 0.423523 0.375677 0.011720 0.010698
33 0.681144 0.421657 0.007542 0.015061
33 0.737100 0.422129 0.007762 0.014118
33 0.727064 0.333163 0.007286 0.015902
33 0.364923 0.608879 0.012401 0.010781
33 0.434919 0.751603 0.007607 0.021935
33 0.522450 0.615006 0.012691 0.010901
33 0.599745 0.562217 0.012693 0.010852
33 0.664352 0.562143 0.012810 0.010949
33 0.536594 0.562201 0.012512 0.010775
33 0.585564 0.615071 0.012772 0.011271
33 0.650344 0.614886 0.012792 0.010798
33 0.583038 0.769590 0.011301 0.010470
24 0.732775 0.641864 0.018632 0.085979
22 0.204727 0.113463 0.009168 0.012750
21 0.521288 0.221546 0.005929 0.009185
21 0.786644 0.242005 0.006201 0.009225
21 0.905830 0.056651 0.006402 0.009456
21 0.315440 0.463921 0.006062 0.008829
21 0.391857 0.450745 0.006418 0.009749
21 0.359609 0.461586 0.006056 0.008900
21 0.669756 0.255430 0.005894 0.008923
21 0.573772 0.469172 0.006392 0.009464
34 0.121283 0.638508 0.004996 0.010581
34 0.162703 0.747016 0.004843 0.010641
34 0.058002 0.715788 0.013993 0.013149
34 0.113861 0.579424 0.014559 0.013406
34 0.113848 0.618702 0.014460 0.012867
34 0.071141 0.677620 0.042371 0.012374
34 0.113783 0.540457 0.014537 0.013272
34 0.133204 0.537972 0.005010 0.010787
34 0.166409 0.540999 0.015300 0.012759
34 0.237754 0.541795 0.015761 0.017555
34 0.337937 0.706567 0.031301 0.018931
34 0.249736 0.525402 0.005302 0.011146
34 0.352260 0.575888 0.022196 0.017709
34 0.255892 0.575607 0.022107 0.017392
34 0.225332 0.525276 0.005048 0.011248
34 0.218340 0.730912 0.015778 0.012368
34 0.183338 0.527586 0.007421 0.007073
34 0.349856 0.608720 0.016896 0.014186
34 0.329545 0.575586 0.022212 0.017486
34 0.279719 0.576107 0.022141 0.017743
34 0.218884 0.741961 0.006551 0.006555
34 0.193244 0.646486 0.029720 0.017977
34 0.180263 0.731163 0.008390 0.013109
34 0.263244 0.544473 0.015014 0.013254
34 0.206194 0.560596 0.026231 0.023688
34 0.311434 0.543629 0.014932 0.014058
34 0.183417 0.513547 0.007228 0.007133
34 0.279790 0.718762 0.015548 0.013266
0 0.867580 0.874498 0.009595 0.007606
0 0.560864 0.777863 0.006640 0.005888
0 0.615080 0.804259 0.009498 0.007333
21 0.794314 0.447837 0.006702 0.009735
21 0.896983 0.472206 0.006098 0.008977
21 0.949884 0.493193 0.006352 0.009145
21 0.098088 0.730720 0.006499 0.015323
21 0.076906 0.738380 0.006499 0.010217
21 0.424107 0.748596 0.005296 0.010217
21 0.692355 0.735148 0.005870 0.009060
21 0.840751 0.662105 0.006741 0.011579
21 0.779085 0.612407 0.006180 0.009402
21 0.779188 0.697700 0.005975 0.009137
21 0.894689 0.563745 0.006275 0.009456
21 0.289440 0.756314 0.006741 0.008854
21 0.266333 0.755462 0.005776 0.010559
21 0.680233 0.753407 0.006110 0.009288
21 0.943968 0.756797 0.005494 0.008561
21 0.909392 0.811284 0.006120 0.009664
20 0.653130 0.434483 0.043326 0.082405
20 0.764809 0.434654 0.044049 0.081385
17 0.778769 0.124288 0.029126 0.042562
17 0.321695 0.430398 0.021183 0.031328
17 0.889456 0.526077 0.018235 0.026985
15 0.576680 0.711258 0.010951 0.014862
13 0.681172 0.044268 0.010351 0.020772
13 0.350393 0.452438 0.008481 0.017267
13 0.935997 0.484574 0.011728 0.022770
13 0.302739 0.507261 0.006767 0.013491
13 0.253563 0.507290 0.006678 0.012608
13 0.351349 0.507266 0.006662 0.013625
13 0.229108 0.507314 0.006773 0.013163
13 0.278156 0.507286 0.006743 0.013528
13 0.327887 0.507120 0.007087 0.013180
13 0.670312 0.737885 0.008666 0.017116
11 0.371886 0.659175 0.018541 0.025970
11 0.657317 0.583649 0.017957 0.024443
11 0.592736 0.583629 0.017957 0.024608
6 0.682375 0.131778 0.004093 0.005107
6 0.805006 0.098408 0.004573 0.007834
6 0.174665 0.354605 0.003411 0.005933
6 0.316038 0.400432 0.002649 0.004768
6 0.345753 0.386471 0.003876 0.004768
6 0.272401 0.310195 0.003469 0.004169
6 0.272575 0.306392 0.004508 0.004662
6 0.327872 0.451706 0.003302 0.003782
6 0.433135 0.347338 0.003493 0.005130
6 0.455939 0.490825 0.002909 0.003691
6 0.738442 0.357790 0.002601 0.004295
6 0.738269 0.353803 0.002601 0.003924
6 0.738398 0.349755 0.003207 0.004662
6 0.893860 0.497183 0.003304 0.003765
6 0.168134 0.523517 0.004091 0.008173
6 0.448895 0.655514 0.002996 0.004007
6 0.447652 0.598039 0.003052 0.003785
6 0.529535 0.609734 0.003642 0.005395
6 0.529389 0.696446 0.003419 0.005717
6 0.529545 0.679299 0.004041 0.006594
6 0.657319 0.678849 0.003638 0.004389
6 0.657426 0.609694 0.003209 0.003782
6 0.606595 0.578746 0.003062 0.004218
6 0.543136 0.579228 0.003161 0.004018
6 0.592739 0.609568 0.003713 0.003691
6 0.671390 0.578787 0.003058 0.004300
6 0.745009 0.591170 0.003012 0.003702
6 0.923979 0.710000 0.003054 0.003693
6 0.084487 0.799048 0.005296 0.006469
6 0.352264 0.855232 0.006257 0.005107
6 0.348357 0.772726 0.003245 0.004050
6 0.235327 0.798457 0.003826 0.004431
6 0.426634 0.856084 0.004573 0.006811
5 0.253509 0.230365 0.006857 0.017344
5 0.290806 0.230600 0.006680 0.016743
5 0.331303 0.219987 0.012204 0.009749
5 0.468726 0.640591 0.012186 0.010114
5 0.371762 0.556528 0.011743 0.009316
5 0.789088 0.666228 0.006557 0.015751
5 0.788694 0.578039 0.006763 0.015281
4 0.594140 0.116603 0.011712 0.016050
4 0.781133 0.203042 0.011408 0.015705
4 0.574164 0.738049 0.011414 0.015859
4 0.825304 0.769431 0.012196 0.015802
3 0.526437 0.189456 0.007834 0.011080
3 0.668898 0.189446 0.011769 0.016321
3 0.628410 0.189414 0.007967 0.011453
3 0.551485 0.189430 0.008082 0.011240
3 0.603140 0.189421 0.008008 0.011416
3 0.576632 0.189255 0.008360 0.011077
3 0.230438 0.455422 0.008149 0.010895
3 0.527032 0.714590 0.011622 0.015802
3 0.416625 0.670201 0.011452 0.016116
3 0.426294 0.505255 0.011589 0.014084
3 0.654973 0.708061 0.011658 0.016144
3 0.825220 0.735044 0.011745 0.015081
3 0.886720 0.611887 0.011805 0.016193
3 0.701514 0.797080 0.012081 0.015637
3 0.753720 0.819820 0.011569 0.015845
3 0.918688 0.783837 0.011082 0.016110
2 0.437717 0.674456 0.010796 0.007880
1 0.471290 0.086332 0.006690 0.016130
1 0.433362 0.616245 0.010077 0.008267
