0 0.161192 0.665058 0.011847 0.009969
34 0.884724 0.226842 0.015137 0.013679
34 0.139854 0.254000 0.016267 0.015779
34 0.225603 0.250594 0.021618 0.008056
34 0.366369 0.367374 0.031650 0.015386
34 0.358290 0.494139 0.015854 0.014144
34 0.355352 0.314775 0.015618 0.014360
34 0.552552 0.253407 0.017015 0.022915
34 0.648735 0.253622 0.018042 0.022491
34 0.938388 0.253659 0.017462 0.022451
34 0.209855 0.499734 0.005254 0.013659
34 0.333791 0.788696 0.009678 0.009042
34 0.337002 0.499218 0.005624 0.014622
34 0.180673 0.499692 0.005649 0.014089
34 0.305254 0.499382 0.006044 0.014437
34 0.241594 0.499732 0.005550 0.013656
34 0.274178 0.500486 0.005608 0.012200
34 0.404721 0.499070 0.005824 0.014839
34 0.182542 0.571617 0.015044 0.014503
34 0.438813 0.499597 0.006048 0.014355
34 0.371310 0.499484 0.005590 0.014186
34 0.588737 0.494327 0.015604 0.016868
34 0.909759 0.569124 0.005824 0.015722
34 0.881059 0.529082 0.014857 0.013343
34 0.355568 0.290192 0.015367 0.016765
34 0.689889 0.755165 0.016523 0.019877
34 0.623334 0.755271 0.016990 0.019575
21 0.705326 0.385416 0.009202 0.014121
17 0.423493 0.250794 0.016414 0.022419
17 0.476906 0.250949 0.016857 0.025751
11 0.632032 0.254527 0.015147 0.021736
11 0.536187 0.254651 0.014359 0.021106
11 0.726975 0.254873 0.014470 0.021459
11 0.823831 0.254282 0.014063 0.021701
11 0.921514 0.254280 0.014555 0.022268
0 0.362129 0.794335 0.010971 0.009393
0 0.355007 0.104451 0.010699 0.009319
0 0.705270 0.346530 0.005866 0.014890
0 0.705279 0.306871 0.005884 0.015058
35 0.333910 0.137549 0.007317 0.022553
35 0.370699 0.104477 0.015423 0.009302
35 0.255193 0.321148 0.006922 0.021921
35 0.365798 0.348232 0.007695 0.022699
35 0.475921 0.350489 0.007562 0.023240
35 0.402433 0.622390 0.007186 0.022476
35 0.862541 0.788179 0.007061 0.021995
34 0.278624 0.790023 0.020943 0.009786
34 0.882619 0.639765 0.004561 0.013522
34 0.147605 0.236225 0.006080 0.014064
34 0.166882 0.218470 0.012260 0.008361
34 0.150650 0.147125 0.014615 0.014597
34 0.165803 0.101126 0.016416 0.021944
34 0.127401 0.154644 0.015770 0.014184
34 0.127006 0.203126 0.015121 0.013884
34 0.127241 0.109741 0.015530 0.014232
34 0.164991 0.183844 0.015461 0.014374
34 0.108285 0.192251 0.017710 0.023232
34 0.108573 0.098994 0.018060 0.023482
34 0.148395 0.168856 0.008757 0.007863
34 0.108074 0.145083 0.018143 0.022197
34 0.215115 0.229042 0.015886 0.014939
34 0.231803 0.158299 0.015165 0.014483
34 0.323266 0.093196 0.015508 0.014400
34 0.323513 0.115182 0.015492 0.014753
34 0.333711 0.159154 0.027156 0.022080
34 0.298803 0.181156 0.005790 0.013642
34 0.249327 0.181180 0.005673 0.013121
34 0.291592 0.181168 0.005876 0.013639
34 0.214227 0.137971 0.009502 0.008282
34 0.271329 0.181230 0.005554 0.013386
34 0.264164 0.181298 0.005721 0.013425
34 0.284503 0.181200 0.005622 0.013183
34 0.256795 0.181369 0.005524 0.013403
34 0.398431 0.093909 0.018481 0.014446
34 0.406513 0.060774 0.006394 0.014161
34 0.493240 0.148876 0.009502 0.008695
34 0.401387 0.219524 0.005755 0.012995
34 0.423422 0.227220 0.017689 0.023246
34 0.477027 0.227040 0.017599 0.022813
34 0.378042 0.039870 0.016322 0.013881
34 0.221587 0.180586 0.018489 0.007452
34 0.222968 0.207877 0.005965 0.013936
34 0.310503 0.225626 0.018942 0.022833
34 0.499717 0.187127 0.014079 0.013890
34 0.457190 0.187109 0.014613 0.013585
34 0.367448 0.225369 0.018042 0.023391
34 0.435038 0.132930 0.015496 0.014340
34 0.435289 0.186508 0.014176 0.013346
34 0.398337 0.117824 0.018830 0.015244
34 0.419167 0.103242 0.009116 0.007578
34 0.523053 0.250591 0.009164 0.007828
34 0.477748 0.202022 0.009081 0.007692
34 0.420780 0.045901 0.011789 0.008359
34 0.690120 0.149665 0.009688 0.007994
34 0.619022 0.249819 0.008801 0.007737
34 0.573554 0.201872 0.009190 0.007877
34 0.669181 0.202048 0.008950 0.007635
34 0.595274 0.187533 0.014726 0.013842
34 0.553210 0.186627 0.014555 0.013277
34 0.691366 0.187174 0.014734 0.013978
34 0.498723 0.226274 0.014182 0.013346
34 0.395980 0.076808 0.018822 0.014813
34 0.397608 0.031456 0.016074 0.014249
34 0.477950 0.187030 0.014023 0.013229
34 0.817343 0.125103 0.019077 0.008552
34 0.811083 0.250302 0.009108 0.007900
34 0.533401 0.185697 0.010385 0.013371
34 0.669598 0.187204 0.014345 0.012927
34 0.574201 0.186780 0.014486 0.013685
34 0.689701 0.226050 0.014619 0.013884
34 0.648392 0.187170 0.014750 0.013029
34 0.626829 0.186589 0.014275 0.013497
34 0.594794 0.227042 0.014728 0.013594
34 0.840814 0.288175 0.005572 0.007110
34 0.724300 0.063706 0.011058 0.007481
34 0.772658 0.086082 0.014575 0.012841
34 0.787516 0.226076 0.014541 0.013896
34 0.741348 0.085879 0.014492 0.013018
34 0.723493 0.186711 0.014432 0.013890
34 0.863665 0.202343 0.009148 0.007911
34 0.778272 0.118102 0.014452 0.012893
34 0.766149 0.202475 0.009148 0.007749
34 0.792174 0.123817 0.009202 0.007737
34 0.724400 0.091418 0.009339 0.007749
34 0.713898 0.250298 0.008969 0.007920
34 0.908294 0.250175 0.009621 0.007749
34 0.886445 0.187193 0.012214 0.014203
34 0.842868 0.186971 0.014668 0.013611
34 0.787489 0.187150 0.014813 0.013970
34 0.745288 0.187132 0.014678 0.013049
34 0.821230 0.186528 0.014031 0.013420
34 0.766454 0.187174 0.014686 0.012935
34 0.864140 0.187192 0.014444 0.012970
34 0.293923 0.494107 0.016017 0.014095
34 0.297357 0.474436 0.015894 0.014742
34 0.250955 0.345946 0.005745 0.014229
34 0.219331 0.358162 0.014952 0.014209
34 0.239348 0.358189 0.014833 0.013391
34 0.226608 0.493985 0.016023 0.013762
34 0.335783 0.320694 0.009257 0.007361
34 0.172974 0.474339 0.015582 0.014873
34 0.260409 0.493316 0.015898 0.014263
34 0.335861 0.345088 0.014942 0.014400
34 0.329347 0.475199 0.015947 0.014514
34 0.314202 0.345158 0.015411 0.014414
34 0.314411 0.292354 0.015288 0.014728
34 0.233449 0.474457 0.015826 0.014887
34 0.252287 0.383789 0.016183 0.013961
34 0.201907 0.474538 0.015965 0.014531
34 0.198358 0.494213 0.015902 0.014052
34 0.324390 0.389199 0.021076 0.008236
34 0.255096 0.321188 0.006904 0.021921
34 0.209429 0.390898 0.018866 0.008071
34 0.285522 0.327139 0.016354 0.020604
34 0.321253 0.273064 0.005810 0.013451
34 0.225916 0.382125 0.005566 0.013551
34 0.323975 0.494899 0.015798 0.014340
34 0.266551 0.473968 0.015830 0.014782
34 0.356174 0.439810 0.008066 0.007515
34 0.475897 0.428595 0.009108 0.007495
34 0.480143 0.450808 0.009041 0.007213
34 0.438798 0.391116 0.020155 0.008416
34 0.449121 0.255740 0.011920 0.007877
34 0.336738 0.417666 0.009523 0.007620
34 0.340123 0.253772 0.012425 0.008393
34 0.252068 0.428719 0.009120 0.007663
34 0.271963 0.389993 0.009108 0.007749
34 0.355695 0.390134 0.009275 0.007985
34 0.310316 0.450841 0.009073 0.007392
34 0.396922 0.474875 0.016108 0.014970
34 0.488520 0.296680 0.009289 0.007917
34 0.522762 0.339464 0.005737 0.013588
34 0.450502 0.346894 0.015391 0.014226
34 0.435572 0.279528 0.005911 0.013671
34 0.431229 0.473971 0.015802 0.014805
34 0.458138 0.371659 0.005542 0.013434
34 0.384879 0.349897 0.005508 0.012813
34 0.484710 0.417545 0.009154 0.008034
34 0.376678 0.295211 0.009347 0.007538
34 0.449689 0.322598 0.009176 0.007589
34 0.479774 0.369363 0.031261 0.014377
34 0.464631 0.291415 0.015995 0.014041
34 0.459092 0.493443 0.015880 0.014044
34 0.427449 0.302123 0.015393 0.014899
34 0.377706 0.324608 0.015703 0.014585
34 0.426824 0.494152 0.015937 0.014129
34 0.427254 0.346808 0.015766 0.014488
34 0.515221 0.315157 0.015469 0.014400
34 0.391091 0.494527 0.015900 0.014377
34 0.465501 0.317223 0.015860 0.014092
34 0.364092 0.474896 0.015759 0.014899
34 0.621971 0.426146 0.016436 0.021319
34 0.598762 0.310351 0.015941 0.014722
34 0.595548 0.444865 0.005471 0.015566
34 0.556264 0.341329 0.021739 0.009413
34 0.495346 0.354815 0.005532 0.012730
34 0.487869 0.325740 0.015770 0.014135
34 0.472973 0.273283 0.005580 0.012858
34 0.574477 0.398239 0.005546 0.012471
34 0.612713 0.353445 0.005449 0.016050
34 0.577868 0.326119 0.016231 0.013981
34 0.694711 0.346332 0.014506 0.013588
34 0.673182 0.360499 0.014909 0.013582
34 0.561092 0.495160 0.015121 0.014309
34 0.545189 0.307924 0.015870 0.014440
34 0.695089 0.306532 0.014593 0.013634
34 0.577475 0.294620 0.016046 0.014306
34 0.567756 0.441251 0.015137 0.014437
34 0.545181 0.282234 0.015975 0.014580
34 0.603726 0.431341 0.005566 0.015420
34 0.544992 0.447243 0.015439 0.014394
34 0.829938 0.357408 0.008900 0.007458
34 0.837631 0.409906 0.005633 0.016044
34 0.872812 0.327586 0.008884 0.007050
34 0.794528 0.401898 0.005844 0.013594
34 0.747768 0.408757 0.005782 0.013685
34 0.704730 0.395406 0.020177 0.008492
34 0.585595 0.311097 0.005490 0.012989
34 0.586269 0.470610 0.009267 0.008168
34 0.695197 0.322595 0.009073 0.008074
34 0.586020 0.265375 0.009361 0.008270
34 0.567642 0.413682 0.015175 0.013816
34 0.542875 0.466530 0.009037 0.007863
34 0.740942 0.315896 0.014446 0.013280
34 0.763868 0.391148 0.014186 0.013896
34 0.829515 0.391575 0.014436 0.013545
34 0.814323 0.407660 0.005471 0.013024
34 0.853974 0.365547 0.014942 0.013551
34 0.873148 0.391519 0.014406 0.013787
34 0.727978 0.403165 0.005703 0.013420
34 0.821687 0.443726 0.017246 0.022585
34 0.741377 0.391696 0.013878 0.013491
34 0.763671 0.357525 0.009204 0.007789
34 0.742510 0.327357 0.009146 0.007521
34 0.840984 0.293425 0.006094 0.017196
34 0.860747 0.401495 0.005415 0.013391
34 0.743497 0.257028 0.016922 0.015856
34 0.807455 0.315852 0.014450 0.013334
34 0.721642 0.365567 0.014887 0.013767
34 0.787949 0.365641 0.014698 0.013585
34 0.873401 0.348115 0.014486 0.013631
34 0.741372 0.348099 0.014122 0.013594
34 0.808726 0.327599 0.009140 0.006951
34 0.873401 0.315879 0.014615 0.013383
34 0.807183 0.391594 0.014349 0.013522
34 0.903494 0.408453 0.005683 0.015811
34 0.888147 0.443122 0.015616 0.022710
34 0.895578 0.391442 0.014686 0.013867
34 0.881751 0.410145 0.002824 0.012944
34 0.880240 0.409930 0.005741 0.013346
34 0.771006 0.409946 0.005727 0.016084
34 0.775912 0.293330 0.005989 0.017153
34 0.807465 0.348243 0.014180 0.013830
34 0.814658 0.275908 0.011845 0.008242
34 0.755303 0.443085 0.017427 0.022585
34 0.840542 0.257008 0.017051 0.015777
34 0.160939 0.653950 0.016052 0.013805
34 0.132612 0.660038 0.009349 0.008319
34 0.160927 0.682048 0.016092 0.013813
34 0.160954 0.737687 0.016138 0.013665
34 0.132661 0.769772 0.009303 0.007848
34 0.143699 0.603879 0.017498 0.020154
34 0.160970 0.627863 0.016275 0.014032
34 0.132621 0.715164 0.009367 0.008093
34 0.132594 0.688512 0.009116 0.007865
34 0.132595 0.743871 0.009222 0.007846
34 0.132675 0.633528 0.009343 0.008430
34 0.895707 0.357524 0.009347 0.007763
34 0.197848 0.735463 0.015872 0.013736
34 0.197911 0.706881 0.015770 0.013722
34 0.160689 0.763353 0.015459 0.013756
34 0.126822 0.571244 0.015880 0.014520
34 0.165532 0.571260 0.015987 0.014443
34 0.173670 0.537512 0.015645 0.015378
34 0.144379 0.571630 0.015864 0.014449
34 0.160939 0.709269 0.016124 0.014092
34 0.330373 0.737501 0.011358 0.008230
34 0.329226 0.538713 0.015810 0.014634
34 0.198464 0.586632 0.009265 0.007706
34 0.291610 0.758229 0.015778 0.013961
34 0.198096 0.678850 0.015705 0.013938
34 0.198351 0.624269 0.015719 0.013850
34 0.198194 0.651919 0.015921 0.013596
34 0.178702 0.537371 0.005224 0.014862
34 0.199116 0.761412 0.015576 0.013562
34 0.266280 0.538009 0.016013 0.015375
34 0.297521 0.537529 0.016223 0.015378
34 0.380070 0.674206 0.004567 0.014631
34 0.335999 0.764366 0.009166 0.007677
34 0.319940 0.758260 0.015516 0.013722
34 0.431119 0.678820 0.016658 0.014038
34 0.358337 0.586778 0.009373 0.007982
34 0.429051 0.633056 0.009476 0.008170
34 0.454859 0.714903 0.016386 0.014463
34 0.233252 0.538193 0.015816 0.015110
34 0.227807 0.622249 0.015727 0.014488
34 0.257555 0.579840 0.015586 0.014221
34 0.202490 0.537347 0.015629 0.014893
34 0.430675 0.742622 0.015282 0.015036
34 0.476100 0.684639 0.008811 0.008173
34 0.414443 0.685737 0.008894 0.008036
34 0.402082 0.603333 0.024543 0.015694
34 0.430711 0.537675 0.015842 0.014796
34 0.385196 0.674243 0.015034 0.014711
34 0.428837 0.720985 0.008959 0.007994
34 0.477250 0.721177 0.009005 0.008168
34 0.477396 0.633480 0.009253 0.007900
34 0.391982 0.708172 0.014557 0.014885
34 0.473912 0.599816 0.021072 0.008159
34 0.457961 0.626604 0.015919 0.014098
34 0.613778 0.599858 0.009474 0.007672
34 0.620376 0.650074 0.009168 0.007649
34 0.688365 0.649659 0.009253 0.007783
34 0.642150 0.617196 0.009075 0.007712
34 0.699561 0.713960 0.020230 0.008780
34 0.633424 0.713775 0.020320 0.009310
34 0.689296 0.635365 0.014692 0.014212
34 0.363295 0.537716 0.016247 0.014828
34 0.454857 0.678943 0.016708 0.014471
34 0.410066 0.758444 0.010689 0.008071
34 0.359915 0.725671 0.011523 0.008293
34 0.388433 0.653649 0.014609 0.014691
34 0.396602 0.537724 0.016124 0.014822
34 0.823174 0.682204 0.011174 0.007783
34 0.872044 0.598948 0.005457 0.013309
34 0.663273 0.635117 0.015888 0.014047
34 0.646556 0.686570 0.005691 0.016110
34 0.689496 0.673277 0.015141 0.014922
34 0.623388 0.634983 0.015032 0.014548
34 0.599475 0.643129 0.016009 0.014050
34 0.623427 0.673283 0.015105 0.015064
34 0.690321 0.563802 0.016610 0.019846
34 0.623323 0.563736 0.016839 0.020296
34 0.732880 0.575333 0.003217 0.014611
34 0.572946 0.649867 0.009019 0.007806
34 0.801492 0.575929 0.015856 0.014451
34 0.846425 0.701077 0.015502 0.014221
34 0.851474 0.729092 0.015784 0.014252
34 0.833314 0.592492 0.015346 0.020704
34 0.747067 0.600741 0.005439 0.013200
34 0.781477 0.569698 0.005371 0.015765
34 0.846571 0.676352 0.015939 0.014403
34 0.835288 0.639229 0.015770 0.014799
34 0.755511 0.540170 0.009023 0.007367
34 0.762053 0.636841 0.017796 0.022186
34 0.768763 0.592732 0.014786 0.020903
34 0.845533 0.570007 0.005566 0.015893
34 0.708100 0.617277 0.007655 0.008461
34 0.838683 0.529020 0.015089 0.014021
34 0.809114 0.600731 0.005459 0.013437
34 0.859344 0.698565 0.005328 0.012565
34 0.864443 0.575762 0.016058 0.014278
34 0.877015 0.639618 0.015790 0.014146
34 0.773934 0.529649 0.015467 0.014580
34 0.778511 0.655172 0.011225 0.007449
34 0.888457 0.701597 0.016044 0.014537
34 0.739269 0.575483 0.016185 0.014471
34 0.791980 0.639095 0.016064 0.014218
34 0.818204 0.529087 0.015570 0.013648
34 0.753011 0.529594 0.015502 0.013887
34 0.712376 0.685426 0.005751 0.016255
34 0.902659 0.529564 0.015423 0.014899
34 0.888035 0.676550 0.015244 0.013802
34 0.941831 0.564842 0.005886 0.013531
34 0.907640 0.734534 0.016005 0.014580
34 0.942123 0.697444 0.005741 0.013195
34 0.897609 0.592756 0.015318 0.022365
34 0.904254 0.502988 0.009184 0.007903
34 0.882497 0.741036 0.009281 0.007709
34 0.773867 0.502962 0.008930 0.007874
34 0.840438 0.502841 0.009172 0.007506
34 0.820887 0.539712 0.008745 0.007244
34 0.819943 0.706999 0.011364 0.008133
34 0.897525 0.654211 0.011207 0.007697
34 0.883595 0.539915 0.009204 0.007364
34 0.314426 0.288282 0.015383 0.007033
34 0.355167 0.092619 0.015923 0.013730
34 0.305979 0.180819 0.005947 0.013511
34 0.207885 0.118913 0.010012 0.008239
34 0.371921 0.096187 0.014869 0.007860
34 0.277686 0.181188 0.005389 0.013064
34 0.342336 0.099789 0.009108 0.007455
34 0.193421 0.231381 0.011942 0.008410
34 0.362327 0.271107 0.005733 0.012964
34 0.317568 0.049983 0.016974 0.020878
34 0.265370 0.101319 0.017025 0.021761
34 0.243120 0.144846 0.005778 0.017307
34 0.193776 0.255851 0.012133 0.008276
34 0.237900 0.228628 0.006207 0.014731
34 0.357717 0.035664 0.016021 0.013859
34 0.461604 0.760889 0.016773 0.021111
34 0.490888 0.789060 0.009045 0.008162
34 0.362724 0.782818 0.015427 0.014580
34 0.863936 0.805617 0.031213 0.015172
34 0.850971 0.761082 0.015874 0.014651
34 0.154984 0.206841 0.018981 0.007458
33 0.127461 0.585269 0.006436 0.013046
33 0.145045 0.585259 0.006384 0.012667
33 0.165790 0.584711 0.006342 0.012043
33 0.182217 0.584815 0.006384 0.012018
33 0.430935 0.756730 0.006410 0.012542
21 0.154788 0.198951 0.005455 0.007717
21 0.225948 0.243316 0.005034 0.008364
21 0.221634 0.173066 0.005085 0.007324
21 0.410330 0.131503 0.007143 0.010393
21 0.816971 0.114376 0.008519 0.012679
21 0.209522 0.381151 0.008072 0.012448
21 0.324516 0.378460 0.008479 0.013140
21 0.438851 0.380493 0.008713 0.013445
21 0.556073 0.331344 0.008693 0.012992
21 0.474005 0.590188 0.008259 0.012585
21 0.633730 0.703197 0.008789 0.013582
21 0.699678 0.703121 0.009118 0.013696
21 0.278431 0.780883 0.008046 0.012243
17 0.309327 0.248799 0.016140 0.022494
17 0.367220 0.248834 0.017079 0.023847
17 0.762671 0.660006 0.017127 0.025306
15 0.358242 0.051103 0.011682 0.016962
15 0.402266 0.653160 0.011757 0.016318
13 0.460048 0.508733 0.009315 0.015375
13 0.392133 0.508138 0.007788 0.014691
13 0.324435 0.508933 0.007528 0.013545
13 0.295162 0.508618 0.007367 0.013816
13 0.199916 0.508960 0.007951 0.012556
13 0.229271 0.508763 0.008598 0.014255
13 0.262738 0.508763 0.009154 0.013993
13 0.358897 0.508653 0.007468 0.014052
13 0.426251 0.508626 0.007385 0.013668
11 0.109622 0.121612 0.014035 0.019245
11 0.109336 0.166888 0.014607 0.019042
11 0.108835 0.214494 0.014462 0.020256
11 0.334107 0.050238 0.013584 0.021137
11 0.598852 0.404557 0.015085 0.021026
11 0.840622 0.447586 0.015137 0.020946
11 0.773921 0.447231 0.012645 0.022277
11 0.906596 0.447652 0.015554 0.021094
11 0.156264 0.591247 0.011767 0.017250
11 0.784505 0.593846 0.014966 0.020687
11 0.848865 0.593139 0.014639 0.020721
11 0.913230 0.592625 0.015050 0.021157
11 0.444858 0.763368 0.014660 0.021220
6 0.333946 0.071828 0.002877 0.005087
6 0.344574 0.050295 0.003995 0.004523
6 0.238763 0.394734 0.003815 0.004981
6 0.602567 0.420452 0.004067 0.004580
6 0.598824 0.431569 0.003050 0.004842
6 0.598777 0.427187 0.002957 0.005232
6 0.615901 0.373692 0.003644 0.007891
6 0.577565 0.389216 0.003173 0.004679
6 0.615857 0.376919 0.003233 0.004816
6 0.840578 0.430030 0.002667 0.003360
6 0.883607 0.303502 0.002726 0.004058
6 0.751239 0.303454 0.002707 0.003967
6 0.817566 0.303545 0.003018 0.004098
6 0.906615 0.430021 0.002577 0.003514
6 0.883818 0.303632 0.004921 0.005902
6 0.261910 0.557626 0.003948 0.004702
6 0.825021 0.659242 0.004289 0.004930
6 0.886113 0.659347 0.004639 0.004953
5 0.410395 0.076445 0.009243 0.007013
5 0.198227 0.720134 0.007067 0.013753
5 0.198169 0.748118 0.006813 0.013009
5 0.198271 0.638491 0.006892 0.014024
5 0.198152 0.664602 0.006843 0.013651
5 0.198072 0.692649 0.006946 0.013853
5 0.198233 0.773866 0.007099 0.013123
4 0.835285 0.655262 0.010816 0.016834
4 0.835192 0.682381 0.010369 0.016817
4 0.835185 0.707058 0.010375 0.016868
3 0.512957 0.186855 0.011648 0.014605
3 0.397661 0.046432 0.010278 0.015879
3 0.512904 0.226889 0.011807 0.014486
3 0.704134 0.186878 0.011426 0.014748
3 0.608813 0.186966 0.011785 0.014805
3 0.703990 0.226905 0.012045 0.014551
3 0.608827 0.226921 0.011972 0.014753
3 0.801027 0.226878 0.011882 0.014708
3 0.801054 0.186912 0.011886 0.014662
3 0.898833 0.186979 0.011654 0.014950
3 0.898785 0.226885 0.011797 0.014414
3 0.613135 0.310668 0.011616 0.014360
3 0.399529 0.673350 0.011632 0.014480
3 0.792024 0.655208 0.010494 0.016549
3 0.876206 0.707106 0.010046 0.016304
3 0.876205 0.682609 0.009956 0.016389
3 0.876230 0.655308 0.010240 0.016389
2 0.238816 0.622471 0.006428 0.015936
1 0.378458 0.050825 0.010687 0.008809
1 0.755514 0.187438 0.005842 0.014295
1 0.308643 0.474751 0.005792 0.014916
1 0.184456 0.474950 0.006620 0.015600
1 0.340183 0.474859 0.005737 0.014825
1 0.245116 0.474835 0.006585 0.015386
1 0.277786 0.474806 0.006503 0.015204
1 0.213271 0.474933 0.006247 0.015372
1 0.245148 0.535821 0.005876 0.010148
1 0.441909 0.474665 0.005860 0.014517
1 0.374470 0.474672 0.005709 0.014320
1 0.408058 0.474678 0.005911 0.014617
1 0.598836 0.493891 0.005588 0.014115
1 0.774332 0.391297 0.005925 0.014585
1 0.840615 0.391426 0.005836 0.014508
1 0.906590 0.391315 0.006062 0.014469
1 0.268469 0.579541 0.006277 0.014905
1 0.374642 0.538226 0.006005 0.014605
1 0.455477 0.690309 0.011692 0.009384
1 0.402202 0.707857 0.005983 0.014716
1 0.442079 0.538414 0.006495 0.015101
1 0.455363 0.726462 0.011821 0.009892
1 0.408035 0.538290 0.006279 0.014637
1 0.458202 0.638341 0.011320 0.010168
1 0.848832 0.529477 0.005737 0.014343
1 0.784382 0.529850 0.005681 0.014309
1 0.913172 0.529554 0.005586 0.014548
0 0.154757 0.184038 0.005465 0.014004
0 0.127115 0.121537 0.010246 0.008336
0 0.126730 0.214135 0.010000 0.008310
0 0.140782 0.147254 0.005536 0.014149
0 0.126784 0.166415 0.010022 0.008418
0 0.324814 0.288401 0.005618 0.006794
0 0.333759 0.093230 0.005564 0.014109
0 0.333845 0.115648 0.005526 0.013867
0 0.221651 0.158176 0.005804 0.014089
0 0.226137 0.228051 0.005707 0.014232
0 0.467278 0.187434 0.006116 0.014263
0 0.445829 0.187301 0.006223 0.014631
0 0.424296 0.133017 0.006444 0.015802
0 0.488027 0.187344 0.005449 0.014107
0 0.410339 0.093739 0.004639 0.011525
0 0.410316 0.118538 0.004702 0.011388
0 0.541857 0.187388 0.006495 0.014999
0 0.563184 0.187646 0.005856 0.014283
0 0.658420 0.187582 0.005892 0.013710
0 0.637166 0.187361 0.006172 0.014876
0 0.679244 0.187451 0.005578 0.014018
0 0.584165 0.187452 0.005421 0.014078
0 0.776361 0.187461 0.005405 0.014107
0 0.773196 0.096425 0.009958 0.008079
0 0.741777 0.096378 0.010004 0.008150
0 0.873993 0.187390 0.005439 0.014135
0 0.853218 0.187174 0.006211 0.015375
0 0.831789 0.187457 0.006140 0.014252
0 0.778203 0.128857 0.011176 0.009490
0 0.734067 0.187427 0.006459 0.014791
0 0.150944 0.255660 0.005751 0.013126
0 0.219563 0.368730 0.009932 0.007703
0 0.239662 0.368728 0.009992 0.007999
0 0.324746 0.345111 0.005653 0.014138
0 0.252446 0.395013 0.010790 0.009262
0 0.346226 0.345118 0.006247 0.015081
0 0.324712 0.292163 0.005653 0.014152
0 0.476081 0.316852 0.005409 0.013876
0 0.365955 0.288988 0.005588 0.014124
0 0.439045 0.302804 0.005483 0.014135
0 0.476088 0.291347 0.005838 0.014212
0 0.366006 0.314749 0.005453 0.013995
0 0.439006 0.347194 0.005389 0.013557
0 0.388344 0.324423 0.006471 0.015292
0 0.462295 0.347130 0.006507 0.015400
0 0.526248 0.315782 0.006074 0.014933
0 0.498946 0.326758 0.006910 0.016178
0 0.683618 0.360896 0.006467 0.015346
0 0.556054 0.447065 0.006201 0.014648
0 0.588547 0.295410 0.005554 0.013699
0 0.577675 0.414050 0.005536 0.014152
0 0.577705 0.441148 0.005334 0.013719
0 0.571598 0.494736 0.005616 0.014044
0 0.588562 0.326780 0.005584 0.013924
0 0.555927 0.308156 0.005504 0.013565
0 0.555930 0.283178 0.005602 0.013987
0 0.751365 0.348129 0.005812 0.014070
0 0.817651 0.348049 0.005729 0.014201
0 0.751104 0.391738 0.005745 0.014175
0 0.751225 0.315979 0.005532 0.013970
0 0.817632 0.316023 0.005647 0.013938
0 0.817525 0.391710 0.005671 0.014158
0 0.731953 0.365871 0.006557 0.015583
0 0.864180 0.365888 0.006205 0.015212
0 0.798275 0.365683 0.006251 0.015212
0 0.883603 0.391753 0.005663 0.014255
0 0.883648 0.348136 0.005544 0.014186
0 0.883650 0.316093 0.005588 0.014340
0 0.161206 0.638867 0.011602 0.010171
0 0.161214 0.693175 0.011722 0.010003
0 0.161195 0.748529 0.011612 0.009507
0 0.161228 0.720550 0.011630 0.009826
0 0.213854 0.537361 0.006273 0.014232
0 0.374675 0.538015 0.006203 0.015261
0 0.184407 0.537640 0.006283 0.014403
0 0.340338 0.538289 0.006152 0.015187
0 0.245056 0.538189 0.006446 0.014953
0 0.277679 0.538390 0.006326 0.014933
0 0.431372 0.690061 0.010105 0.008267
0 0.633827 0.673481 0.005727 0.014286
0 0.699864 0.673390 0.005659 0.014201
0 0.633752 0.635816 0.005816 0.014101
0 0.699761 0.635616 0.005796 0.014514
0 0.599149 0.654460 0.011315 0.009798
0 0.674464 0.635510 0.006438 0.015455
0 0.750497 0.576632 0.006428 0.015509
0 0.812401 0.576244 0.006459 0.016027
0 0.875496 0.576318 0.006660 0.016113
0 0.828456 0.529491 0.005409 0.013351
0 0.763437 0.529836 0.005467 0.013847
0 0.862411 0.729104 0.005524 0.013927
0 0.907026 0.745764 0.010622 0.009510
0 0.891494 0.529384 0.005606 0.013987
0 0.161206 0.774182 0.011436 0.009647
0 0.319711 0.769127 0.010280 0.008398
0 0.290832 0.769072 0.010036 0.008341
0 0.862284 0.761136 0.005786 0.014223
0 0.308748 0.537700 0.006541 0.014506
