34 0.924262 0.647132 0.025880 0.015580
17 0.483885 0.708678 0.036256 0.051616
17 0.580319 0.709015 0.036734 0.052964
17 0.785045 0.710365 0.037687 0.053639
17 0.912644 0.710271 0.019746 0.028242
11 0.471812 0.380425 0.019974 0.027734
11 0.361056 0.668852 0.017699 0.026697
11 0.958723 0.591763 0.019347 0.026780
11 0.467784 0.769705 0.018368 0.027327
11 0.667263 0.769198 0.020752 0.026991
0 0.259956 0.157901 0.012166 0.009111
0 0.259657 0.281552 0.012045 0.009766
0 0.276176 0.281644 0.011686 0.009444
0 0.846911 0.739848 0.011513 0.009601
0 0.923071 0.634805 0.007322 0.007216
34 0.889424 0.645943 0.017816 0.010667
34 0.217971 0.780958 0.027818 0.017441
34 0.488222 0.787713 0.012490 0.011687
34 0.690460 0.789208 0.020562 0.010328
34 0.633066 0.769915 0.028690 0.017749
34 0.654813 0.803886 0.026905 0.016851
34 0.807108 0.790031 0.041416 0.012095
34 0.890124 0.677478 0.014642 0.010356
34 0.931967 0.776344 0.040879 0.014004
25 0.634441 0.326177 0.110199 0.073545
25 0.799356 0.326345 0.110677 0.071858
23 0.473030 0.212723 0.021229 0.029687
22 0.846568 0.710133 0.020623 0.030382
17 0.503148 0.212885 0.015988 0.022454
17 0.550264 0.212385 0.017175 0.024292
17 0.154934 0.710197 0.036972 0.053303
17 0.275043 0.710329 0.013738 0.026888
17 0.251687 0.710276 0.035944 0.052203
34 0.572849 0.212877 0.030252 0.016879
34 0.453042 0.123948 0.013756 0.009413
34 0.525983 0.213175 0.030371 0.016939
34 0.410233 0.231047 0.049327 0.018310
34 0.390638 0.277895 0.013772 0.010638
35 0.600858 0.519017 0.021076 0.011610
34 0.300332 0.157592 0.043905 0.016763
34 0.182366 0.465118 0.028966 0.017258
34 0.112194 0.638579 0.028741 0.014092
34 0.302944 0.658981 0.031275 0.014805
34 0.359315 0.693065 0.030175 0.015905
34 0.366250 0.521703 0.046343 0.017769
34 0.496314 0.755861 0.025350 0.014657
17 0.178231 0.710171 0.014572 0.027837
34 0.449889 0.351644 0.020540 0.010459
25 0.358248 0.325839 0.111431 0.070846
34 0.658209 0.277546 0.028841 0.012237
34 0.885228 0.275192 0.010870 0.010670
34 0.160091 0.293775 0.046935 0.015700
34 0.113111 0.441449 0.027471 0.014696
34 0.231754 0.282344 0.043468 0.017256
34 0.596531 0.458528 0.019079 0.010353
34 0.639845 0.429806 0.042184 0.016848
34 0.677288 0.501518 0.033722 0.021023
34 0.751499 0.511700 0.024372 0.007977
34 0.805182 0.429624 0.042962 0.017207
34 0.835421 0.459940 0.019079 0.010670
34 0.758215 0.463391 0.027955 0.015691
34 0.820017 0.277817 0.028735 0.011508
34 0.126903 0.666653 0.021076 0.010040
34 0.154900 0.521445 0.043357 0.017868
34 0.222251 0.521056 0.041487 0.015688
34 0.263405 0.521213 0.027955 0.016002
34 0.223274 0.664756 0.020911 0.012442
34 0.207865 0.710249 0.028263 0.016549
34 0.446914 0.677117 0.020494 0.010787
34 0.421814 0.658795 0.032152 0.016409
34 0.492051 0.521512 0.042668 0.018014
34 0.523702 0.556358 0.030395 0.017258
34 0.542450 0.677164 0.020411 0.010356
34 0.385376 0.676379 0.016417 0.009413
34 0.542561 0.708387 0.029506 0.016945
34 0.659760 0.677793 0.020854 0.009099
34 0.698090 0.635744 0.041406 0.017068
34 0.581033 0.652432 0.028884 0.016002
34 0.533431 0.556359 0.010244 0.016156
34 0.829431 0.677791 0.013756 0.010356
34 0.751375 0.516040 0.027421 0.017170
34 0.792305 0.748339 0.026540 0.014705
34 0.745177 0.714420 0.029629 0.008567
34 0.747565 0.676851 0.022186 0.010983
34 0.791161 0.634647 0.040600 0.016942
34 0.919409 0.515566 0.030617 0.017885
34 0.932387 0.564516 0.022408 0.010980
34 0.921627 0.628213 0.033724 0.010356
34 0.890238 0.710111 0.019162 0.017840
