0 0.713177 0.399051 0.005741 0.005141
35 0.115237 0.234933 0.006251 0.020958
35 0.137057 0.207176 0.006390 0.021305
35 0.160333 0.207280 0.006585 0.021000
35 0.332089 0.206832 0.006930 0.020835
35 0.193470 0.207182 0.006932 0.021887
35 0.216800 0.207706 0.006311 0.021186
35 0.438521 0.212605 0.006410 0.021476
35 0.497628 0.200859 0.006589 0.021091
35 0.486664 0.201009 0.006825 0.021300
35 0.431748 0.212368 0.006509 0.021003
35 0.355474 0.206636 0.006642 0.021850
35 0.388509 0.207002 0.006205 0.020581
35 0.411239 0.207078 0.005669 0.021337
35 0.593179 0.212431 0.006555 0.021066
35 0.586664 0.212509 0.006414 0.021810
35 0.613289 0.205722 0.006432 0.021339
35 0.669752 0.205841 0.006720 0.021382
35 0.692950 0.205881 0.006311 0.021034
35 0.636569 0.205668 0.006499 0.021020
35 0.808442 0.205836 0.006311 0.019823
35 0.830906 0.205685 0.006311 0.019823
35 0.864440 0.206365 0.005778 0.019672
35 0.814761 0.085848 0.006892 0.021277
35 0.834228 0.085858 0.007091 0.021297
35 0.795977 0.085882 0.006990 0.021328
35 0.913747 0.234949 0.005915 0.021200
35 0.887541 0.206898 0.006461 0.020618
35 0.928289 0.183009 0.015091 0.010123
35 0.907069 0.235021 0.006414 0.021220
35 0.069121 0.427297 0.015195 0.008963
35 0.069368 0.484952 0.015739 0.007914
35 0.296017 0.379299 0.014790 0.009792
35 0.252099 0.396641 0.015205 0.010211
35 0.296021 0.396713 0.015052 0.010245
35 0.261075 0.323068 0.014970 0.010262
35 0.261076 0.305873 0.014581 0.009917
35 0.252237 0.361707 0.015087 0.010083
35 0.295951 0.361731 0.014988 0.009954
35 0.295954 0.344171 0.015046 0.010040
35 0.252235 0.379427 0.014901 0.009906
35 0.287341 0.323188 0.014799 0.010302
35 0.252194 0.344017 0.015218 0.010046
35 0.261069 0.288723 0.014639 0.009838
35 0.260975 0.270831 0.014686 0.009687
35 0.287375 0.288718 0.014927 0.009678
35 0.287370 0.306089 0.014748 0.009698
35 0.287475 0.270899 0.014752 0.009578
35 0.502480 0.374808 0.006604 0.020353
35 0.466235 0.366565 0.015161 0.009835
35 0.482354 0.374782 0.006739 0.020353
35 0.509682 0.296449 0.015387 0.009592
35 0.509659 0.328893 0.015014 0.010068
35 0.516117 0.422110 0.014768 0.009424
35 0.516118 0.479446 0.014577 0.009778
35 0.516195 0.440849 0.014746 0.009684
35 0.516198 0.459825 0.014736 0.010120
35 0.554002 0.325242 0.014938 0.009732
35 0.549108 0.296398 0.014911 0.009410
35 0.538578 0.451433 0.014637 0.009934
35 0.538548 0.479630 0.014609 0.010162
35 0.538065 0.422374 0.014571 0.009866
35 0.763938 0.275331 0.014335 0.009687
35 0.737639 0.310338 0.014722 0.009521
35 0.737686 0.327620 0.015260 0.010048
35 0.728285 0.398568 0.015111 0.009858
35 0.763983 0.327663 0.014714 0.009917
35 0.737635 0.275295 0.014758 0.009604
35 0.763905 0.293387 0.014575 0.009533
35 0.772536 0.398586 0.015149 0.009963
35 0.772452 0.346205 0.015371 0.010456
35 0.737699 0.293428 0.014774 0.009592
35 0.728400 0.346116 0.015056 0.010510
35 0.728389 0.381308 0.015062 0.010083
35 0.728464 0.363709 0.015139 0.010536
35 0.772459 0.381361 0.015175 0.010199
35 0.772545 0.363703 0.015042 0.010348
35 0.764092 0.310484 0.014797 0.009558
35 0.929681 0.463970 0.015256 0.010533
35 0.963825 0.366767 0.015481 0.010502
35 0.959979 0.313645 0.014934 0.010316
35 0.963691 0.332169 0.015359 0.010014
35 0.926745 0.339996 0.014815 0.008889
35 0.963525 0.349332 0.014863 0.009829
35 0.929774 0.435326 0.014694 0.009872
35 0.068124 0.567629 0.015040 0.008869
35 0.267117 0.535398 0.007075 0.021453
35 0.330121 0.579097 0.007055 0.021556
35 0.470779 0.598158 0.014857 0.010348
35 0.409580 0.606076 0.014994 0.009849
35 0.621740 0.694927 0.014841 0.009604
35 0.850933 0.611875 0.006902 0.021083
35 0.761486 0.547761 0.014502 0.009932
35 0.760902 0.509614 0.014952 0.010513
35 0.720051 0.576661 0.006936 0.020636
35 0.725614 0.617545 0.014988 0.010057
35 0.900148 0.721442 0.015256 0.010071
35 0.942952 0.671201 0.014986 0.010513
35 0.943016 0.695834 0.014887 0.009860
35 0.942855 0.645040 0.015008 0.010182
35 0.465608 0.762167 0.006813 0.021097
34 0.922570 0.655792 0.013455 0.011391
34 0.965116 0.695362 0.029942 0.020145
34 0.922527 0.680459 0.013435 0.011462
34 0.965147 0.670520 0.029799 0.019661
34 0.965185 0.644417 0.029722 0.019858
34 0.922723 0.629555 0.013173 0.011268
34 0.876394 0.596082 0.014980 0.012562
34 0.344179 0.206231 0.013600 0.011830
34 0.112510 0.218400 0.032631 0.013289
34 0.149298 0.206451 0.013370 0.012308
34 0.149119 0.191385 0.025494 0.012471
34 0.460466 0.178816 0.011150 0.007600
34 0.451691 0.230490 0.012895 0.011667
34 0.422527 0.245041 0.013809 0.011490
34 0.451689 0.245704 0.012822 0.011744
34 0.506518 0.221302 0.013032 0.011975
34 0.473894 0.222105 0.012284 0.011989
34 0.476019 0.237049 0.012143 0.012172
34 0.508297 0.236515 0.012786 0.012032
34 0.354581 0.190856 0.004883 0.010011
34 0.492751 0.188011 0.059797 0.008321
34 0.509903 0.126790 0.010923 0.007988
34 0.429382 0.230061 0.004444 0.012434
34 0.435810 0.239554 0.004428 0.012268
34 0.386737 0.166358 0.013223 0.011690
34 0.400620 0.191030 0.025661 0.012132
34 0.434643 0.193061 0.026934 0.018404
34 0.400514 0.206089 0.013763 0.011818
34 0.648410 0.220986 0.005473 0.013491
34 0.620081 0.111610 0.014762 0.011815
34 0.590324 0.193035 0.027446 0.018592
34 0.638759 0.158438 0.013118 0.012231
34 0.590944 0.230131 0.004402 0.012522
34 0.681620 0.205281 0.013944 0.011815
34 0.625569 0.205048 0.013757 0.012400
34 0.639782 0.111632 0.014545 0.011875
34 0.750187 0.086294 0.024621 0.009413
34 0.814403 0.071233 0.051461 0.008159
34 0.846507 0.242911 0.012691 0.012810
34 0.602392 0.245038 0.014297 0.011650
34 0.681698 0.190601 0.025669 0.011969
34 0.625519 0.190604 0.025586 0.011679
34 0.633548 0.241928 0.012736 0.011311
34 0.656511 0.232506 0.005657 0.013431
34 0.584554 0.239463 0.004333 0.012565
34 0.672268 0.166120 0.013139 0.012172
34 0.790255 0.241797 0.012681 0.012246
34 0.786635 0.107952 0.013463 0.012069
34 0.759349 0.103038 0.005085 0.012488
34 0.876561 0.192286 0.025492 0.012049
34 0.876282 0.205861 0.014148 0.012194
34 0.811079 0.122183 0.005365 0.013058
34 0.792417 0.122219 0.005467 0.013226
34 0.735677 0.102685 0.005113 0.013041
34 0.830499 0.122424 0.005256 0.012616
34 0.811238 0.248468 0.008076 0.007333
34 0.948780 0.183481 0.024861 0.014041
34 0.910708 0.218297 0.032681 0.013306
34 0.805465 0.108018 0.013207 0.011710
34 0.824972 0.107947 0.013058 0.012115
34 0.749956 0.116597 0.013155 0.012659
34 0.726041 0.116371 0.013114 0.012183
34 0.710624 0.241629 0.012595 0.012667
34 0.820143 0.190131 0.025850 0.011530
34 0.820125 0.204879 0.014114 0.012716
34 0.100043 0.258859 0.013298 0.012234
34 0.087230 0.481116 0.008658 0.006837
34 0.096220 0.469954 0.012464 0.011639
34 0.104689 0.351740 0.013358 0.012297
34 0.111154 0.412873 0.012079 0.012038
34 0.101760 0.290308 0.013753 0.011701
34 0.116056 0.470356 0.012482 0.011718
34 0.104916 0.324366 0.013278 0.012146
34 0.104661 0.379775 0.013479 0.012528
34 0.910670 0.168457 0.014345 0.011818
34 0.067199 0.417344 0.030498 0.012790
34 0.087268 0.423417 0.008582 0.006902
34 0.067320 0.475211 0.030933 0.013346
34 0.116275 0.495410 0.013787 0.011602
34 0.096187 0.412447 0.012498 0.011100
34 0.116284 0.437958 0.014023 0.011431
34 0.077981 0.495390 0.013691 0.011510
34 0.116365 0.450457 0.013733 0.012126
34 0.117002 0.290352 0.013485 0.011522
34 0.078223 0.437774 0.013743 0.011576
34 0.078207 0.450718 0.013956 0.012380
34 0.311406 0.353579 0.013477 0.011673
34 0.301131 0.314761 0.013817 0.011488
34 0.311390 0.371000 0.013469 0.012117
34 0.311371 0.388236 0.013628 0.011895
34 0.237211 0.371019 0.013636 0.012063
34 0.237096 0.388205 0.013640 0.011781
34 0.247613 0.314813 0.013074 0.011376
34 0.234527 0.301845 0.008239 0.007418
34 0.264117 0.484307 0.005349 0.011442
34 0.234509 0.319000 0.008137 0.007045
34 0.301258 0.297612 0.013008 0.010915
34 0.258003 0.497465 0.013032 0.012206
34 0.311323 0.335806 0.013713 0.012183
34 0.247577 0.297602 0.012707 0.011647
34 0.237194 0.353709 0.013554 0.011664
34 0.274818 0.368729 0.025961 0.024491
34 0.315552 0.319293 0.008231 0.007210
34 0.237178 0.335832 0.013606 0.011983
34 0.485657 0.475654 0.008453 0.006583
34 0.437560 0.362489 0.008739 0.007122
34 0.391863 0.252254 0.008098 0.006361
34 0.273777 0.295517 0.011092 0.075309
34 0.315479 0.301820 0.008078 0.007298
34 0.486301 0.437586 0.008485 0.006167
34 0.485501 0.314239 0.012971 0.011721
34 0.511121 0.285759 0.027923 0.012448
34 0.495002 0.324852 0.008670 0.007281
34 0.443173 0.317780 0.013948 0.011473
34 0.373584 0.318634 0.028928 0.032599
34 0.509722 0.317790 0.019895 0.012793
34 0.506625 0.252864 0.012581 0.007563
34 0.502642 0.419067 0.008515 0.006181
34 0.362312 0.253334 0.005465 0.008515
34 0.467733 0.383299 0.014543 0.012132
34 0.491629 0.292224 0.008809 0.007082
34 0.479248 0.270266 0.010405 0.007110
34 0.504994 0.453099 0.012937 0.011898
34 0.511179 0.391482 0.012947 0.012488
34 0.444737 0.264728 0.014172 0.011924
34 0.465968 0.288083 0.012927 0.011100
34 0.504146 0.433327 0.012796 0.011898
34 0.473747 0.253384 0.011817 0.008535
34 0.490545 0.391670 0.012609 0.012009
34 0.466075 0.355234 0.019269 0.012360
34 0.494659 0.407692 0.012830 0.012003
34 0.432167 0.351921 0.014442 0.012163
34 0.481835 0.281862 0.013002 0.011436
34 0.449119 0.351677 0.013233 0.011311
34 0.442959 0.304292 0.013731 0.011730
34 0.434504 0.389404 0.014815 0.012043
34 0.567233 0.292173 0.008560 0.007219
34 0.579430 0.321171 0.009855 0.007261
34 0.504402 0.472930 0.012873 0.011582
34 0.523139 0.257799 0.014645 0.011459
34 0.486033 0.456274 0.008445 0.006324
34 0.451525 0.383397 0.014795 0.012260
34 0.434468 0.376753 0.014879 0.011225
34 0.432121 0.339024 0.014424 0.011414
34 0.517388 0.407952 0.014039 0.012439
34 0.492589 0.359355 0.025500 0.011687
34 0.588959 0.335529 0.013840 0.011331
34 0.580307 0.264168 0.014430 0.011710
34 0.556026 0.352357 0.014345 0.011599
34 0.556541 0.407961 0.013848 0.011317
34 0.566208 0.448122 0.007883 0.006315
34 0.556567 0.391200 0.013997 0.011610
34 0.654226 0.317404 0.030000 0.032756
34 0.593224 0.288216 0.012855 0.011405
34 0.564676 0.419105 0.008231 0.006116
34 0.633286 0.252086 0.008098 0.006025
34 0.570519 0.352431 0.013745 0.011679
34 0.589008 0.310778 0.013056 0.011536
34 0.556057 0.443356 0.013181 0.011630
34 0.555884 0.465157 0.014110 0.011755
34 0.550967 0.270011 0.010234 0.007603
34 0.577060 0.281871 0.012879 0.011528
34 0.570635 0.310801 0.012768 0.011701
34 0.596996 0.383572 0.014895 0.011716
34 0.548541 0.285865 0.028977 0.012368
34 0.567082 0.476280 0.008624 0.006107
34 0.581450 0.383645 0.015391 0.011696
34 0.554083 0.314637 0.020282 0.012231
34 0.791789 0.323276 0.008352 0.007224
34 0.710722 0.323629 0.008241 0.006985
34 0.710720 0.271389 0.008302 0.007122
34 0.791799 0.306127 0.008203 0.007261
34 0.710589 0.289356 0.008157 0.007278
34 0.792078 0.288930 0.008153 0.007321
34 0.791773 0.271030 0.008304 0.007361
34 0.588936 0.348334 0.014263 0.011727
34 0.710754 0.306495 0.008270 0.007159
34 0.713467 0.355423 0.013586 0.011593
34 0.740093 0.494283 0.013747 0.011741
34 0.724070 0.301959 0.012931 0.010861
34 0.713524 0.337863 0.013564 0.011650
34 0.777586 0.302355 0.012669 0.011237
34 0.787860 0.390697 0.013411 0.012405
34 0.713441 0.373051 0.013610 0.012086
34 0.847353 0.320395 0.030496 0.033146
34 0.713465 0.390483 0.013509 0.011784
34 0.787794 0.373125 0.013292 0.012080
34 0.904717 0.459786 0.009942 0.007968
34 0.905227 0.430836 0.009450 0.007652
34 0.946419 0.341482 0.012661 0.010846
34 0.922692 0.261791 0.013813 0.012508
34 0.931275 0.298263 0.012619 0.012109
34 0.724129 0.318978 0.013556 0.011305
34 0.724176 0.284591 0.013626 0.011793
34 0.777630 0.284507 0.013523 0.011653
34 0.751032 0.370742 0.026058 0.024329
34 0.724224 0.266334 0.013743 0.011716
34 0.777490 0.266416 0.013348 0.011801
34 0.787876 0.337840 0.013197 0.011650
34 0.777787 0.319406 0.014063 0.011738
34 0.787826 0.355531 0.013380 0.011741
34 0.916816 0.320600 0.013902 0.011698
34 0.916913 0.352666 0.013765 0.011915
34 0.959460 0.267144 0.014444 0.012112
34 0.908726 0.304203 0.014462 0.012129
34 0.943142 0.267025 0.014228 0.011907
34 0.898433 0.254684 0.013360 0.011151
34 0.946698 0.358528 0.012260 0.011294
34 0.946281 0.324129 0.011934 0.011667
34 0.977252 0.313276 0.019029 0.013386
34 0.945332 0.435060 0.015701 0.013448
34 0.910543 0.335938 0.009297 0.007008
34 0.947092 0.464010 0.018209 0.014477
34 0.931004 0.362524 0.008221 0.007219
34 0.928330 0.329964 0.012079 0.011721
34 0.943667 0.309500 0.007899 0.007498
34 0.131682 0.590775 0.014508 0.011986
34 0.130800 0.554758 0.014984 0.012291
34 0.105466 0.593035 0.014502 0.012026
34 0.066659 0.557553 0.030848 0.013169
34 0.147702 0.600465 0.014116 0.012300
34 0.104556 0.563386 0.010747 0.007529
34 0.091125 0.597549 0.013225 0.012140
34 0.110798 0.577489 0.005181 0.013981
34 0.131724 0.577593 0.014367 0.012308
34 0.066793 0.596365 0.030898 0.013072
34 0.116088 0.507207 0.014069 0.014260
34 0.978775 0.348753 0.014569 0.036874
34 0.917670 0.375393 0.014124 0.012360
34 0.326647 0.549215 0.005381 0.013477
34 0.293975 0.509889 0.014065 0.011519
34 0.268222 0.555825 0.032983 0.019259
34 0.346389 0.518337 0.014631 0.012303
34 0.346338 0.548464 0.014581 0.011912
34 0.316693 0.520115 0.013000 0.012274
34 0.291252 0.664185 0.014897 0.012086
34 0.331015 0.599715 0.034480 0.019134
34 0.091183 0.558712 0.013284 0.011924
34 0.374975 0.591700 0.013072 0.011955
34 0.490366 0.583350 0.013084 0.011305
34 0.499421 0.594497 0.008362 0.006195
34 0.427858 0.606768 0.020542 0.013092
34 0.357777 0.532965 0.005772 0.014993
34 0.420483 0.502985 0.009025 0.006233
34 0.471519 0.562476 0.008707 0.006458
34 0.439466 0.650125 0.009436 0.006862
34 0.336303 0.717246 0.009968 0.006888
34 0.228863 0.539241 0.014861 0.011881
34 0.197372 0.731300 0.014378 0.012277
34 0.197655 0.554028 0.014633 0.012582
34 0.279470 0.504289 0.014081 0.012283
34 0.676907 0.504688 0.005892 0.013018
34 0.691764 0.704805 0.014934 0.012192
34 0.397783 0.515204 0.014744 0.012055
34 0.526834 0.577209 0.014539 0.012189
34 0.456831 0.744849 0.014351 0.012457
34 0.426538 0.575705 0.014865 0.012078
34 0.456888 0.731683 0.014255 0.011966
34 0.397538 0.527783 0.015117 0.011964
34 0.393701 0.591681 0.013098 0.011855
34 0.453007 0.597777 0.020506 0.017270
34 0.394748 0.552179 0.014561 0.012012
34 0.621550 0.552156 0.014623 0.012092
34 0.598609 0.514510 0.015405 0.011641
34 0.688016 0.602508 0.012397 0.012026
34 0.668503 0.627029 0.013892 0.012006
34 0.561224 0.576322 0.014523 0.012457
34 0.651894 0.704870 0.014952 0.012220
34 0.583342 0.664017 0.014710 0.012365
34 0.710132 0.557844 0.014760 0.012229
34 0.595043 0.502083 0.009156 0.006127
34 0.654161 0.539195 0.005494 0.013568
34 0.589130 0.562193 0.008678 0.006973
34 0.699093 0.650563 0.009428 0.006398
34 0.744469 0.532488 0.013660 0.011850
34 0.707464 0.601958 0.006366 0.012220
34 0.842911 0.558199 0.014069 0.012471
34 0.777234 0.509440 0.016741 0.013260
34 0.742934 0.617531 0.017903 0.012970
34 0.736924 0.717945 0.010020 0.006771
34 0.886626 0.557719 0.005713 0.013938
34 0.808077 0.571911 0.014950 0.012297
34 0.744189 0.557491 0.014599 0.011750
34 0.737805 0.685549 0.015054 0.012311
34 0.622127 0.681670 0.027542 0.017492
34 0.668984 0.679828 0.013318 0.011499
34 0.598296 0.526904 0.015661 0.011761
34 0.704244 0.602043 0.012685 0.011730
34 0.772965 0.705235 0.014863 0.012163
34 0.903365 0.521619 0.014345 0.012836
34 0.714503 0.538793 0.014801 0.011431
34 0.720862 0.590194 0.008263 0.006292
34 0.753389 0.691183 0.009027 0.006127
34 0.851657 0.625192 0.008809 0.006674
34 0.903298 0.584946 0.014392 0.012650
34 0.741682 0.519080 0.014847 0.011798
34 0.906205 0.691733 0.008662 0.007022
34 0.777525 0.548025 0.017299 0.013371
34 0.840985 0.592625 0.015032 0.012944
34 0.314449 0.266579 0.007899 0.007025
34 0.234513 0.266566 0.008266 0.007153
34 0.335174 0.250097 0.008237 0.007182
34 0.370591 0.225204 0.005256 0.013713
34 0.213340 0.250332 0.008191 0.007310
34 0.300921 0.262048 0.012849 0.011944
34 0.314787 0.284766 0.007907 0.007623
34 0.344344 0.190987 0.025610 0.012160
34 0.247442 0.280573 0.013570 0.011228
34 0.234188 0.284735 0.008163 0.007464
34 0.300940 0.280540 0.013185 0.011641
34 0.352935 0.158156 0.012446 0.012362
34 0.205540 0.206664 0.013638 0.012177
34 0.314364 0.243454 0.012758 0.012192
34 0.247675 0.262052 0.013308 0.011758
34 0.905870 0.667056 0.009537 0.006805
34 0.905471 0.640916 0.009102 0.006130
34 0.919545 0.722401 0.022667 0.013887
34 0.882075 0.596009 0.003473 0.011738
34 0.208084 0.764054 0.008670 0.006666
34 0.466696 0.782531 0.025975 0.019681
34 0.178246 0.243964 0.012129 0.012066
33 0.640123 0.124400 0.006511 0.013388
33 0.620742 0.124374 0.006448 0.013463
33 0.115288 0.353837 0.006317 0.013403
33 0.115300 0.325970 0.006305 0.012106
33 0.101924 0.302891 0.008872 0.014121
33 0.115677 0.381337 0.007985 0.013491
33 0.116558 0.303262 0.006469 0.013254
33 0.451218 0.396178 0.006465 0.013611
33 0.468454 0.396157 0.006557 0.013602
33 0.429782 0.317679 0.012337 0.009783
33 0.429777 0.304062 0.012710 0.009795
33 0.569772 0.365821 0.006660 0.014058
33 0.556423 0.366225 0.006598 0.014862
33 0.582075 0.396304 0.006426 0.013349
33 0.597211 0.396272 0.006537 0.013417
33 0.959538 0.280616 0.006638 0.013941
33 0.906638 0.356347 0.006604 0.014272
33 0.906226 0.376787 0.006876 0.013807
33 0.906620 0.324409 0.006624 0.014010
33 0.943020 0.280416 0.006716 0.013542
33 0.160289 0.600735 0.009825 0.009826
33 0.855797 0.557931 0.010199 0.009530
24 0.508625 0.607975 0.011976 0.067777
21 0.087107 0.459005 0.004363 0.007563
21 0.125144 0.458930 0.004184 0.007042
21 0.423508 0.360319 0.004237 0.006754
21 0.425435 0.397712 0.004633 0.007347
21 0.529925 0.270188 0.003445 0.007244
21 0.597776 0.356817 0.004617 0.006959
21 0.125252 0.516691 0.004553 0.007261
21 0.086951 0.516465 0.004744 0.007167
21 0.122636 0.599020 0.004780 0.007204
21 0.337135 0.528562 0.006616 0.010353
21 0.301369 0.674144 0.006904 0.010767
21 0.337042 0.558834 0.006505 0.010453
21 0.300523 0.522353 0.004676 0.007247
21 0.366224 0.640115 0.004942 0.007589
21 0.436378 0.585712 0.007006 0.010855
21 0.407327 0.537468 0.006930 0.010319
21 0.571543 0.585761 0.006978 0.010821
21 0.641738 0.713997 0.006610 0.010701
21 0.608213 0.536650 0.006491 0.010576
21 0.681587 0.714067 0.006902 0.010795
21 0.678469 0.636817 0.006813 0.010499
21 0.593163 0.673970 0.006898 0.010265
21 0.762945 0.714607 0.006676 0.010861
21 0.732142 0.528985 0.006569 0.010316
21 0.735175 0.567407 0.006628 0.010607
21 0.896594 0.566978 0.006944 0.010598
15 0.486439 0.236510 0.007166 0.010895
15 0.497511 0.236888 0.007701 0.011046
6 0.763200 0.093528 0.004519 0.006082
6 0.739637 0.093606 0.004476 0.006050
6 0.918517 0.297147 0.003050 0.005101
6 0.517573 0.570038 0.002925 0.003463
6 0.727839 0.678396 0.002782 0.003785
6 0.706138 0.531701 0.003735 0.003956
6 0.896683 0.605105 0.002685 0.003719
5 0.506629 0.408008 0.007097 0.007216
5 0.569636 0.402992 0.006009 0.006669
5 0.105254 0.606643 0.007373 0.015657
5 0.144456 0.554443 0.011080 0.010556
5 0.215428 0.539765 0.011662 0.010490
5 0.279904 0.517856 0.007657 0.015836
5 0.184183 0.554514 0.011799 0.011268
5 0.394311 0.566180 0.007619 0.015500
5 0.621227 0.566319 0.007643 0.015597
5 0.794502 0.572447 0.011450 0.011180
5 0.890060 0.596442 0.010633 0.008763
5 0.889969 0.584867 0.010816 0.010465
5 0.890236 0.522019 0.011624 0.011533
4 0.167247 0.244128 0.009539 0.012553
4 0.462571 0.245218 0.008815 0.012254
4 0.496013 0.250734 0.008985 0.013015
4 0.381342 0.243092 0.008558 0.011650
4 0.643436 0.241774 0.009317 0.012867
4 0.111685 0.424877 0.008773 0.012662
4 0.588829 0.322561 0.009071 0.012417
4 0.375468 0.603787 0.009261 0.012915
4 0.688231 0.614840 0.009154 0.012856
4 0.709415 0.692199 0.009265 0.012890
3 0.223314 0.243361 0.009001 0.012189
3 0.462767 0.230066 0.008987 0.012687
3 0.484779 0.221680 0.008689 0.011830
3 0.364276 0.158035 0.008890 0.012496
3 0.495757 0.221191 0.008529 0.012032
3 0.376139 0.166207 0.008600 0.012642
3 0.484951 0.250993 0.009007 0.012172
3 0.650077 0.158196 0.008824 0.012893
3 0.661809 0.166594 0.008751 0.012459
3 0.699766 0.241542 0.008852 0.012995
3 0.801306 0.241166 0.008830 0.012813
3 0.857506 0.242170 0.009146 0.012211
3 0.761287 0.116076 0.008747 0.012209
3 0.737470 0.116141 0.009005 0.012271
3 0.910703 0.180338 0.009057 0.012229
3 0.116681 0.482354 0.008817 0.012174
3 0.096938 0.424822 0.008820 0.012659
3 0.096745 0.482381 0.009085 0.012240
3 0.482068 0.293520 0.009180 0.012408
3 0.494420 0.419433 0.008844 0.012875
3 0.485573 0.326205 0.008741 0.012696
3 0.449356 0.363488 0.008801 0.012448
3 0.495282 0.476415 0.008771 0.012824
3 0.495264 0.437979 0.008622 0.012870
3 0.501072 0.392333 0.006285 0.009419
3 0.495338 0.456697 0.008602 0.013064
3 0.556519 0.419604 0.008562 0.012328
3 0.570136 0.322536 0.008656 0.012220
3 0.588871 0.322402 0.009172 0.012249
3 0.556138 0.477043 0.009098 0.012707
3 0.576871 0.293478 0.008795 0.012183
3 0.931494 0.310768 0.009241 0.012485
3 0.327880 0.520180 0.009116 0.012180
3 0.490411 0.595437 0.008872 0.012693
3 0.393807 0.603559 0.008989 0.012647
3 0.668574 0.692055 0.009057 0.012915
3 0.706570 0.614719 0.004599 0.012830
3 0.740560 0.506827 0.009005 0.012166
3 0.744741 0.545037 0.009245 0.012411
3 0.923090 0.692685 0.009311 0.012727
3 0.923060 0.641879 0.009303 0.012935
3 0.923089 0.668061 0.009144 0.012502
2 0.325282 0.243074 0.009408 0.013482
2 0.465939 0.296543 0.008231 0.005654
2 0.592854 0.296532 0.008797 0.006218
0 0.814631 0.107947 0.004605 0.012217
0 0.834238 0.107917 0.004543 0.012021
0 0.795979 0.107858 0.004641 0.012280
0 0.109334 0.259239 0.004668 0.012203
0 0.087156 0.450529 0.002945 0.007618
0 0.086963 0.495487 0.003193 0.007276
0 0.087161 0.437893 0.003012 0.007116
0 0.114979 0.254715 0.004373 0.011282
0 0.125176 0.495645 0.002875 0.007176
0 0.125257 0.438139 0.002830 0.007677
0 0.125193 0.450872 0.002905 0.007107
0 0.236762 0.344349 0.005848 0.004731
0 0.236764 0.361952 0.005973 0.004776
0 0.311710 0.344481 0.006120 0.004910
0 0.247456 0.306022 0.007784 0.006070
0 0.311598 0.361878 0.006039 0.004793
0 0.300992 0.270893 0.008366 0.006489
0 0.247441 0.270902 0.008032 0.006176
0 0.300917 0.323296 0.008227 0.006158
0 0.300960 0.305923 0.007915 0.005987
0 0.300901 0.288957 0.008072 0.005842
0 0.247392 0.289048 0.007963 0.005854
0 0.311562 0.379357 0.006017 0.004625
0 0.311674 0.396897 0.006003 0.005056
0 0.236762 0.396941 0.006066 0.005110
0 0.247473 0.323414 0.008245 0.006173
0 0.267233 0.498423 0.004623 0.011664
0 0.236771 0.379454 0.006056 0.004762
0 0.481131 0.392217 0.006178 0.008327
0 0.423377 0.351922 0.003120 0.007703
0 0.425538 0.376824 0.002849 0.007207
0 0.425544 0.389424 0.002820 0.006891
0 0.423291 0.339095 0.003004 0.007504
0 0.523295 0.265700 0.005772 0.004463
0 0.597863 0.335670 0.003062 0.007333
0 0.597807 0.348443 0.002879 0.007680
0 0.556276 0.451978 0.008483 0.006195
0 0.556725 0.399541 0.008447 0.005580
0 0.788092 0.399166 0.005669 0.004745
0 0.777536 0.327828 0.008167 0.006059
0 0.723950 0.293544 0.008191 0.006233
0 0.777568 0.310630 0.007977 0.006047
0 0.723938 0.327751 0.008227 0.006309
0 0.724040 0.310487 0.008120 0.006429
0 0.777507 0.293515 0.008378 0.006540
0 0.777541 0.275537 0.008237 0.006703
0 0.724052 0.275490 0.008298 0.006637
0 0.713185 0.381365 0.005629 0.004372
0 0.788009 0.381439 0.005667 0.004474
0 0.713187 0.346441 0.005592 0.004782
0 0.713160 0.363948 0.005602 0.004756
0 0.788095 0.363980 0.005792 0.004762
0 0.788025 0.346352 0.005659 0.004748
0 0.918532 0.304231 0.002863 0.007732
0 0.946467 0.332801 0.008687 0.006224
0 0.946613 0.367169 0.008600 0.006381
0 0.913668 0.261855 0.004226 0.011941
0 0.907324 0.254627 0.004390 0.011106
0 0.946475 0.349688 0.008517 0.006090
0 0.125165 0.508460 0.002929 0.007293
0 0.091365 0.567746 0.008435 0.006435
0 0.122481 0.590513 0.003076 0.007529
0 0.122570 0.577727 0.003120 0.007504
0 0.091241 0.606683 0.008723 0.006252
0 0.087123 0.508139 0.002957 0.007968
0 0.207113 0.731190 0.003405 0.008324
0 0.301061 0.664041 0.003100 0.008407
0 0.337003 0.548710 0.003173 0.008296
0 0.294099 0.517742 0.005179 0.004363
0 0.336971 0.518541 0.003004 0.007843
0 0.407332 0.527437 0.003322 0.008535
0 0.436328 0.575490 0.003259 0.008096
0 0.517546 0.577176 0.003151 0.007791
0 0.407357 0.514627 0.003159 0.008125
0 0.465738 0.744644 0.003129 0.007880
0 0.366315 0.629393 0.002933 0.007660
0 0.465737 0.732025 0.003066 0.007589
0 0.366432 0.616634 0.002804 0.007239
0 0.678408 0.626612 0.003233 0.007894
0 0.681577 0.703994 0.003034 0.007692
0 0.593112 0.663926 0.003219 0.007903
0 0.571278 0.575616 0.003443 0.008250
0 0.641730 0.703987 0.002949 0.007581
0 0.608152 0.526584 0.003350 0.007903
0 0.608194 0.513974 0.003394 0.008307
0 0.728005 0.685590 0.003298 0.008193
0 0.762794 0.704363 0.003171 0.007922
0 0.705638 0.538763 0.002726 0.008088
0 0.732190 0.518786 0.003143 0.007860
0 0.850838 0.592374 0.002901 0.007985
0 0.719965 0.557395 0.003431 0.008036
0 0.735203 0.557160 0.003135 0.008336
0 0.896507 0.624964 0.003022 0.007478
0 0.896600 0.543820 0.003332 0.008341
0 0.896590 0.612338 0.003169 0.008313
0 0.896774 0.556844 0.002996 0.008302
34 0.579797 0.453324 0.012905 0.061519
34 0.527648 0.451575 0.006187 0.085526
34 0.472671 0.452826 0.013259 0.059518
35 0.109128 0.234792 0.005967 0.020140
34 0.234199 0.243512 0.012685 0.012166
3 0.327721 0.498893 0.009458 0.011978
34 0.709837 0.679870 0.013550 0.011545
34 0.905369 0.624434 0.014605 0.012049
34 0.905306 0.611446 0.014408 0.011539
34 0.906139 0.556630 0.014474 0.012115
34 0.530746 0.608384 0.029462 0.031941
34 0.357495 0.616716 0.014224 0.012109
34 0.357435 0.629516 0.014466 0.012511
34 0.316590 0.498863 0.012967 0.012944
34 0.077968 0.507837 0.014136 0.012824
34 0.867591 0.250006 0.009045 0.006822
34 0.689713 0.249443 0.008201 0.007236
34 0.177697 0.319799 0.026467 0.031761
34 0.156954 0.250848 0.008147 0.006398
34 0.124669 0.254174 0.013826 0.012308
34 0.751052 0.298990 0.010911 0.074178
34 0.391688 0.242781 0.012546 0.011274
34 0.205937 0.191616 0.025798 0.011838
34 0.906486 0.544024 0.014869 0.012129
35 0.207136 0.750482 0.007089 0.020997
