34 0.682910 0.707931 0.019881 0.015378
34 0.663668 0.631235 0.009512 0.007834
34 0.658670 0.569785 0.025435 0.015523
34 0.710793 0.637472 0.010510 0.008424
34 0.859343 0.508997 0.062494 0.016478
34 0.789626 0.667851 0.038104 0.039829
34 0.646279 0.652999 0.027293 0.022157
34 0.693727 0.612465 0.006104 0.012898
34 0.673150 0.649084 0.021682 0.015118
34 0.660288 0.735264 0.021757 0.015691
34 0.666176 0.548750 0.022365 0.015494
34 0.681511 0.570670 0.019323 0.015098
34 0.681509 0.683880 0.021680 0.015745
34 0.665043 0.770171 0.021211 0.015190
34 0.720607 0.766721 0.021287 0.015398
34 0.809255 0.564886 0.010226 0.009299
34 0.867594 0.597512 0.044438 0.016193
34 0.741229 0.686140 0.019376 0.008581
34 0.723306 0.707638 0.020753 0.015383
34 0.737274 0.663448 0.011136 0.007922
34 0.860750 0.528887 0.059224 0.014434
34 0.848661 0.559166 0.044805 0.022277
34 0.829268 0.627893 0.009438 0.008376
34 0.723275 0.631359 0.021416 0.015930
34 0.916450 0.620738 0.031676 0.015999
34 0.936538 0.680221 0.006743 0.014349
34 0.728440 0.599332 0.047911 0.014748
34 0.854983 0.625218 0.038817 0.015691
34 0.743190 0.578779 0.011755 0.010040
34 0.902648 0.592797 0.015792 0.015660
34 0.721626 0.685100 0.019911 0.014691
34 0.724736 0.728742 0.019609 0.015569
34 0.718728 0.783142 0.020183 0.013648
34 0.834617 0.601101 0.009037 0.009299
34 0.719041 0.656321 0.021499 0.015292
34 0.743113 0.640070 0.019079 0.015660
34 0.224075 0.791986 0.006281 0.012864
34 0.241662 0.805306 0.021048 0.015908
34 0.326306 0.817250 0.021598 0.015777
34 0.113798 0.800118 0.020884 0.015614
34 0.134294 0.753129 0.011936 0.008652
34 0.140244 0.787801 0.019645 0.014936
34 0.085899 0.790181 0.020272 0.015711
34 0.141632 0.770577 0.020338 0.016190
34 0.160106 0.788339 0.019390 0.008891
34 0.113896 0.783671 0.020641 0.015446
34 0.141789 0.810070 0.020214 0.015779
34 0.085885 0.774322 0.020091 0.015341
34 0.921459 0.556298 0.026305 0.016084
34 0.428616 0.787746 0.020024 0.015155
34 0.430202 0.770641 0.021219 0.016084
34 0.402690 0.783658 0.021130 0.015289
34 0.430405 0.809937 0.021499 0.015748
34 0.402659 0.800332 0.021402 0.015255
34 0.375041 0.790846 0.021315 0.015577
34 0.516926 0.839930 0.036499 0.016817
34 0.512739 0.796183 0.006174 0.014748
34 0.448381 0.788488 0.019200 0.009082
34 0.422841 0.753263 0.011739 0.008031
34 0.530643 0.810188 0.021958 0.016255
34 0.431400 0.847421 0.010439 0.009091
34 0.228688 0.836270 0.036521 0.016711
34 0.373448 0.774419 0.017810 0.015107
34 0.350791 0.750529 0.013854 0.006614
34 0.886372 0.281062 0.021781 0.015591
34 0.622621 0.145161 0.011422 0.009102
34 0.670963 0.267571 0.021769 0.016064
34 0.569948 0.197942 0.007107 0.014221
34 0.588759 0.245410 0.021894 0.016030
34 0.596501 0.284571 0.021708 0.014500
34 0.596549 0.268008 0.021962 0.015623
34 0.652264 0.210352 0.011422 0.008968
34 0.554426 0.285762 0.006966 0.012026
34 0.528808 0.172012 0.010365 0.008943
34 0.477894 0.143702 0.145953 0.010983
34 0.472681 0.209440 0.147063 0.010040
34 0.543263 0.245388 0.021672 0.015973
34 0.738436 0.784216 0.019261 0.008900
34 0.820767 0.805465 0.021912 0.016252
34 0.807457 0.836540 0.036428 0.016062
34 0.962616 0.841478 0.033479 0.016765
34 0.956504 0.808906 0.023926 0.016512
33 0.291546 0.263138 0.010868 0.010738
33 0.873735 0.142126 0.008127 0.016113
33 0.905417 0.207769 0.007853 0.015560
33 0.929113 0.207884 0.007988 0.014907
33 0.132517 0.476435 0.012299 0.011126
33 0.132618 0.453907 0.012472 0.010898
33 0.088017 0.390513 0.011759 0.011616
33 0.088012 0.413054 0.011761 0.010923
33 0.088202 0.436945 0.011436 0.011285
33 0.132430 0.432169 0.012286 0.011416
33 0.291590 0.296626 0.010445 0.010761
33 0.291642 0.280896 0.010532 0.010473
33 0.228850 0.493971 0.007985 0.016002
33 0.420962 0.458111 0.012017 0.011154
33 0.390223 0.413259 0.011561 0.010581
33 0.390284 0.437157 0.011471 0.010963
33 0.516933 0.497579 0.007097 0.015688
33 0.420920 0.480704 0.011908 0.011029
33 0.420864 0.436110 0.011986 0.011485
33 0.579544 0.268045 0.010868 0.011610
33 0.679159 0.436955 0.011352 0.011066
33 0.580061 0.301110 0.010119 0.010872
33 0.679098 0.390655 0.011741 0.011063
33 0.679167 0.413207 0.011561 0.010712
33 0.580019 0.285066 0.010195 0.010775
33 0.806740 0.493814 0.006654 0.015688
33 0.711039 0.476396 0.012188 0.011391
33 0.710955 0.453836 0.012087 0.011091
33 0.869997 0.280968 0.010490 0.010752
33 0.869904 0.296518 0.010349 0.010938
33 0.710831 0.432256 0.011839 0.011083
33 0.869859 0.262917 0.010197 0.011243
33 0.146607 0.749601 0.007540 0.016991
33 0.104654 0.725369 0.007305 0.010909
33 0.117301 0.687481 0.009907 0.010630
35 0.219119 0.216609 0.020550 0.011644
35 0.242905 0.151005 0.020568 0.011054
35 0.323444 0.178145 0.020449 0.010869
35 0.803585 0.126288 0.020469 0.011243
35 0.855815 0.077236 0.008092 0.029290
35 0.917024 0.151074 0.020195 0.011069
35 0.964558 0.216738 0.020703 0.010524
35 0.921028 0.077454 0.008205 0.029915
35 0.966545 0.043267 0.020165 0.011311
35 0.354828 0.461767 0.007504 0.023414
35 0.644424 0.477184 0.008429 0.023847
35 0.060441 0.673121 0.015633 0.010732
35 0.159972 0.699605 0.015145 0.010091
35 0.067553 0.583589 0.018640 0.011134
35 0.324441 0.575358 0.018809 0.010630
35 0.326719 0.633954 0.016041 0.010752
35 0.366480 0.587699 0.018334 0.011300
35 0.448936 0.699652 0.015532 0.009781
35 0.359510 0.673165 0.014750 0.010604
35 0.649088 0.668844 0.015453 0.010718
35 0.616593 0.574769 0.018127 0.010496
35 0.618008 0.637931 0.015882 0.010539
35 0.657417 0.583329 0.018199 0.011342
35 0.738470 0.695581 0.015699 0.010262
35 0.917377 0.633930 0.015616 0.010835
35 0.922186 0.570043 0.018409 0.010841
35 0.062729 0.759782 0.014970 0.010519
35 0.157208 0.798363 0.015399 0.011066
35 0.351203 0.759706 0.014525 0.010453
35 0.445628 0.798286 0.015425 0.010809
35 0.641387 0.755470 0.014555 0.010405
35 0.735577 0.793805 0.015618 0.010607
35 0.964421 0.853577 0.020546 0.009946
34 0.646836 0.818792 0.023878 0.016341
34 0.692664 0.796030 0.021513 0.015583
34 0.728909 0.847967 0.010344 0.008997
34 0.720429 0.805804 0.021257 0.015506
34 0.494313 0.120108 0.010391 0.009302
34 0.281326 0.182814 0.006970 0.014178
34 0.299926 0.241043 0.020614 0.015828
34 0.254810 0.241235 0.020679 0.015500
34 0.242224 0.137549 0.048296 0.016113
34 0.215811 0.202277 0.049929 0.017099
34 0.324615 0.164741 0.059299 0.017028
34 0.376644 0.271637 0.011418 0.016139
34 0.089723 0.186488 0.007053 0.014571
34 0.802558 0.791917 0.006209 0.012211
34 0.916983 0.138166 0.042657 0.016834
34 0.803964 0.108822 0.035473 0.024112
34 0.851866 0.055215 0.006420 0.013394
34 0.873120 0.125576 0.023187 0.016281
34 0.878583 0.241225 0.021557 0.015805
34 0.833295 0.241391 0.022085 0.015680
34 0.757113 0.112944 0.021515 0.015885
34 0.760633 0.172221 0.010633 0.009510
34 0.740466 0.120509 0.010099 0.008569
34 0.800505 0.037424 0.009958 0.009353
34 0.860014 0.198830 0.007059 0.013648
34 0.070421 0.390523 0.021507 0.016446
34 0.121680 0.498440 0.006507 0.013585
34 0.078456 0.332449 0.020522 0.016110
34 0.174783 0.308210 0.063004 0.015378
34 0.940030 0.030674 0.021737 0.015341
34 0.884968 0.241034 0.009259 0.015657
34 0.968639 0.030021 0.031231 0.016349
34 0.928431 0.191535 0.022446 0.015745
34 0.916929 0.055130 0.006598 0.013577
34 0.960295 0.161566 0.047440 0.023485
34 0.904311 0.191451 0.022844 0.015754
34 0.963387 0.204684 0.040659 0.015323
34 0.920900 0.102811 0.061035 0.025161
34 0.307853 0.298240 0.020725 0.015859
34 0.307965 0.280869 0.020979 0.015503
34 0.280675 0.508990 0.062687 0.015363
34 0.076236 0.462808 0.034635 0.016703
34 0.073627 0.487787 0.021497 0.015779
34 0.149781 0.432954 0.021195 0.016013
34 0.150021 0.454511 0.020703 0.016073
34 0.070890 0.413635 0.020616 0.016292
34 0.149631 0.477090 0.020725 0.016329
34 0.111791 0.393445 0.020560 0.015828
0 0.679777 0.779634 0.004216 0.009054
0 0.652345 0.786110 0.003811 0.008663
0 0.707992 0.805588 0.003993 0.008413
0 0.806368 0.805999 0.006535 0.014414
0 0.717040 0.793933 0.006440 0.006110
0 0.708033 0.766533 0.004124 0.008854
0 0.940809 0.807964 0.008725 0.018361
0 0.125664 0.394273 0.008076 0.017449
0 0.094258 0.268502 0.008342 0.018225
0 0.341870 0.366426 0.008004 0.017469
0 0.320897 0.399470 0.008253 0.018290
0 0.396471 0.272771 0.008288 0.017922
0 0.413986 0.398457 0.008342 0.017774
0 0.631173 0.360140 0.008197 0.017726
0 0.685369 0.268558 0.008086 0.017789
0 0.704038 0.394149 0.008282 0.017754
0 0.609378 0.403521 0.007716 0.017495
0 0.899307 0.399407 0.008074 0.018102
0 0.940767 0.353604 0.008338 0.017985
0 0.145263 0.647042 0.006178 0.005865
0 0.093062 0.583730 0.010052 0.009872
0 0.132415 0.711322 0.004093 0.008926
0 0.116572 0.601479 0.005111 0.011046
0 0.141644 0.699759 0.006366 0.005606
0 0.062326 0.533431 0.003979 0.009023
0 0.079863 0.689050 0.003997 0.008792
0 0.062305 0.517387 0.003985 0.008555
0 0.320345 0.605775 0.010328 0.009516
0 0.300940 0.633651 0.010195 0.009302
0 0.300643 0.575427 0.009762 0.009236
0 0.363088 0.533460 0.003723 0.008926
0 0.374495 0.689097 0.004140 0.008738
0 0.429999 0.699766 0.006352 0.005785
0 0.363081 0.517659 0.003753 0.008940
0 0.388668 0.588008 0.010129 0.009598
0 0.362187 0.787931 0.004680 0.004035
0 0.433727 0.647045 0.006076 0.005842
0 0.407360 0.603431 0.005111 0.011074
0 0.420854 0.711322 0.003719 0.008960
0 0.588744 0.574621 0.010191 0.009282
0 0.680925 0.583712 0.009903 0.009709
0 0.590178 0.637925 0.009776 0.009034
0 0.653130 0.548390 0.003950 0.008817
0 0.697457 0.599121 0.005135 0.011140
0 0.653136 0.532673 0.003979 0.008909
0 0.664591 0.684744 0.003993 0.008666
0 0.605027 0.609912 0.010191 0.009541
0 0.719971 0.695630 0.006074 0.005919
0 0.711075 0.707022 0.004023 0.008817
0 0.723709 0.642857 0.006205 0.006198
0 0.890712 0.570157 0.010224 0.009781
0 0.906737 0.605704 0.010246 0.009362
0 0.884748 0.633376 0.008820 0.008786
0 0.101289 0.799756 0.004154 0.009020
0 0.073193 0.790090 0.004069 0.008632
0 0.073195 0.773958 0.004081 0.008544
0 0.101320 0.783547 0.004134 0.009099
0 0.129559 0.770512 0.003888 0.008467
0 0.129665 0.809830 0.004055 0.008450
0 0.138623 0.798210 0.006388 0.005911
0 0.341884 0.817579 0.008127 0.018111
0 0.227947 0.806047 0.006309 0.014260
34 0.720145 0.552546 0.061442 0.014446
34 0.665050 0.787573 0.020979 0.017786
34 0.615814 0.623884 0.029371 0.016478
34 0.590040 0.625576 0.021048 0.015768
34 0.664645 0.502955 0.022752 0.017025
34 0.713206 0.574698 0.045107 0.014434
34 0.889734 0.557439 0.022055 0.015728
34 0.884179 0.621398 0.020776 0.015403
34 0.712902 0.748326 0.011888 0.010188
22 0.683741 0.755966 0.013993 0.023987
3 0.647249 0.503186 0.011932 0.015036
3 0.660207 0.751840 0.010677 0.016760
35 0.054000 0.462002 0.007955 0.024756
34 0.283894 0.526897 0.057627 0.014506
34 0.886788 0.264077 0.020675 0.015415
34 0.531456 0.495150 0.021374 0.016329
34 0.728649 0.477073 0.022274 0.015965
0 0.427178 0.798207 0.006172 0.005808
0 0.516398 0.810295 0.006716 0.014480
0 0.417950 0.770523 0.003995 0.008341
0 0.362196 0.790335 0.004367 0.009196
0 0.940306 0.043386 0.012377 0.010989
0 0.389583 0.799744 0.004114 0.008772
0 0.389603 0.783497 0.004154 0.009051
0 0.417949 0.809806 0.003952 0.008316
0 0.362193 0.774165 0.004321 0.009071
0 0.679716 0.795569 0.004170 0.008960
0 0.631201 0.817797 0.008453 0.017891
0 0.652357 0.770335 0.003940 0.008803
34 0.356607 0.364114 0.020586 0.016030
34 0.856568 0.102226 0.064341 0.024571
34 0.885390 0.399359 0.021062 0.016181
34 0.356462 0.656543 0.026340 0.023602
0 0.848658 0.241203 0.008143 0.018113
0 0.864142 0.241171 0.008332 0.018239
0 0.757179 0.126267 0.012460 0.011120
0 0.574320 0.245564 0.008249 0.018008
0 0.558713 0.245586 0.008396 0.017942
0 0.270090 0.241116 0.008471 0.018464
0 0.285749 0.241231 0.008368 0.018256
1 0.719133 0.668985 0.010566 0.010060
1 0.428774 0.673099 0.010687 0.010433
1 0.140579 0.673172 0.010631 0.010385
3 0.370009 0.756143 0.010590 0.016600
3 0.081498 0.756042 0.010207 0.016620
3 0.672930 0.633168 0.010566 0.016201
3 0.672891 0.665557 0.010778 0.016438
3 0.382936 0.637448 0.010514 0.016446
3 0.382700 0.669962 0.010917 0.016572
3 0.379911 0.670020 0.004883 0.016381
3 0.380056 0.637596 0.004593 0.016127
3 0.088280 0.669873 0.010669 0.016498
3 0.088296 0.637194 0.010379 0.016879
3 0.357586 0.488457 0.010900 0.014987
3 0.056535 0.488256 0.011861 0.014357
5 0.685339 0.332278 0.011863 0.009977
5 0.396086 0.336949 0.010375 0.012970
5 0.094210 0.332187 0.011724 0.010188
6 0.922574 0.585697 0.005103 0.007529
6 0.618889 0.597153 0.003789 0.005056
6 0.697258 0.587596 0.003441 0.004557
6 0.407196 0.591840 0.003868 0.004278
6 0.333349 0.592683 0.003519 0.005691
6 0.116626 0.588172 0.004057 0.005110
21 0.806376 0.823378 0.006140 0.012514
21 0.708043 0.816337 0.005199 0.009339
21 0.652186 0.796713 0.005455 0.008997
21 0.679622 0.806161 0.005917 0.009273
21 0.418017 0.820308 0.005518 0.009410
21 0.389597 0.810279 0.005931 0.009319
21 0.362506 0.801569 0.005733 0.010809
21 0.516549 0.827807 0.006007 0.012439
21 0.227889 0.823143 0.006148 0.012072
21 0.073020 0.800697 0.005838 0.009151
21 0.129331 0.820227 0.006076 0.009749
21 0.101094 0.810209 0.005770 0.009151
21 0.710763 0.717524 0.005995 0.009148
21 0.653069 0.559232 0.005743 0.008250
21 0.664524 0.695370 0.005796 0.009658
21 0.363038 0.544216 0.005620 0.009527
21 0.420898 0.722092 0.005653 0.009347
21 0.374517 0.699716 0.005979 0.009590
21 0.080088 0.699551 0.005997 0.009447
21 0.132437 0.722113 0.005340 0.009430
21 0.062477 0.544008 0.005856 0.009453
22 0.393793 0.759427 0.014476 0.023893
22 0.105112 0.759427 0.013995 0.023209
32 0.789117 0.523562 0.009168 0.014335
32 0.498625 0.527828 0.008926 0.013993
32 0.210006 0.524416 0.010616 0.012628
33 0.725092 0.745422 0.007689 0.017318
33 0.743742 0.653300 0.007367 0.011052
33 0.698127 0.683934 0.010407 0.010798
33 0.683044 0.720938 0.008175 0.010265
33 0.434972 0.749602 0.007804 0.017011
33 0.453476 0.661433 0.007677 0.019191
33 0.407638 0.688155 0.010191 0.011146
33 0.393419 0.725108 0.008771 0.010593
34 0.079741 0.267720 0.020558 0.015965
34 0.121310 0.352012 0.006795 0.014067
34 0.071232 0.437106 0.021138 0.015962
34 0.306271 0.399409 0.020427 0.016207
34 0.242500 0.491225 0.020443 0.016409
34 0.281782 0.383152 0.006489 0.013981
34 0.337853 0.440845 0.006495 0.013688
34 0.307764 0.264158 0.020774 0.015805
34 0.193518 0.405409 0.033326 0.038632
34 0.266271 0.284922 0.006386 0.014677
34 0.376987 0.463068 0.035276 0.017307
34 0.466908 0.312679 0.065874 0.015326
34 0.409970 0.356177 0.006575 0.013574
34 0.438027 0.481074 0.021698 0.016033
34 0.374476 0.488384 0.022788 0.016164
34 0.429900 0.398522 0.021940 0.016406
34 0.481225 0.409721 0.036140 0.039139
34 0.381949 0.272005 0.021722 0.016378
34 0.373282 0.437089 0.021970 0.015899
34 0.371948 0.390569 0.020810 0.016708
34 0.316607 0.345809 0.006811 0.014178
34 0.699892 0.351973 0.007089 0.013836
34 0.700007 0.498227 0.006831 0.013736
34 0.627113 0.404996 0.006350 0.013822
34 0.380665 0.336758 0.021869 0.016287
34 0.438294 0.437106 0.021692 0.016116
34 0.438452 0.458914 0.021755 0.016181
34 0.372950 0.413596 0.022065 0.016067
34 0.662366 0.437095 0.022008 0.015996
34 0.669526 0.332508 0.021771 0.016039
34 0.661412 0.390573 0.021898 0.016301
34 0.662027 0.413669 0.022015 0.016327
34 0.604941 0.350037 0.006811 0.014266
34 0.594813 0.403748 0.021567 0.015606
34 0.596641 0.302344 0.021920 0.015341
34 0.666761 0.477955 0.034972 0.017096
34 0.570142 0.387254 0.006739 0.014098
34 0.719167 0.394345 0.021775 0.016127
34 0.821560 0.491151 0.021178 0.016358
34 0.728150 0.433028 0.021859 0.016190
34 0.771401 0.405774 0.036412 0.038307
34 0.860096 0.387073 0.007464 0.014517
34 0.757033 0.308729 0.066257 0.015600
34 0.844533 0.281790 0.006394 0.013628
34 0.646765 0.360455 0.023646 0.016384
34 0.085938 0.786274 0.020167 0.007390
34 0.131637 0.641064 0.010425 0.008472
34 0.145167 0.635574 0.020629 0.016318
34 0.136849 0.575013 0.067429 0.015691
34 0.956278 0.354480 0.023072 0.016461
34 0.936631 0.404963 0.006602 0.014309
34 0.728358 0.454518 0.021869 0.016082
34 0.895031 0.345645 0.007113 0.014506
34 0.886468 0.298196 0.022053 0.015982
34 0.121922 0.501322 0.006293 0.006349
34 0.163052 0.644211 0.018413 0.015546
34 0.093012 0.570727 0.020379 0.015241
34 0.076413 0.604947 0.012307 0.009313
34 0.144637 0.711841 0.020052 0.015304
34 0.114552 0.667666 0.011589 0.008350
34 0.105092 0.738846 0.018270 0.015093
34 0.088552 0.620794 0.020971 0.015204
34 0.081623 0.739131 0.020490 0.015417
34 0.090063 0.509872 0.006573 0.013634
34 0.119178 0.642533 0.006100 0.013622
34 0.147073 0.603373 0.047699 0.014850
34 0.079170 0.635712 0.009251 0.008199
34 0.135907 0.551676 0.062945 0.015417
34 0.067625 0.689668 0.020020 0.015711
34 0.113222 0.615909 0.005759 0.013146
34 0.162824 0.690363 0.019456 0.008501
34 0.143121 0.689460 0.019889 0.014885
34 0.061773 0.746921 0.013578 0.015101
34 0.088479 0.653306 0.020790 0.015275
34 0.061852 0.657217 0.027045 0.022380
34 0.103276 0.600922 0.020552 0.015443
34 0.146228 0.733018 0.018503 0.015406
34 0.075305 0.533658 0.021783 0.015825
34 0.104149 0.712234 0.018350 0.015229
34 0.101516 0.688088 0.020312 0.015759
34 0.140398 0.660459 0.020695 0.015024
34 0.327848 0.621170 0.026021 0.014127
34 0.320525 0.592599 0.018640 0.015190
34 0.229248 0.570154 0.009845 0.010048
34 0.300382 0.562789 0.018693 0.015432
34 0.286478 0.597391 0.044740 0.015660
34 0.377073 0.653131 0.010560 0.015466
34 0.337591 0.680185 0.006878 0.014101
34 0.302093 0.621319 0.020907 0.015554
34 0.266461 0.563881 0.046350 0.021830
34 0.255538 0.600120 0.008896 0.008555
34 0.249147 0.627415 0.010425 0.010043
34 0.068809 0.570058 0.025761 0.015831
34 0.075150 0.517387 0.021320 0.015423
34 0.423217 0.579092 0.046358 0.014434
34 0.274533 0.625071 0.038066 0.015278
34 0.211014 0.667623 0.037508 0.039738
34 0.324362 0.563132 0.025731 0.015554
34 0.376865 0.621810 0.010975 0.015298
34 0.350622 0.746007 0.013723 0.015486
34 0.382439 0.621869 0.021795 0.015195
34 0.376203 0.517588 0.022397 0.015489
34 0.388918 0.574954 0.019504 0.015266
34 0.382900 0.653377 0.021505 0.015281
34 0.393700 0.738970 0.019083 0.015170
34 0.376045 0.534248 0.022480 0.015546
34 0.391276 0.688066 0.021815 0.015802
34 0.410050 0.503663 0.006269 0.011032
34 0.362311 0.689751 0.020177 0.015876
34 0.367684 0.574249 0.024917 0.015748
34 0.431499 0.689389 0.019823 0.014999
34 0.433457 0.635536 0.021579 0.015466
34 0.392728 0.712189 0.020234 0.015298
34 0.403696 0.616214 0.005715 0.012280
34 0.370127 0.739202 0.021890 0.015520
34 0.420837 0.641661 0.009716 0.008390
34 0.453049 0.644231 0.019664 0.015318
34 0.434744 0.732925 0.019714 0.015557
34 0.433369 0.711928 0.021025 0.014993
34 0.364681 0.607150 0.012154 0.009062
34 0.451126 0.690457 0.019226 0.008410
34 0.429191 0.660533 0.021400 0.014933
34 0.393995 0.603510 0.021438 0.014822
34 0.499331 0.671384 0.037937 0.038378
34 0.699210 0.638599 0.006749 0.013733
34 0.640622 0.742303 0.013767 0.015264
34 0.374634 0.786471 0.022021 0.006996
34 0.429759 0.555767 0.062085 0.016042
34 0.409571 0.643262 0.005951 0.014024
34 0.373720 0.635580 0.009684 0.007962
34 0.446963 0.667905 0.011078 0.008276
34 0.519737 0.568856 0.009656 0.009407
34 0.354621 0.746770 0.004972 0.013431
34 0.393288 0.502704 0.004239 0.008926
34 0.453062 0.583294 0.009396 0.010031
34 0.437527 0.603527 0.047105 0.013750
34 0.666271 0.532217 0.021898 0.015480
34 0.554389 0.563215 0.046505 0.021032
34 0.626952 0.680328 0.006882 0.014055
34 0.692713 0.779577 0.021227 0.015323
34 0.569029 0.513427 0.063070 0.015643
34 0.569951 0.602353 0.044406 0.016047
34 0.540615 0.604352 0.009760 0.008470
34 0.537954 0.632435 0.009760 0.008159
34 0.561688 0.629768 0.037707 0.014748
34 0.569119 0.533749 0.058338 0.015375
34 0.651759 0.685616 0.021491 0.015859
34 0.614867 0.561282 0.025641 0.015896
34 0.683923 0.599403 0.021682 0.015278
33 0.163093 0.662199 0.007585 0.019712
34 0.672531 0.617578 0.021847 0.015070
34 0.654842 0.602843 0.012109 0.008968
34 0.604853 0.596616 0.022002 0.015768
34 0.589142 0.562058 0.021861 0.015623
34 0.683576 0.734815 0.019492 0.014873
