34 0.408948 0.616221 0.019682 0.020712
34 0.528471 0.536489 0.006140 0.011884
34 0.518599 0.556724 0.019728 0.020493
34 0.516857 0.703508 0.019944 0.021231
34 0.453055 0.646352 0.027887 0.040735
34 0.363498 0.543843 0.006239 0.011812
34 0.363367 0.706166 0.006291 0.012360
34 0.418761 0.543826 0.006390 0.012052
34 0.659467 0.588470 0.027842 0.042616
34 0.559000 0.588899 0.027685 0.039649
34 0.577312 0.641716 0.019716 0.021733
34 0.591956 0.678876 0.009629 0.008889
34 0.618385 0.557221 0.020062 0.020895
34 0.677469 0.643036 0.020006 0.021103
34 0.689990 0.741404 0.011317 0.008797
34 0.616933 0.704213 0.020034 0.021604
34 0.628557 0.538266 0.006154 0.011824
34 0.766499 0.588562 0.027732 0.040225
34 0.859593 0.731371 0.020564 0.020895
34 0.258571 0.127030 0.008169 0.009165
34 0.512454 0.138782 0.006342 0.011755
34 0.491435 0.175409 0.038817 0.051462
34 0.673200 0.203950 0.012085 0.008937
34 0.849422 0.602831 0.019952 0.021912
34 0.725266 0.703602 0.020068 0.021225
34 0.785093 0.642997 0.019722 0.021536
34 0.726541 0.556422 0.019891 0.021069
34 0.736746 0.526264 0.005876 0.012026
34 0.876175 0.741186 0.008274 0.009068
34 0.790889 0.708700 0.029724 0.012551
34 0.935871 0.747261 0.048789 0.025187
33 0.411846 0.347211 0.009120 0.019410
33 0.644443 0.269578 0.008886 0.018740
33 0.834143 0.605463 0.010203 0.017572
22 0.632601 0.606807 0.024206 0.032325
22 0.740079 0.607156 0.024073 0.032494
21 0.682696 0.244912 0.009317 0.015375
21 0.453061 0.322502 0.009982 0.016945
21 0.792180 0.697045 0.007901 0.011622
10 0.244498 0.645316 0.020407 0.015061
10 0.294628 0.645787 0.018632 0.019142
10 0.373431 0.646257 0.019299 0.016942
10 0.428772 0.646099 0.019075 0.017258
5 0.673040 0.216197 0.007139 0.016577
5 0.131817 0.435366 0.012450 0.010111
5 0.184827 0.435373 0.011821 0.010211
5 0.443231 0.294248 0.006817 0.015928
0 0.288565 0.616163 0.007089 0.017353
0 0.238427 0.616230 0.007035 0.017258
0 0.367442 0.616183 0.006934 0.017187
0 0.423042 0.616157 0.007035 0.017210
0 0.563949 0.642947 0.006622 0.017019
0 0.532659 0.556542 0.006620 0.016845
0 0.664068 0.642927 0.006791 0.017099
0 0.532653 0.703331 0.006898 0.017173
0 0.632798 0.703263 0.007216 0.017378
0 0.632761 0.556617 0.006880 0.017116
0 0.771701 0.642957 0.006912 0.017028
0 0.740516 0.556961 0.006608 0.017005
0 0.860551 0.747387 0.011884 0.010060
0 0.740396 0.703430 0.007077 0.017415
34 0.625467 0.142761 0.006483 0.012442
6 0.822253 0.747213 0.003995 0.005329
34 0.659446 0.247160 0.006257 0.011419
34 0.644678 0.248990 0.019110 0.020715
34 0.571010 0.140818 0.006283 0.011850
34 0.535539 0.078532 0.008580 0.008544
34 0.604063 0.175252 0.047691 0.053656
34 0.549166 0.175722 0.037707 0.050208
34 0.120002 0.436093 0.011313 0.010043
34 0.127421 0.344932 0.006164 0.012251
34 0.172765 0.435389 0.012109 0.009872
34 0.180320 0.343286 0.006797 0.012642
35 0.726371 0.403165 0.021178 0.013802
22 0.532419 0.607149 0.023098 0.032616
34 0.140254 0.748443 0.052232 0.015836
34 0.352838 0.616847 0.020342 0.021741
34 0.182486 0.622102 0.026575 0.027435
34 0.252746 0.261334 0.039589 0.049313
34 0.307117 0.258247 0.038207 0.053172
35 0.177858 0.748386 0.021396 0.014343
35 0.899316 0.746921 0.021162 0.014719
35 0.182234 0.751200 0.012333 0.007957
34 0.273489 0.220557 0.006438 0.012229
34 0.328233 0.220996 0.006616 0.011989
34 0.314522 0.314008 0.008104 0.008416
34 0.443251 0.281704 0.012111 0.009239
34 0.355906 0.287304 0.007532 0.008339
34 0.513097 0.253990 0.006505 0.009735
34 0.449414 0.370100 0.006394 0.012266
34 0.429388 0.327635 0.006370 0.011986
34 0.411688 0.326064 0.019907 0.021339
34 0.589024 0.397940 0.009752 0.008663
34 0.583019 0.489350 0.008411 0.008772
34 0.659320 0.251023 0.006009 0.003899
34 0.571130 0.254815 0.006483 0.011243
34 0.679101 0.294682 0.006239 0.011838
34 0.626024 0.256243 0.006340 0.012160
34 0.763938 0.403031 0.049754 0.015626
34 0.269225 0.648091 0.025973 0.039533
34 0.284512 0.543805 0.006346 0.012117
34 0.274279 0.616214 0.019936 0.020772
34 0.284380 0.706116 0.006575 0.012362
34 0.318483 0.646946 0.027619 0.040738
34 0.234179 0.543886 0.006275 0.012035
34 0.224280 0.616345 0.019656 0.020977
34 0.234018 0.706167 0.006287 0.012476
34 0.343947 0.742885 0.011259 0.009231
34 0.418631 0.706143 0.006690 0.012468
34 0.397271 0.646479 0.026980 0.040778
