34 0.652588 0.117464 0.004277 0.009929
35 0.192533 0.194162 0.008028 0.024688
35 0.136159 0.462173 0.017250 0.011442
35 0.136612 0.538642 0.017518 0.012023
35 0.136055 0.505436 0.017230 0.011704
35 0.174354 0.561713 0.017206 0.011337
34 0.915642 0.566282 0.004325 0.010165
34 0.818590 0.567683 0.004355 0.010573
34 0.292106 0.218495 0.023286 0.027347
34 0.330561 0.201109 0.004152 0.009632
34 0.266072 0.244078 0.008280 0.006030
34 0.127738 0.248146 0.013973 0.010627
34 0.157248 0.248103 0.014089 0.010598
34 0.106970 0.248153 0.014226 0.010596
34 0.174778 0.248119 0.014202 0.010653
34 0.523173 0.145720 0.004504 0.009974
34 0.515403 0.090708 0.004400 0.010279
34 0.485896 0.148156 0.004303 0.010117
34 0.494423 0.191821 0.004011 0.009843
34 0.354080 0.149216 0.003890 0.012402
34 0.417110 0.090885 0.004478 0.010228
34 0.368842 0.191438 0.004464 0.010388
34 0.522412 0.199206 0.004394 0.009903
34 0.336828 0.201160 0.004337 0.009644
34 0.286988 0.103616 0.007103 0.006110
34 0.501653 0.073663 0.007017 0.006295
34 0.491126 0.059830 0.006688 0.006153
34 0.488400 0.220359 0.004085 0.009980
34 0.434900 0.218983 0.024784 0.030385
34 0.479127 0.090804 0.004595 0.010151
34 0.417335 0.188869 0.004222 0.009986
34 0.506943 0.218150 0.023124 0.028738
34 0.423243 0.191760 0.004150 0.009897
34 0.416971 0.220443 0.004361 0.010051
34 0.502604 0.123819 0.006924 0.005831
34 0.550809 0.148983 0.013523 0.011080
34 0.633199 0.220603 0.024259 0.029852
34 0.606722 0.216463 0.023646 0.029017
34 0.567217 0.192301 0.004430 0.010348
34 0.536225 0.199478 0.004158 0.009718
34 0.629126 0.149008 0.013916 0.011194
34 0.646186 0.132291 0.006734 0.005398
34 0.613033 0.191513 0.004285 0.009991
34 0.654667 0.196928 0.004100 0.009684
34 0.617528 0.239238 0.004533 0.010234
34 0.646305 0.237945 0.003993 0.009946
34 0.641101 0.197743 0.004168 0.010054
34 0.557536 0.167018 0.006841 0.006284
34 0.539761 0.132258 0.006871 0.005429
34 0.560883 0.239186 0.004502 0.010148
34 0.683796 0.192753 0.004164 0.009610
34 0.843075 0.201435 0.004438 0.010188
34 0.819473 0.240358 0.003987 0.009721
34 0.809688 0.215121 0.023372 0.026954
34 0.817389 0.091812 0.004420 0.009974
34 0.659790 0.091248 0.004194 0.010020
34 0.646167 0.198262 0.004172 0.009803
34 0.530221 0.199463 0.003999 0.009806
34 0.698528 0.153166 0.004676 0.009570
34 0.635325 0.167311 0.006537 0.005777
34 0.669926 0.221272 0.027182 0.030832
34 0.577277 0.215607 0.022540 0.028005
34 0.530237 0.238065 0.004067 0.010225
34 0.687772 0.222831 0.004533 0.010205
34 0.551669 0.192546 0.022121 0.028985
34 0.802248 0.147199 0.006974 0.005922
34 0.768496 0.206814 0.004333 0.009541
34 0.835515 0.220856 0.024104 0.028928
34 0.705887 0.091562 0.003205 0.009336
34 0.813785 0.190906 0.004255 0.009336
34 0.748889 0.220003 0.025627 0.030009
34 0.768325 0.091768 0.004382 0.009732
34 0.768708 0.233966 0.004329 0.010177
34 0.860193 0.091683 0.004315 0.009920
34 0.854889 0.116435 0.004444 0.009359
34 0.849947 0.234051 0.004011 0.009823
34 0.764039 0.192602 0.004098 0.009171
34 0.856551 0.198685 0.004222 0.009669
34 0.835274 0.146015 0.016031 0.012679
34 0.080297 0.356760 0.013838 0.010510
34 0.089412 0.315222 0.014045 0.010285
34 0.146701 0.311924 0.011980 0.005295
34 0.132849 0.311848 0.011446 0.005446
34 0.120387 0.311848 0.011124 0.005446
34 0.102229 0.312196 0.010280 0.006666
34 0.160845 0.392955 0.004668 0.010054
34 0.920606 0.100455 0.004601 0.010085
34 0.920799 0.188887 0.006811 0.005497
34 0.914971 0.137918 0.004341 0.009504
34 0.926787 0.233970 0.004392 0.010157
34 0.154922 0.458450 0.007178 0.006127
34 0.080158 0.372150 0.013793 0.010530
34 0.080184 0.341022 0.013862 0.011009
34 0.080200 0.404734 0.013963 0.010767
34 0.080216 0.387340 0.013981 0.010564
34 0.135986 0.271657 0.013394 0.010154
34 0.105055 0.462558 0.043987 0.016349
34 0.090659 0.287781 0.014347 0.010775
34 0.080176 0.420145 0.013995 0.010920
34 0.119603 0.270704 0.013872 0.010128
34 0.319501 0.420390 0.004273 0.009906
34 0.324873 0.464516 0.004126 0.009567
34 0.343364 0.389665 0.006906 0.006825
34 0.193004 0.344111 0.004577 0.011795
34 0.343599 0.403096 0.007174 0.005811
34 0.207061 0.294765 0.006966 0.006321
34 0.408714 0.420950 0.004458 0.009886
34 0.523462 0.474668 0.004273 0.010037
34 0.352149 0.513320 0.023856 0.030020
34 0.339903 0.432541 0.007067 0.006677
34 0.350759 0.466010 0.012611 0.011986
34 0.272414 0.470973 0.003987 0.009932
34 0.266390 0.421003 0.004658 0.010060
34 0.487473 0.463443 0.004128 0.010077
34 0.362013 0.420943 0.004490 0.009997
34 0.423413 0.323343 0.023956 0.012135
34 0.375596 0.462504 0.007111 0.005970
34 0.479313 0.420928 0.004311 0.009972
34 0.699064 0.420986 0.004660 0.010111
34 0.572689 0.323260 0.022280 0.012494
34 0.549509 0.465644 0.016255 0.012331
34 0.544315 0.449209 0.006430 0.005110
34 0.641053 0.450097 0.006565 0.005523
34 0.516507 0.422317 0.004118 0.009934
34 0.818492 0.420939 0.004482 0.009840
34 0.828452 0.323252 0.024095 0.012032
34 0.693260 0.467286 0.003942 0.009704
34 0.556519 0.484823 0.006604 0.005936
34 0.635612 0.485009 0.006575 0.005435
34 0.654014 0.463729 0.004241 0.009863
34 0.660129 0.420569 0.003940 0.009527
34 0.629521 0.465826 0.016358 0.012553
34 0.768315 0.420912 0.004422 0.009872
34 0.814970 0.507395 0.004291 0.009416
34 0.768848 0.506915 0.004001 0.009510
34 0.850406 0.516992 0.004144 0.010085
34 0.763589 0.507747 0.003592 0.009510
34 0.794723 0.464278 0.007037 0.006252
34 0.768890 0.522593 0.004102 0.010282
34 0.760754 0.323310 0.024023 0.011966
34 0.835870 0.465590 0.016052 0.012251
34 0.858053 0.463652 0.004402 0.010085
34 0.856977 0.513742 0.004176 0.009644
34 0.867018 0.420597 0.004341 0.009875
34 0.323192 0.518564 0.004196 0.009986
34 0.336819 0.518378 0.004311 0.009838
34 0.273030 0.566619 0.004666 0.010211
34 0.297939 0.644714 0.006672 0.006577
34 0.240123 0.766083 0.007220 0.006706
34 0.175929 0.535006 0.007969 0.006141
34 0.102013 0.506237 0.050006 0.016161
34 0.147123 0.562229 0.035995 0.015930
34 0.106424 0.538853 0.039811 0.022767
34 0.910954 0.507378 0.004148 0.009581
34 0.921134 0.422505 0.004416 0.010191
34 0.915641 0.463273 0.004323 0.010182
34 0.196883 0.501871 0.008390 0.006107
34 0.315997 0.695296 0.024835 0.030245
34 0.338018 0.718933 0.007921 0.005429
34 0.291186 0.536144 0.024486 0.029336
34 0.330090 0.732129 0.004506 0.010105
34 0.330662 0.518344 0.004281 0.009843
34 0.279369 0.506857 0.004770 0.010476
34 0.338570 0.736301 0.006583 0.005455
34 0.330300 0.757553 0.004311 0.010302
34 0.298032 0.668641 0.006728 0.006321
34 0.298007 0.657382 0.006871 0.006375
34 0.521003 0.518780 0.004206 0.009991
34 0.371592 0.757626 0.004510 0.010693
34 0.379759 0.728066 0.004329 0.010114
34 0.354265 0.694007 0.004259 0.006372
34 0.411622 0.696714 0.024234 0.030208
34 0.368718 0.506660 0.004740 0.010373
34 0.397757 0.523641 0.023999 0.029310
34 0.413202 0.504356 0.004007 0.009858
34 0.362503 0.675339 0.014607 0.010445
34 0.371652 0.728024 0.004380 0.010028
34 0.421154 0.507948 0.006438 0.006195
34 0.330475 0.566604 0.004412 0.010456
34 0.644743 0.517600 0.004027 0.009746
34 0.653357 0.516728 0.004047 0.010009
34 0.687972 0.522464 0.004454 0.010616
34 0.613071 0.508045 0.004140 0.009678
34 0.671192 0.536751 0.025477 0.029279
34 0.632764 0.539798 0.024025 0.029353
34 0.487865 0.567940 0.004879 0.010522
34 0.362502 0.566637 0.004347 0.010214
34 0.451298 0.573880 0.008270 0.006352
34 0.494832 0.506803 0.005066 0.010698
34 0.413049 0.568146 0.004502 0.009966
34 0.527972 0.567987 0.004704 0.010296
34 0.435818 0.535507 0.025467 0.028763
34 0.505397 0.535375 0.024263 0.029205
34 0.808180 0.534007 0.024245 0.027216
34 0.843257 0.516456 0.004053 0.010410
34 0.768822 0.566555 0.004085 0.009872
34 0.849466 0.567897 0.004754 0.010145
34 0.606963 0.532730 0.023777 0.027404
34 0.639369 0.517492 0.004331 0.009929
34 0.644044 0.567672 0.004539 0.010516
34 0.617239 0.567756 0.004305 0.010587
34 0.578703 0.533205 0.024114 0.027395
34 0.684383 0.507528 0.004305 0.010051
34 0.688024 0.566575 0.004335 0.009895
34 0.567462 0.506741 0.004988 0.010838
34 0.535947 0.518692 0.004464 0.009934
34 0.550949 0.514658 0.024295 0.029806
34 0.560699 0.567739 0.004923 0.010798
34 0.265668 0.090772 0.004353 0.009957
34 0.323207 0.201344 0.004222 0.010097
34 0.189805 0.230207 0.004363 0.009698
34 0.273771 0.226080 0.004363 0.010456
34 0.325173 0.168944 0.004037 0.010057
34 0.280277 0.189212 0.004724 0.010142
34 0.273000 0.150687 0.004166 0.010271
34 0.349137 0.148998 0.013636 0.011111
34 0.362601 0.229541 0.004363 0.009781
34 0.319770 0.090777 0.004456 0.010536
34 0.356396 0.167549 0.006567 0.005380
34 0.330577 0.228870 0.004378 0.010080
34 0.352166 0.195999 0.024158 0.028903
34 0.362208 0.090811 0.004609 0.010308
34 0.183873 0.270670 0.014047 0.010077
34 0.150372 0.271468 0.013302 0.009946
33 0.349455 0.162680 0.007645 0.015882
33 0.629143 0.162546 0.007327 0.015854
33 0.551230 0.162592 0.007238 0.015785
33 0.835735 0.160429 0.007679 0.016059
33 0.092515 0.388210 0.009845 0.010670
33 0.150610 0.282143 0.007454 0.011188
33 0.175180 0.263819 0.007903 0.019915
33 0.092141 0.341956 0.009182 0.011254
33 0.092243 0.373129 0.009494 0.011433
33 0.091732 0.298822 0.008678 0.010832
33 0.107471 0.263129 0.008024 0.018210
33 0.093051 0.405812 0.010647 0.012240
33 0.094493 0.420560 0.014418 0.013494
33 0.128307 0.260875 0.007758 0.013759
33 0.120145 0.284530 0.007909 0.016435
33 0.137779 0.282229 0.007798 0.011667
33 0.351039 0.480363 0.007861 0.016441
33 0.177635 0.259148 0.003110 0.010795
33 0.184289 0.284611 0.007728 0.016392
33 0.353575 0.477451 0.002879 0.010758
33 0.549189 0.480101 0.007532 0.016298
33 0.629553 0.480137 0.007607 0.016056
33 0.836225 0.480076 0.007804 0.016423
33 0.363065 0.689364 0.007613 0.016369
25 0.425840 0.324394 0.065093 0.063984
25 0.592934 0.324225 0.078253 0.060259
25 0.760865 0.322703 0.065332 0.062630
25 0.830265 0.322702 0.063419 0.063306
6 0.419773 0.203718 0.004277 0.006381
6 0.532912 0.216311 0.003793 0.005366
6 0.648913 0.216921 0.002931 0.005366
6 0.771506 0.216321 0.004192 0.006509
6 0.332917 0.743373 0.003989 0.006352
6 0.333385 0.533904 0.003491 0.005221
6 0.374482 0.744402 0.004033 0.005594
6 0.415905 0.515845 0.003276 0.005489
6 0.690594 0.534174 0.004053 0.005702
6 0.531632 0.536130 0.003606 0.004919
6 0.647222 0.534127 0.002832 0.005284
6 0.852800 0.534260 0.003276 0.005244
6 0.771468 0.533960 0.003942 0.006039
0 0.291300 0.198471 0.012867 0.010040
0 0.380630 0.198142 0.008793 0.007073
0 0.435156 0.198018 0.011638 0.009025
0 0.506451 0.198237 0.010973 0.009310
0 0.675508 0.198445 0.011467 0.009145
0 0.604990 0.198507 0.008880 0.006583
0 0.579042 0.198142 0.008535 0.007073
0 0.807188 0.198294 0.008477 0.007338
0 0.756168 0.198012 0.011172 0.009031
0 0.902743 0.198180 0.011340 0.009042
0 0.291321 0.516224 0.011465 0.010487
0 0.380560 0.515608 0.008791 0.008185
0 0.435819 0.515791 0.011207 0.010014
0 0.506445 0.515321 0.012117 0.009142
0 0.391768 0.725531 0.008793 0.008293
0 0.605300 0.515633 0.008501 0.007652
0 0.579639 0.515361 0.008050 0.007472
0 0.675266 0.515541 0.011785 0.008746
0 0.806592 0.515480 0.008967 0.007193
0 0.756419 0.515296 0.011207 0.009025
0 0.902185 0.515554 0.010909 0.009547
25 0.357449 0.323887 0.063628 0.068384
34 0.381796 0.217147 0.024845 0.029718
34 0.528757 0.518568 0.003969 0.009840
34 0.906292 0.535551 0.023576 0.026817
34 0.835076 0.539946 0.024994 0.029655
34 0.752433 0.536746 0.026259 0.029729
34 0.356613 0.323353 0.022089 0.012006
34 0.179817 0.310442 0.025588 0.020445
34 0.909992 0.217579 0.025262 0.029128
34 0.192418 0.172230 0.032246 0.020111
