34 0.283996 0.157895 0.005627 0.013083
34 0.269354 0.224384 0.028604 0.015705
34 0.298346 0.228396 0.016535 0.015708
34 0.265871 0.145822 0.028914 0.016290
34 0.310540 0.124768 0.016434 0.014842
34 0.240110 0.149186 0.017097 0.015215
34 0.285839 0.246129 0.009164 0.007646
34 0.340743 0.131686 0.032752 0.023531
34 0.242984 0.228007 0.017210 0.015443
34 0.178716 0.174239 0.005296 0.015512
34 0.562838 0.093039 0.006140 0.014799
34 0.694391 0.141327 0.017609 0.016309
34 0.423489 0.165909 0.017236 0.015175
34 0.401740 0.188797 0.005441 0.010470
34 0.479344 0.107026 0.012730 0.009305
34 0.501743 0.086586 0.019214 0.016563
34 0.387487 0.220715 0.005929 0.012796
34 0.387785 0.072402 0.005969 0.012533
34 0.502284 0.139486 0.019855 0.016515
34 0.401635 0.105724 0.005320 0.009783
34 0.423062 0.082884 0.017663 0.015218
34 0.243451 0.069946 0.018477 0.013069
34 0.763628 0.152891 0.015882 0.015477
34 0.767314 0.170802 0.016988 0.015113
34 0.763462 0.127602 0.015490 0.016213
34 0.782150 0.138766 0.017504 0.015241
34 0.590414 0.169430 0.019579 0.016329
34 0.623966 0.087243 0.019241 0.016292
34 0.708098 0.173559 0.019013 0.015566
34 0.693288 0.089907 0.019452 0.016879
34 0.562867 0.212834 0.006019 0.014372
34 0.536671 0.169132 0.016936 0.016919
34 0.656429 0.130968 0.017129 0.015922
34 0.656534 0.148280 0.017564 0.016509
34 0.536847 0.222425 0.017288 0.016557
34 0.825868 0.108983 0.010475 0.006640
34 0.781834 0.087608 0.017137 0.015500
34 0.789715 0.029615 0.008346 0.008692
34 0.767592 0.221268 0.017218 0.015361
34 0.788793 0.170690 0.017015 0.015013
34 0.842617 0.091247 0.018018 0.015147
34 0.724304 0.141881 0.017975 0.015965
34 0.803522 0.087582 0.017383 0.015665
34 0.836452 0.174518 0.017067 0.014070
34 0.816480 0.190809 0.009764 0.008299
34 0.824859 0.246754 0.016406 0.015731
34 0.836847 0.048746 0.009758 0.008527
34 0.806065 0.230970 0.007842 0.007817
34 0.284562 0.284457 0.008870 0.006817
34 0.279380 0.404795 0.008997 0.007367
34 0.310439 0.437058 0.016720 0.008421
34 0.313021 0.322793 0.019676 0.008168
34 0.379065 0.360956 0.006438 0.022944
34 0.346506 0.429040 0.011642 0.024474
34 0.341375 0.374726 0.023137 0.024124
34 0.345672 0.284618 0.009450 0.007196
34 0.934330 0.248604 0.016195 0.015030
34 0.891716 0.066744 0.008417 0.008615
34 0.956576 0.178386 0.005925 0.014845
34 0.199244 0.280841 0.005606 0.016324
34 0.256923 0.283292 0.009692 0.008344
34 0.379132 0.390497 0.006378 0.024420
34 0.284376 0.442301 0.009077 0.006506
34 0.298105 0.423665 0.015614 0.015098
34 0.298061 0.386810 0.016239 0.015341
34 0.298184 0.266583 0.016694 0.015172
34 0.298429 0.309962 0.016080 0.015147
34 0.257480 0.479067 0.017160 0.014520
34 0.327848 0.261666 0.005522 0.012998
34 0.327869 0.420256 0.005657 0.012779
34 0.341452 0.498588 0.009089 0.007561
34 0.257302 0.463350 0.016871 0.015113
34 0.488128 0.425822 0.010171 0.007780
34 0.434076 0.376637 0.016807 0.015520
34 0.329431 0.328511 0.009148 0.007133
34 0.329574 0.483897 0.009938 0.008729
34 0.255146 0.328646 0.009801 0.007563
34 0.256571 0.442293 0.009053 0.006654
34 0.281275 0.329034 0.009049 0.007301
34 0.424625 0.408977 0.016148 0.014443
34 0.506040 0.470255 0.017971 0.015449
34 0.460009 0.408132 0.017121 0.015489
34 0.387023 0.360413 0.023131 0.023038
34 0.473005 0.470067 0.017391 0.015403
34 0.404946 0.470302 0.016873 0.015497
34 0.381470 0.418170 0.011573 0.023938
34 0.415188 0.376643 0.016392 0.015275
34 0.439691 0.470208 0.017117 0.015469
34 0.387379 0.390504 0.022885 0.023642
34 0.700370 0.495859 0.016295 0.014996
34 0.679675 0.278282 0.006444 0.013645
34 0.641126 0.469822 0.018026 0.015266
34 0.573173 0.469909 0.017893 0.015543
34 0.645418 0.366965 0.016960 0.014876
34 0.606065 0.469639 0.017492 0.015574
34 0.539639 0.469768 0.017184 0.015278
34 0.698061 0.418521 0.005852 0.013685
34 0.578250 0.307250 0.008197 0.009655
34 0.628195 0.384035 0.009359 0.008065
34 0.355210 0.328695 0.006136 0.006726
34 0.814525 0.453911 0.008429 0.008780
34 0.789211 0.398169 0.017206 0.015420
34 0.825497 0.384412 0.008145 0.008743
34 0.743224 0.271770 0.008419 0.009005
34 0.820881 0.345174 0.016819 0.015295
34 0.543853 0.300936 0.017863 0.015232
34 0.549056 0.430051 0.041501 0.023454
34 0.701260 0.473839 0.015119 0.015805
34 0.840842 0.378064 0.016382 0.015859
0 0.645074 0.148039 0.004764 0.012864
0 0.946788 0.248981 0.006521 0.018236
0 0.246172 0.466972 0.004142 0.010382
0 0.246431 0.479001 0.004490 0.009772
0 0.544180 0.313273 0.012385 0.008900
0 0.768894 0.398035 0.006301 0.016731
0 0.777440 0.398646 0.006128 0.015999
0 0.798824 0.344752 0.006491 0.016532
0 0.808662 0.345673 0.006591 0.017239
0 0.711515 0.496647 0.006628 0.014651
0 0.078377 0.562281 0.006062 0.014503
0 0.088856 0.600138 0.005608 0.015050
0 0.079194 0.649590 0.005266 0.013189
0 0.088000 0.679507 0.005612 0.013189
0 0.139342 0.735349 0.005884 0.013240
0 0.160469 0.676144 0.005081 0.013998
0 0.139743 0.647203 0.005349 0.012485
0 0.181712 0.647596 0.004702 0.013300
0 0.182205 0.735268 0.005526 0.012092
0 0.244377 0.693088 0.009756 0.007327
0 0.454868 0.618639 0.009688 0.008478
0 0.412170 0.660108 0.009589 0.008054
0 0.698626 0.686408 0.005093 0.012947
0 0.698799 0.666931 0.004919 0.012334
0 0.710781 0.514709 0.004579 0.012952
34 0.858033 0.323809 0.005828 0.013836
34 0.840435 0.342405 0.016555 0.015281
34 0.841707 0.296275 0.017395 0.015657
34 0.906724 0.498529 0.007595 0.014642
34 0.819711 0.394560 0.008072 0.007997
34 0.840249 0.480161 0.016904 0.015078
34 0.756765 0.397942 0.017353 0.015292
34 0.789152 0.303367 0.010886 0.008991
34 0.786880 0.344744 0.016370 0.015432
34 0.775175 0.290940 0.016217 0.014984
34 0.909564 0.263756 0.008189 0.008846
34 0.910981 0.378320 0.017293 0.015956
34 0.897182 0.429208 0.026749 0.011981
34 0.840576 0.360319 0.016765 0.015212
34 0.742659 0.287011 0.016249 0.014369
34 0.906619 0.479853 0.007810 0.015455
34 0.812136 0.465600 0.008394 0.008242
34 0.171391 0.676537 0.016569 0.014802
34 0.065174 0.680358 0.016585 0.015113
34 0.129464 0.588152 0.016475 0.015038
34 0.150872 0.647508 0.016003 0.014628
34 0.148680 0.612583 0.016273 0.014486
34 0.910971 0.361354 0.017027 0.015264
34 0.911631 0.498666 0.017162 0.015013
34 0.911304 0.342343 0.017037 0.015611
34 0.911387 0.479819 0.017170 0.015757
34 0.904582 0.296282 0.017520 0.015677
34 0.887429 0.323782 0.005391 0.013719
34 0.970755 0.392952 0.005548 0.012750
34 0.956976 0.392863 0.005629 0.012821
0 0.947084 0.561874 0.009740 0.020670
0 0.160617 0.759946 0.005006 0.013069
0 0.319515 0.951076 0.009762 0.007754
0 0.339171 0.915135 0.012436 0.010026
0 0.244201 0.771298 0.009361 0.008666
0 0.444736 0.816731 0.008288 0.007449
0 0.460534 0.816547 0.009323 0.007327
0 0.451228 0.940503 0.011863 0.009185
0 0.433322 0.963618 0.008880 0.007914
0 0.417587 0.889516 0.008892 0.008424
0 0.433859 0.889638 0.008632 0.007694
0 0.660184 0.831020 0.008729 0.008128
0 0.664136 0.927184 0.010488 0.008903
0 0.705388 0.888964 0.009087 0.007065
0 0.686273 0.955011 0.009746 0.010285
0 0.644180 0.830704 0.008654 0.007706
0 0.725186 0.862479 0.009410 0.007449
0 0.730108 0.889406 0.009063 0.007082
34 0.171708 0.719315 0.015588 0.014907
34 0.089687 0.562186 0.016859 0.015269
34 0.075610 0.582883 0.016793 0.014537
34 0.088783 0.647353 0.018513 0.021556
34 0.129712 0.607737 0.016813 0.015076
34 0.062732 0.544564 0.017780 0.015455
34 0.119719 0.567313 0.014337 0.011616
34 0.129179 0.735836 0.015985 0.015389
34 0.127207 0.628341 0.010353 0.007706
34 0.057530 0.652056 0.017208 0.015985
34 0.127196 0.703180 0.010342 0.007421
34 0.172520 0.612361 0.016821 0.015209
34 0.148031 0.686533 0.015896 0.015107
34 0.081478 0.545876 0.013471 0.011741
34 0.098095 0.679708 0.015147 0.014639
34 0.171326 0.735484 0.016172 0.014976
34 0.177995 0.676748 0.003854 0.015212
34 0.178462 0.612563 0.004776 0.015557
34 0.199220 0.548299 0.005633 0.015919
34 0.244393 0.682150 0.016980 0.015021
34 0.268454 0.680543 0.028858 0.015289
34 0.289012 0.534924 0.010900 0.007985
34 0.128579 0.670809 0.015506 0.014893
34 0.099644 0.599719 0.015715 0.014907
34 0.128700 0.686187 0.015828 0.014580
34 0.096735 0.582653 0.013157 0.008777
34 0.829275 0.832960 0.011305 0.008643
33 0.837297 0.717653 0.009932 0.014480
33 0.837220 0.698202 0.009166 0.016643
34 0.634079 0.126254 0.004347 0.013027
34 0.710927 0.159514 0.009899 0.006751
34 0.700940 0.353445 0.009015 0.070020
35 0.414565 0.940742 0.022450 0.013254
34 0.577286 0.823359 0.011313 0.068022
34 0.526021 0.454125 0.071418 0.014753
33 0.535832 0.205677 0.010077 0.016506
33 0.502334 0.122904 0.010252 0.016005
34 0.452749 0.086892 0.011843 0.007002
34 0.310358 0.158889 0.013435 0.009501
35 0.270318 0.238787 0.021390 0.011755
34 0.311506 0.399584 0.018209 0.008755
34 0.346950 0.402097 0.011313 0.025232
34 0.094604 0.153662 0.013257 0.008504
34 0.085589 0.122153 0.014672 0.007002
34 0.175655 0.071489 0.012373 0.011254
34 0.119530 0.044105 0.013257 0.008501
34 0.086738 0.024349 0.013080 0.010003
34 0.118187 0.650013 0.013405 0.008239
34 0.170989 0.647793 0.016833 0.014782
34 0.482560 0.607412 0.019037 0.015902
34 0.408687 0.681537 0.018276 0.016315
34 0.490060 0.727803 0.005971 0.014135
34 0.503489 0.551989 0.005673 0.012573
34 0.514651 0.737296 0.009093 0.008036
34 0.446303 0.505125 0.005419 0.013505
34 0.466293 0.654306 0.005886 0.012676
34 0.470629 0.552012 0.005959 0.012431
34 0.506507 0.576562 0.008944 0.007766
34 0.512685 0.505027 0.005572 0.013485
34 0.492731 0.505107 0.005010 0.013514
34 0.459254 0.503579 0.005735 0.010863
34 0.426454 0.504946 0.005334 0.012821
34 0.471595 0.625889 0.005846 0.010137
34 0.434442 0.609092 0.009903 0.007863
34 0.392401 0.695076 0.005955 0.009125
34 0.437032 0.552028 0.005119 0.012502
34 0.402647 0.552060 0.005516 0.012505
34 0.377178 0.512213 0.010375 0.007070
34 0.526175 0.505007 0.005171 0.012744
34 0.411625 0.503812 0.005336 0.011271
34 0.482922 0.660204 0.018906 0.016082
34 0.479140 0.503770 0.005669 0.011245
34 0.408349 0.734608 0.018693 0.016438
34 0.524500 0.535145 0.010483 0.007258
34 0.508086 0.594611 0.009206 0.007125
34 0.411726 0.647579 0.016668 0.015341
34 0.556136 0.737207 0.009017 0.007951
34 0.603546 0.552126 0.005318 0.012465
34 0.650338 0.737524 0.008082 0.008054
34 0.580522 0.681961 0.018280 0.016797
34 0.570467 0.551976 0.005294 0.012457
34 0.638016 0.585858 0.005902 0.013163
34 0.679718 0.537796 0.006217 0.013688
6 0.554160 0.515868 0.007313 0.007911
6 0.617066 0.539788 0.007568 0.007418
6 0.687887 0.741204 0.007546 0.006905
6 0.550815 0.539620 0.006710 0.008535
6 0.427549 0.539394 0.007315 0.008792
25 0.876442 0.428049 0.083820 0.060772
34 0.705212 0.908993 0.028352 0.022836
34 0.704907 0.878766 0.015778 0.014312
34 0.932853 0.559924 0.015685 0.015369
34 0.709773 0.668126 0.016203 0.015705
34 0.709445 0.686334 0.015546 0.014999
35 0.706114 0.926740 0.021011 0.013046
34 0.648355 0.509782 0.005026 0.013881
34 0.534625 0.737392 0.008449 0.008071
34 0.606495 0.737465 0.009307 0.007931
34 0.580488 0.607789 0.019194 0.015782
34 0.455182 0.608041 0.017053 0.014594
34 0.434211 0.650061 0.010095 0.008017
34 0.391612 0.503629 0.005838 0.010963
34 0.906294 0.516985 0.008447 0.015229
34 0.836802 0.682437 0.016195 0.015292
34 0.579159 0.503869 0.006017 0.011442
34 0.537038 0.552200 0.005768 0.012687
34 0.595765 0.535734 0.010212 0.006344
34 0.559230 0.503485 0.005447 0.010675
34 0.546204 0.505111 0.005316 0.013437
34 0.592434 0.502643 0.005439 0.008906
34 0.700302 0.515004 0.016785 0.015680
34 0.613237 0.504500 0.004968 0.012704
34 0.628331 0.510352 0.005038 0.013414
34 0.589001 0.512657 0.010185 0.006529
34 0.687390 0.662303 0.005844 0.013388
34 0.641718 0.536146 0.010145 0.006546
34 0.809338 0.659364 0.016904 0.015081
34 0.776664 0.647811 0.016261 0.015121
34 0.840285 0.502516 0.016734 0.008715
34 0.827254 0.608012 0.016902 0.014930
34 0.745950 0.647568 0.016412 0.014788
34 0.768439 0.509441 0.016543 0.015321
34 0.809279 0.608534 0.016483 0.014993
34 0.762209 0.611543 0.016602 0.015021
34 0.850881 0.613011 0.017975 0.014258
34 0.817836 0.695805 0.016273 0.015207
34 0.879241 0.687105 0.018002 0.014756
34 0.818880 0.677511 0.016293 0.015130
34 0.840529 0.519211 0.017117 0.015452
34 0.171096 0.761170 0.014367 0.014885
34 0.910776 0.517136 0.017010 0.015264
34 0.911654 0.502412 0.013066 0.008529
34 0.905508 0.549285 0.017361 0.016010
34 0.830386 0.593836 0.007971 0.007991
34 0.857139 0.743484 0.008046 0.009327
34 0.822213 0.527398 0.008108 0.008002
3 0.172445 0.702951 0.011207 0.019467
3 0.172444 0.628571 0.010286 0.019456
3 0.757266 0.702093 0.013255 0.019045
3 0.768554 0.527030 0.014291 0.019926
3 0.745585 0.663829 0.012633 0.017284
34 0.759497 0.665241 0.011489 0.007957
34 0.712183 0.735681 0.009116 0.009270
34 0.837085 0.733494 0.016712 0.015247
34 0.842480 0.550248 0.017760 0.015321
34 0.755961 0.686476 0.016700 0.015016
34 0.854981 0.681941 0.016328 0.015492
34 0.495603 0.818277 0.015522 0.015893
34 0.450883 0.843900 0.008290 0.008296
34 0.448381 0.960341 0.007818 0.007543
34 0.523619 0.959845 0.008024 0.007652
34 0.380822 0.776560 0.003062 0.013628
34 0.359292 0.931067 0.005804 0.011522
34 0.342447 0.968813 0.016477 0.014480
34 0.333308 0.947714 0.007635 0.007518
34 0.314334 0.904583 0.026855 0.010094
34 0.244126 0.760050 0.016261 0.015187
34 0.338933 0.903943 0.016706 0.014902
34 0.269678 0.757308 0.028481 0.015893
34 0.319966 0.940560 0.016575 0.014736
34 0.547432 0.818363 0.015520 0.015665
34 0.433610 0.953296 0.015512 0.014024
34 0.444910 0.806146 0.016211 0.014753
34 0.502406 0.858424 0.016054 0.014454
34 0.376228 0.964952 0.016690 0.015164
34 0.501759 0.954634 0.015612 0.015081
34 0.521304 0.818001 0.015780 0.015842
34 0.376843 0.893602 0.016459 0.015321
34 0.418935 0.769621 0.006118 0.014346
34 0.435325 0.878891 0.015598 0.014899
34 0.416772 0.878846 0.015260 0.014466
34 0.478205 0.910815 0.010520 0.008088
3 0.762651 0.628846 0.013670 0.020217
3 0.492222 0.910118 0.012220 0.019045
3 0.502371 0.874226 0.011805 0.018752
3 0.533482 0.934554 0.010558 0.021094
3 0.533791 0.956822 0.010770 0.018165
3 0.604810 0.921840 0.011598 0.019045
1 0.553052 0.915804 0.013670 0.010547
0 0.160600 0.228217 0.005447 0.012559
34 0.492058 0.893571 0.015671 0.014580
34 0.382590 0.776556 0.006517 0.012952
34 0.515566 0.875824 0.007643 0.007612
34 0.480871 0.863041 0.015945 0.014414
34 0.632383 0.827125 0.007699 0.007341
34 0.643357 0.819882 0.016090 0.014565
34 0.628111 0.904771 0.016489 0.015412
34 0.660490 0.820209 0.016317 0.014981
34 0.473392 0.955655 0.015040 0.014759
34 0.545323 0.931614 0.016037 0.014753
34 0.546862 0.955423 0.015925 0.014836
34 0.461177 0.806066 0.015256 0.014303
34 0.551147 0.903860 0.014426 0.014964
34 0.533890 0.865181 0.041849 0.016837
34 0.415474 0.927072 0.039478 0.015683
34 0.451593 0.927060 0.016354 0.014440
34 0.502411 0.931079 0.015766 0.015033
34 0.178815 0.091362 0.005496 0.016546
34 0.310589 0.241693 0.013737 0.008869
34 0.310365 0.278911 0.014089 0.008145
34 0.209194 0.070057 0.015983 0.012089
34 0.115172 0.138695 0.013636 0.011907
34 0.092533 0.063074 0.014112 0.010564
34 0.125558 0.158948 0.016918 0.015070
34 0.089120 0.137200 0.016338 0.015107
34 0.090036 0.041553 0.017381 0.015400
34 0.125656 0.174725 0.016465 0.014905
34 0.126020 0.190852 0.010304 0.007854
34 0.125782 0.107791 0.010351 0.008242
34 0.130783 0.069203 0.016847 0.015124
34 0.099989 0.078874 0.016178 0.015024
34 0.150178 0.127890 0.016602 0.015090
34 0.730408 0.878850 0.016009 0.014999
34 0.726022 0.852458 0.016606 0.014298
34 0.748210 0.850429 0.024486 0.014138
34 0.075403 0.062543 0.016797 0.014679
33 0.501960 0.103830 0.009069 0.017093
33 0.590608 0.186121 0.009392 0.017127
33 0.623725 0.103864 0.008920 0.016968
33 0.535365 0.185851 0.009118 0.017230
33 0.748523 0.151247 0.011978 0.016942
33 0.781573 0.122065 0.012421 0.016315
33 0.767045 0.204748 0.010870 0.017258
33 0.748413 0.128812 0.011757 0.016005
33 0.803397 0.103634 0.009172 0.016398
33 0.788888 0.186414 0.009073 0.017050
33 0.767243 0.186455 0.009051 0.017002
34 0.148556 0.092100 0.017389 0.014260
33 0.782069 0.103619 0.009138 0.016176
33 0.369884 0.389671 0.011263 0.013306
33 0.370007 0.360556 0.010864 0.012847
33 0.370033 0.418944 0.010631 0.013044
33 0.357903 0.402704 0.011281 0.013052
33 0.357950 0.429437 0.011356 0.013294
33 0.357820 0.375684 0.011104 0.013101
33 0.855221 0.497760 0.011380 0.012818
33 0.855103 0.342404 0.011213 0.012850
33 0.855110 0.377548 0.011090 0.012588
33 0.855138 0.359829 0.011223 0.012009
33 0.855118 0.478961 0.011118 0.012514
33 0.896834 0.497823 0.011110 0.012687
33 0.896717 0.478967 0.011090 0.012496
34 0.686139 0.943186 0.016050 0.015024
34 0.604808 0.904631 0.016549 0.014984
34 0.659383 0.939235 0.015050 0.014736
34 0.671180 0.951572 0.007990 0.008068
34 0.686429 0.885792 0.008104 0.008142
34 0.623445 0.843233 0.008332 0.009236
34 0.641686 0.921309 0.008312 0.008136
34 0.574842 0.903608 0.004813 0.012904
34 0.664032 0.915379 0.016348 0.014765
34 0.567304 0.911696 0.008052 0.007524
34 0.564143 0.936643 0.008838 0.007769
35 0.745440 0.863411 0.021134 0.013046
35 0.405889 0.884882 0.008261 0.008698
35 0.530873 0.879855 0.021904 0.012773
35 0.269978 0.770997 0.021712 0.013046
35 0.313881 0.915190 0.021134 0.012231
35 0.434540 0.660376 0.021739 0.012551
35 0.269105 0.693038 0.020792 0.012254
35 0.069948 0.633368 0.016696 0.009102
35 0.070140 0.708131 0.017081 0.010858
35 0.700441 0.450056 0.009315 0.032320
35 0.515834 0.429973 0.020629 0.013494
35 0.453394 0.096647 0.021293 0.013807
33 0.896775 0.342552 0.010902 0.012645
33 0.896599 0.377642 0.010880 0.012485
33 0.896639 0.359924 0.010896 0.012040
33 0.482680 0.623655 0.008463 0.016731
33 0.482673 0.642647 0.010649 0.016632
33 0.408477 0.717486 0.009980 0.016318
33 0.408559 0.698790 0.009027 0.017005
33 0.580237 0.623964 0.009373 0.017093
33 0.580189 0.698689 0.009412 0.017236
33 0.854812 0.501039 0.010183 0.005782
33 0.809477 0.624286 0.008785 0.016575
33 0.854547 0.698548 0.009182 0.017335
33 0.803191 0.677351 0.013151 0.013015
33 0.803170 0.696867 0.013197 0.012924
33 0.826812 0.624166 0.009285 0.016934
33 0.855027 0.518096 0.011029 0.012573
33 0.896620 0.518337 0.011116 0.012531
33 0.508490 0.818562 0.010183 0.019028
33 0.559913 0.820084 0.008695 0.016002
33 0.533828 0.818564 0.009222 0.013046
27 0.297949 0.246109 0.014706 0.023440
27 0.298260 0.283494 0.012427 0.019630
27 0.297949 0.441711 0.012220 0.020214
27 0.298157 0.404793 0.012635 0.020804
27 0.298157 0.327883 0.013050 0.019926
27 0.505498 0.487417 0.014291 0.019045
27 0.472775 0.487417 0.013048 0.018458
27 0.439326 0.487125 0.013668 0.020217
27 0.404427 0.487271 0.014704 0.019336
27 0.641490 0.487417 0.013668 0.019045
27 0.606280 0.487563 0.014083 0.021094
27 0.572935 0.487418 0.014496 0.019630
27 0.539176 0.487857 0.013670 0.019339
21 0.636209 0.138433 0.007663 0.013183
21 0.690095 0.674849 0.007611 0.011716
21 0.711205 0.530077 0.008493 0.012306
21 0.309340 0.961510 0.008906 0.013770
21 0.433838 0.826147 0.008078 0.013183
21 0.455377 0.899981 0.007663 0.014355
21 0.420996 0.974694 0.008491 0.013770
21 0.673800 0.841235 0.009942 0.014064
21 0.696272 0.965466 0.008906 0.011718
21 0.741547 0.899543 0.008284 0.014064
35 0.453948 0.179802 0.022401 0.015061
35 0.267447 0.160529 0.021815 0.012707
35 0.340719 0.150908 0.028231 0.013796
35 0.072131 0.113514 0.018223 0.010892
13 0.066151 0.040715 0.009237 0.016609
13 0.077028 0.078511 0.008374 0.017951
13 0.067825 0.137261 0.007250 0.017287
13 0.077042 0.165681 0.008701 0.016703
13 0.077249 0.599078 0.009942 0.019045
13 0.066168 0.561136 0.008904 0.020510
13 0.077457 0.677600 0.007456 0.017287
13 0.068653 0.649326 0.008491 0.018168
8 0.837337 0.192636 0.014291 0.020217
8 0.842722 0.109573 0.013461 0.019339
8 0.459312 0.424716 0.013048 0.019042
8 0.857530 0.295067 0.013255 0.017578
8 0.888595 0.295919 0.014752 0.017498
8 0.879174 0.704409 0.011805 0.021094
8 0.851006 0.629842 0.012633 0.019632
8 0.858463 0.551026 0.014291 0.019630
8 0.887321 0.549239 0.012933 0.019299
6 0.114589 0.142820 0.002849 0.003907
6 0.119189 0.051560 0.005179 0.008205
6 0.089165 0.066458 0.002935 0.004765
6 0.087088 0.156193 0.002685 0.004326
6 0.078098 0.126798 0.002760 0.004010
6 0.078463 0.028988 0.003058 0.004645
6 0.636339 0.134330 0.002842 0.003542
6 0.811878 0.112952 0.005294 0.005665
6 0.798295 0.195322 0.006493 0.007629
6 0.246646 0.455970 0.003489 0.004924
6 0.342366 0.333111 0.005993 0.007771
6 0.268228 0.434782 0.004748 0.008179
6 0.274789 0.445956 0.006130 0.007085
6 0.325203 0.446443 0.005439 0.006840
6 0.330944 0.434721 0.004833 0.008062
6 0.268753 0.276520 0.004593 0.007347
35 0.072002 0.195383 0.017965 0.011257
0 0.139747 0.209641 0.004776 0.012562
0 0.644974 0.132350 0.004835 0.011767
0 0.422973 0.096141 0.009940 0.008829
0 0.423262 0.180009 0.008668 0.010789
0 0.239743 0.160702 0.008898 0.007572
0 0.243272 0.239339 0.010149 0.008498
0 0.181588 0.126711 0.004623 0.012915
0 0.181819 0.209355 0.004621 0.013078
0 0.078400 0.041570 0.005351 0.016364
0 0.088976 0.079243 0.005784 0.015266
0 0.078106 0.136993 0.004488 0.013799
0 0.087171 0.166730 0.005179 0.012702
0 0.139643 0.126808 0.005000 0.012773
0 0.160646 0.151506 0.005522 0.012770
6 0.325785 0.288249 0.006593 0.007629
6 0.274546 0.288249 0.005792 0.007629
6 0.268902 0.333535 0.005693 0.007207
6 0.331478 0.276663 0.005393 0.008196
6 0.651517 0.522491 0.005004 0.007347
6 0.959730 0.341981 0.005274 0.010294
6 0.959821 0.455854 0.004730 0.010550
6 0.119138 0.571163 0.004315 0.004520
6 0.089182 0.587283 0.003453 0.004272
6 0.078436 0.549608 0.003366 0.004152
6 0.088147 0.668492 0.003626 0.003539
6 0.118792 0.655121 0.003108 0.005130
6 0.078781 0.638635 0.004057 0.004639
6 0.524823 0.740973 0.007043 0.007618
6 0.488159 0.516721 0.005794 0.008193
6 0.690299 0.670014 0.002842 0.004115
6 0.588530 0.741414 0.008491 0.010254
6 0.628297 0.741560 0.006005 0.008205
6 0.598368 0.515955 0.004557 0.007030
6 0.650872 0.521669 0.007248 0.010256
6 0.641034 0.573088 0.007041 0.011134
6 0.544271 0.740963 0.007611 0.008760
6 0.566243 0.741173 0.007236 0.007492
6 0.867132 0.707999 0.005095 0.007204
6 0.838377 0.633310 0.005610 0.005127
6 0.468865 0.891385 0.005526 0.010014
6 0.588675 0.926205 0.008286 0.009669
5 0.760705 0.291405 0.014291 0.010254
5 0.342169 0.950963 0.007871 0.019630
5 0.462730 0.963414 0.006213 0.018752
5 0.481163 0.879326 0.007871 0.019336
5 0.376674 0.948034 0.008493 0.017287
5 0.659508 0.954332 0.007458 0.020507
4 0.116938 0.068777 0.010254 0.012317
4 0.113033 0.158589 0.009128 0.010943
4 0.723839 0.159089 0.014704 0.019045
4 0.415301 0.393074 0.012012 0.020510
4 0.116450 0.589134 0.009557 0.010977
4 0.116722 0.670225 0.008654 0.009501
4 0.774581 0.663535 0.009734 0.018458
4 0.377261 0.911047 0.011287 0.019923
4 0.513844 0.958507 0.010886 0.019037
4 0.514147 0.935610 0.010973 0.018943
4 0.628060 0.921694 0.010367 0.018441
3 0.117136 0.086321 0.009184 0.010869
3 0.112531 0.173116 0.008261 0.008757
3 0.172461 0.190728 0.009925 0.019051
3 0.172499 0.108601 0.009660 0.019419
3 0.692522 0.107697 0.012635 0.021094
3 0.694697 0.158386 0.012427 0.020510
3 0.709858 0.189560 0.010357 0.019632
3 0.424911 0.424306 0.012220 0.019630
3 0.433816 0.392663 0.012218 0.017871
3 0.646439 0.383581 0.012012 0.019632
3 0.741546 0.304149 0.012012 0.021681
3 0.825014 0.264595 0.013255 0.019923
3 0.116424 0.606948 0.009496 0.011724
3 0.116625 0.685137 0.008898 0.011607
34 0.171190 0.229131 0.016827 0.015104
34 0.130028 0.087042 0.016273 0.014836
34 0.171268 0.152394 0.016501 0.015121
34 0.172711 0.091247 0.017395 0.015164
34 0.172577 0.173916 0.017035 0.015150
34 0.097554 0.166979 0.015576 0.014876
34 0.062775 0.025205 0.018072 0.015152
34 0.171202 0.127875 0.017125 0.015198
34 0.128400 0.209570 0.016934 0.015207
34 0.171148 0.210225 0.016471 0.014665
34 0.148716 0.174464 0.016956 0.014867
34 0.063859 0.167837 0.017012 0.015195
34 0.057810 0.130798 0.017929 0.015617
