35 0.400166 0.473169 0.010123 0.033081
20 0.789116 0.706784 0.056342 0.301166
34 0.723592 0.787575 0.046821 0.033463
34 0.889864 0.703842 0.036416 0.018085
34 0.885804 0.659514 0.020761 0.027219
34 0.710459 0.743575 0.020596 0.028974
34 0.660108 0.505070 0.022327 0.029119
34 0.355353 0.670898 0.021785 0.028692
34 0.886167 0.360073 0.034100 0.015990
34 0.705685 0.381723 0.022006 0.019068
34 0.553094 0.354664 0.056914 0.014748
34 0.177568 0.121375 0.033139 0.040527
6 0.923686 0.723917 0.003946 0.007675
0 0.884586 0.677861 0.017359 0.011237
0 0.715515 0.841649 0.010582 0.008125
0 0.744320 0.768414 0.009776 0.007857
0 0.655797 0.854513 0.008592 0.023229
0 0.608120 0.854632 0.008763 0.023229
0 0.630063 0.931072 0.005590 0.014756
0 0.517654 0.923142 0.016287 0.012451
0 0.433548 0.782296 0.008848 0.023890
0 0.400505 0.782907 0.008946 0.023038
0 0.523005 0.804490 0.016775 0.012337
0 0.364300 0.863786 0.016170 0.011784
0 0.455308 0.886636 0.005770 0.015056
0 0.322766 0.817747 0.008586 0.023229
0 0.266540 0.870644 0.008846 0.023511
0 0.943709 0.678282 0.016112 0.012260
0 0.799049 0.678092 0.007808 0.006660
0 0.831275 0.629441 0.016225 0.011758
0 0.744473 0.722739 0.009656 0.007586
0 0.837365 0.723936 0.016346 0.012117
0 0.630205 0.512439 0.009355 0.007250
0 0.545793 0.734518 0.016690 0.012451
0 0.690166 0.568900 0.016408 0.012140
0 0.577688 0.671456 0.016734 0.012505
0 0.630188 0.530858 0.009809 0.008128
0 0.693985 0.714761 0.005351 0.014679
0 0.413640 0.589705 0.004960 0.013260
0 0.388507 0.586513 0.005415 0.014885
0 0.310482 0.589667 0.005268 0.013599
0 0.322952 0.720506 0.008805 0.023326
0 0.335987 0.586492 0.005580 0.014905
0 0.915017 0.459135 0.004994 0.012856
0 0.942256 0.226327 0.008876 0.023739
0 0.885886 0.226453 0.008678 0.023246
0 0.829461 0.226428 0.009128 0.023377
1 0.794136 0.541173 0.008541 0.023622
1 0.400468 0.536810 0.008241 0.023121
1 0.419202 0.536830 0.008328 0.022784
1 0.322804 0.537229 0.008562 0.023388
1 0.303974 0.537140 0.008620 0.023594
1 0.794026 0.535123 0.008439 0.011545
3 0.396732 0.644791 0.017651 0.024594
3 0.423106 0.508584 0.018098 0.020741
3 0.396468 0.508763 0.017818 0.021060
3 0.326500 0.508645 0.018149 0.020966
3 0.319066 0.644749 0.017887 0.024602
3 0.300162 0.508652 0.017863 0.021009
3 0.726682 0.382588 0.018034 0.023836
3 0.774209 0.382556 0.018008 0.024047
3 0.862483 0.470151 0.017649 0.024970
3 0.609655 0.377293 0.018427 0.024782
3 0.492347 0.377244 0.018517 0.024970
3 0.350606 0.377277 0.018715 0.024728
3 0.233322 0.377347 0.018066 0.024748
5 0.912907 0.678247 0.006394 0.012864
6 0.320788 0.790588 0.003529 0.004699
6 0.324768 0.791079 0.004154 0.004506
6 0.320685 0.749470 0.003598 0.004497
6 0.324800 0.749617 0.004091 0.004791
6 0.323038 0.793772 0.003598 0.005190
6 0.902676 0.520114 0.008652 0.016945
6 0.413659 0.571891 0.005530 0.007384
6 0.322807 0.745849 0.003676 0.004973
6 0.310484 0.571915 0.005385 0.007620
6 0.778136 0.347291 0.010425 0.008786
6 0.730224 0.347918 0.009093 0.009413
6 0.475376 0.413163 0.005763 0.007005
11 0.745344 0.804293 0.015947 0.021473
15 0.889191 0.724159 0.017705 0.021428
15 0.500328 0.671805 0.014927 0.021200
21 0.859822 0.556254 0.009019 0.015973
21 0.388175 0.609245 0.008372 0.015366
21 0.335865 0.608859 0.008552 0.015472
22 0.312407 0.770125 0.017373 0.023693
22 0.333212 0.770566 0.017718 0.024186
22 0.860871 0.678577 0.017524 0.024477
33 0.565071 0.843112 0.018449 0.017971
33 0.549974 0.910322 0.012478 0.024822
33 0.673122 0.793133 0.012151 0.021160
33 0.391201 0.754533 0.017434 0.014622
33 0.391474 0.809642 0.016944 0.017632
33 0.389229 0.875295 0.013149 0.022605
33 0.292099 0.779719 0.011765 0.035836
33 0.724343 0.738823 0.012425 0.033263
33 0.721851 0.601374 0.012204 0.021094
33 0.643677 0.512630 0.011654 0.016820
33 0.643689 0.531243 0.011507 0.016654
33 0.464161 0.660100 0.012436 0.021573
33 0.514018 0.722944 0.012033 0.021328
33 0.334074 0.670844 0.020494 0.018393
33 0.914892 0.442049 0.012254 0.020165
33 0.862506 0.417834 0.031499 0.016951
33 0.661511 0.404097 0.009605 0.016150
33 0.636835 0.404196 0.009444 0.016121
33 0.728784 0.162856 0.015812 0.013035
33 0.728794 0.190520 0.015880 0.013534
33 0.732889 0.127566 0.010137 0.021334
33 0.728796 0.218370 0.015824 0.013520
33 0.738023 0.106633 0.009232 0.021382
33 0.692038 0.058710 0.009688 0.018789
33 0.641493 0.059967 0.009722 0.021553
33 0.363449 0.102848 0.021309 0.013705
33 0.363659 0.131721 0.020864 0.013799
33 0.489921 0.132347 0.016277 0.013420
33 0.489132 0.102908 0.014480 0.013568
33 0.211502 0.059213 0.009144 0.020234
33 0.115407 0.162823 0.014214 0.013078
33 0.113578 0.106767 0.009444 0.021479
33 0.118530 0.127481 0.010308 0.021225
33 0.119106 0.190707 0.021732 0.013827
33 0.119334 0.218458 0.021730 0.013616
33 0.159361 0.058779 0.009682 0.019068
34 0.954434 0.771624 0.038102 0.048652
34 0.884970 0.766811 0.008820 0.009171
34 0.820964 0.871193 0.041698 0.007754
34 0.735577 0.836599 0.009051 0.008832
34 0.744319 0.754796 0.016720 0.015150
34 0.715557 0.824404 0.022033 0.027162
34 0.629022 0.893140 0.065772 0.023528
34 0.640753 0.855355 0.021861 0.027672
34 0.673040 0.768465 0.022442 0.027572
34 0.570838 0.941265 0.013151 0.010043
34 0.593851 0.855329 0.021324 0.028202
34 0.549841 0.883773 0.022502 0.027415
34 0.615830 0.930348 0.021571 0.027581
34 0.630065 0.799933 0.009104 0.007526
34 0.545321 0.843634 0.021553 0.028378
34 0.419109 0.783192 0.020852 0.027638
34 0.439836 0.886748 0.022262 0.027803
34 0.385877 0.781412 0.021501 0.027800
34 0.364832 0.844848 0.022323 0.027204
34 0.453847 0.833900 0.065784 0.022625
34 0.359187 0.917039 0.014083 0.010282
34 0.522748 0.784612 0.022349 0.027663
34 0.517776 0.902952 0.022482 0.027814
34 0.389609 0.900727 0.022365 0.027535
34 0.371699 0.809912 0.021831 0.028116
34 0.282539 0.869386 0.022556 0.028017
34 0.306428 0.818458 0.021837 0.027746
34 0.970210 0.658103 0.028997 0.028398
34 0.913082 0.658867 0.022039 0.027515
34 0.926688 0.673113 0.008920 0.008125
34 0.909234 0.719974 0.009190 0.007672
34 0.938088 0.720741 0.031543 0.028589
34 0.943863 0.663406 0.021013 0.018227
34 0.938375 0.520640 0.056880 0.031311
34 0.789327 0.595351 0.048904 0.036087
34 0.860663 0.643337 0.028662 0.046720
34 0.744267 0.703891 0.022341 0.027595
34 0.831467 0.610895 0.022413 0.027273
34 0.738849 0.606193 0.015679 0.010402
34 0.720571 0.581321 0.029913 0.018481
34 0.744470 0.748968 0.022091 0.027563
34 0.718344 0.671657 0.013465 0.010553
34 0.810573 0.539617 0.022109 0.027840
34 0.837126 0.705051 0.022190 0.027361
34 0.728528 0.562555 0.013846 0.009430
34 0.690220 0.549521 0.022365 0.027871
34 0.630662 0.549206 0.021557 0.026996
34 0.679461 0.714486 0.021694 0.027797
34 0.545292 0.714604 0.022220 0.027304
34 0.667401 0.687164 0.013026 0.008948
34 0.577564 0.651443 0.022458 0.027937
34 0.660918 0.651012 0.029893 0.047404
34 0.660574 0.534885 0.021805 0.027387
34 0.540303 0.613934 0.007810 0.019017
34 0.517907 0.694357 0.009013 0.007495
34 0.519216 0.667193 0.008747 0.007398
34 0.500450 0.646104 0.022331 0.027472
34 0.498667 0.717284 0.021702 0.027341
34 0.396732 0.697960 0.005596 0.014209
34 0.376573 0.646322 0.021604 0.028826
34 0.375157 0.586680 0.020818 0.018393
34 0.464464 0.728430 0.009174 0.008304
34 0.428215 0.590224 0.022055 0.028518
34 0.443633 0.507418 0.021473 0.018495
34 0.434891 0.536416 0.021044 0.019114
34 0.384572 0.537298 0.021005 0.019037
34 0.388259 0.729632 0.022015 0.027712
34 0.375783 0.507217 0.022178 0.018082
34 0.464537 0.634433 0.022542 0.028108
34 0.353667 0.764128 0.028527 0.046973
34 0.279559 0.749781 0.021616 0.028236
34 0.306876 0.720869 0.021825 0.027404
34 0.279746 0.507023 0.022079 0.017700
34 0.296344 0.589231 0.021559 0.028333
34 0.288122 0.536909 0.021100 0.019062
34 0.346746 0.507243 0.021521 0.018145
34 0.299103 0.644792 0.021525 0.028056
34 0.319052 0.689765 0.005848 0.014286
34 0.378203 0.537136 0.008300 0.018837
34 0.349581 0.586104 0.021031 0.018484
34 0.338307 0.536111 0.021170 0.018720
34 0.882833 0.295447 0.004897 0.015044
34 0.938033 0.386824 0.005739 0.015472
34 0.899467 0.458270 0.021956 0.027620
34 0.914275 0.417961 0.022627 0.027618
34 0.829648 0.361478 0.040248 0.020465
34 0.774888 0.362713 0.005506 0.014842
34 0.862320 0.443857 0.024349 0.027498
34 0.727264 0.362797 0.005596 0.014885
34 0.861945 0.394778 0.022484 0.027914
34 0.826611 0.295194 0.005336 0.014964
34 0.752971 0.382096 0.022595 0.018971
34 0.755733 0.333641 0.045028 0.013494
34 0.554468 0.408172 0.011072 0.007920
34 0.609460 0.342080 0.005959 0.015514
34 0.587654 0.377622 0.022734 0.018669
34 0.635927 0.388321 0.020500 0.015281
34 0.695887 0.285571 0.005876 0.018296
34 0.574924 0.285530 0.006130 0.017945
34 0.595202 0.492972 0.028878 0.047951
34 0.694036 0.469903 0.015836 0.009689
34 0.673272 0.354769 0.053699 0.015700
34 0.644339 0.285503 0.006023 0.018045
34 0.629615 0.495296 0.021978 0.027110
34 0.660602 0.388386 0.020757 0.015437
34 0.409905 0.447754 0.046994 0.016808
34 0.524213 0.285651 0.005840 0.018074
34 0.492447 0.342046 0.006130 0.015292
34 0.469963 0.376641 0.022943 0.018806
34 0.416483 0.408242 0.010693 0.007763
34 0.267526 0.285563 0.006185 0.018051
34 0.312830 0.447533 0.047881 0.016543
34 0.233331 0.342152 0.006046 0.015537
34 0.318102 0.285412 0.005975 0.018735
34 0.350585 0.342135 0.006126 0.015600
34 0.295535 0.354829 0.056646 0.016338
34 0.198804 0.285138 0.006126 0.018518
34 0.211835 0.377415 0.021986 0.019031
34 0.328803 0.376689 0.022913 0.018866
34 0.203554 0.377217 0.005463 0.019216
34 0.176333 0.354786 0.054087 0.016914
34 0.147164 0.285219 0.005806 0.018487
34 0.903364 0.225631 0.024315 0.019447
34 0.958879 0.225977 0.022786 0.019404
34 0.733841 0.145563 0.021106 0.015007
34 0.748163 0.163418 0.020955 0.015489
34 0.747939 0.190794 0.020939 0.015660
34 0.747933 0.218139 0.020822 0.015611
34 0.847228 0.226250 0.024251 0.019213
34 0.739233 0.088150 0.021827 0.015406
34 0.672447 0.121630 0.034184 0.039578
34 0.554398 0.121737 0.034319 0.039450
34 0.641477 0.041372 0.021495 0.015301
34 0.692322 0.041401 0.021589 0.015323
34 0.470533 0.103518 0.021070 0.016087
34 0.385679 0.103046 0.021467 0.016033
34 0.470339 0.132850 0.021239 0.016358
34 0.385657 0.131741 0.021418 0.016050
34 0.295681 0.121720 0.034315 0.039701
34 0.211619 0.041352 0.020699 0.015227
34 0.117835 0.145554 0.020147 0.015144
34 0.097374 0.190832 0.019962 0.015663
34 0.159642 0.041344 0.020723 0.015335
34 0.112208 0.088162 0.020620 0.015332
34 0.097481 0.163793 0.020187 0.015714
34 0.098028 0.219772 0.020016 0.015862
35 0.922584 0.771455 0.022359 0.014930
35 0.968254 0.678545 0.021702 0.014132
35 0.885953 0.335121 0.009782 0.031639
35 0.829456 0.334923 0.009807 0.031630
35 0.530857 0.329272 0.005284 0.031864
35 0.648271 0.328316 0.010284 0.031775
35 0.578623 0.329659 0.010212 0.030986
35 0.699945 0.328357 0.010288 0.031983
35 0.419188 0.473169 0.010173 0.033086
35 0.528161 0.329423 0.010403 0.031197
35 0.151567 0.328250 0.010419 0.032100
35 0.304060 0.472392 0.009728 0.032485
35 0.202866 0.328341 0.010203 0.031861
35 0.323126 0.472239 0.009631 0.032211
35 0.322425 0.328782 0.010105 0.031225
35 0.271847 0.328889 0.010479 0.031074
