34 0.595673 0.718138 0.033473 0.009789
3 0.532581 0.234523 0.014436 0.019008
4 0.532798 0.549025 0.012977 0.019447
33 0.707616 0.534533 0.014909 0.012964
33 0.526779 0.498608 0.016350 0.014258
33 0.707785 0.274573 0.014643 0.013186
34 0.354074 0.856677 0.016569 0.014853
34 0.507683 0.498877 0.021519 0.016962
34 0.182914 0.635908 0.045401 0.017418
34 0.568063 0.440336 0.020240 0.017258
34 0.354121 0.396101 0.013398 0.008618
34 0.353785 0.339608 0.017482 0.014725
6 0.432345 0.651755 0.006628 0.008036
35 0.094907 0.244402 0.020983 0.013454
35 0.162388 0.191036 0.010131 0.031773
35 0.094904 0.123887 0.021058 0.013223
35 0.107109 0.076445 0.021495 0.013477
35 0.317566 0.035476 0.021180 0.014121
35 0.603364 0.073168 0.021873 0.013346
35 0.084505 0.390222 0.021166 0.013599
35 0.233602 0.294206 0.022099 0.013634
35 0.234137 0.255388 0.021960 0.012628
35 0.188867 0.369687 0.021722 0.013691
35 0.442122 0.483792 0.009341 0.030091
35 0.591986 0.453455 0.021471 0.013551
35 0.592138 0.294407 0.021585 0.013454
35 0.592705 0.255841 0.021664 0.013534
35 0.801356 0.464347 0.009500 0.030388
35 0.950422 0.442273 0.021743 0.013146
35 0.243785 0.628193 0.021402 0.013257
35 0.234170 0.514119 0.021958 0.013180
35 0.185035 0.652144 0.017935 0.013346
35 0.233715 0.553083 0.021986 0.013611
35 0.595290 0.728451 0.021817 0.012987
35 0.592120 0.553035 0.021489 0.013531
35 0.592627 0.514182 0.021640 0.013294
35 0.952884 0.691287 0.021876 0.013192
35 0.170295 0.894316 0.021553 0.012992
35 0.151668 0.805405 0.010052 0.031163
35 0.234081 0.810862 0.022836 0.013494
35 0.234153 0.772210 0.021815 0.013614
35 0.592109 0.811411 0.021600 0.013331
35 0.592628 0.772491 0.021477 0.013052
34 0.783080 0.849270 0.017224 0.012858
34 0.740882 0.825333 0.024960 0.026563
34 0.734929 0.856899 0.017643 0.014882
34 0.842935 0.874981 0.021305 0.017224
34 0.796110 0.794319 0.009666 0.009145
34 0.662601 0.848119 0.020504 0.015150
34 0.696957 0.832308 0.006718 0.014842
34 0.689058 0.849309 0.017935 0.014788
34 0.691326 0.791153 0.017123 0.012605
34 0.712171 0.857099 0.017617 0.014699
34 0.667066 0.801062 0.017432 0.012913
34 0.590941 0.796555 0.040568 0.017675
34 0.248565 0.135610 0.006376 0.014286
34 0.333943 0.227401 0.010627 0.009798
34 0.324502 0.174309 0.020894 0.016899
34 0.162179 0.211193 0.030860 0.009504
34 0.093183 0.227730 0.032844 0.019444
34 0.149179 0.156723 0.019136 0.016768
34 0.150087 0.113188 0.006668 0.014269
34 0.118554 0.118213 0.012107 0.009370
34 0.092877 0.109011 0.024742 0.017914
34 0.128109 0.222382 0.021448 0.016774
34 0.135412 0.102133 0.021537 0.017113
34 0.159034 0.136724 0.006634 0.014657
34 0.165957 0.097853 0.019110 0.016988
34 0.806814 0.853009 0.012468 0.009610
34 0.405101 0.219980 0.016342 0.012824
34 0.400141 0.050349 0.012502 0.009749
34 0.389742 0.143022 0.010242 0.009060
34 0.513898 0.234060 0.022010 0.017558
34 0.404924 0.234745 0.016634 0.011907
34 0.403842 0.136250 0.020705 0.016449
34 0.441096 0.237669 0.020637 0.017492
34 0.417455 0.248250 0.010183 0.009000
34 0.395557 0.181419 0.020369 0.016956
34 0.550333 0.066968 0.008402 0.009558
34 0.564431 0.179004 0.022319 0.017102
34 0.683497 0.169994 0.021841 0.017230
34 0.654101 0.221696 0.021364 0.017013
34 0.683563 0.198096 0.021448 0.017253
34 0.593427 0.240769 0.044323 0.018558
34 0.692288 0.227999 0.010334 0.009541
34 0.543064 0.159484 0.010419 0.009233
34 0.600810 0.062203 0.012031 0.008378
34 0.761954 0.136406 0.021692 0.016347
34 0.763730 0.235336 0.016440 0.012405
34 0.872167 0.233977 0.023310 0.017826
34 0.736371 0.197850 0.006037 0.016714
34 0.774277 0.248732 0.010552 0.009211
34 0.798546 0.237662 0.021845 0.017820
34 0.754330 0.178827 0.021461 0.017033
34 0.747579 0.143428 0.010294 0.008743
34 0.781395 0.096686 0.012315 0.010123
34 0.764127 0.220013 0.016106 0.012747
34 0.572721 0.061803 0.024144 0.017164
34 0.713069 0.154252 0.012577 0.009393
34 0.564971 0.118185 0.011924 0.009182
34 0.337214 0.383230 0.014863 0.009761
34 0.271977 0.288229 0.012101 0.009293
34 0.333969 0.486572 0.010846 0.009860
34 0.308915 0.539062 0.017411 0.003665
34 0.084398 0.374776 0.041962 0.018712
34 0.138540 0.440208 0.021130 0.017008
34 0.127252 0.368118 0.021624 0.016948
34 0.147781 0.403557 0.006734 0.014734
34 0.189109 0.354577 0.033548 0.017863
34 0.901933 0.133507 0.010151 0.008946
34 0.922626 0.154521 0.021307 0.017495
34 0.713091 0.208950 0.012331 0.008803
34 0.243692 0.355449 0.021553 0.017247
34 0.314431 0.312217 0.006283 0.014363
34 0.325603 0.431949 0.020340 0.017219
34 0.330813 0.331794 0.017242 0.014805
34 0.236357 0.498873 0.044003 0.019091
34 0.306611 0.331740 0.017500 0.015130
34 0.213119 0.357065 0.019619 0.016455
34 0.325746 0.400181 0.020727 0.015802
34 0.392385 0.483534 0.016463 0.011587
34 0.492955 0.468710 0.008824 0.008854
34 0.428381 0.299765 0.010207 0.009356
34 0.427142 0.436644 0.010220 0.009276
34 0.428087 0.261978 0.009531 0.008840
34 0.227238 0.380899 0.006535 0.014394
34 0.324941 0.453856 0.020461 0.017048
34 0.295765 0.480215 0.020228 0.017085
34 0.338470 0.314600 0.006525 0.014557
34 0.415593 0.371664 0.020232 0.017099
34 0.417396 0.251007 0.011110 0.003867
34 0.480681 0.405165 0.007252 0.014212
34 0.511898 0.456116 0.019911 0.016569
34 0.361848 0.436396 0.019426 0.016976
34 0.455421 0.457639 0.019464 0.016703
34 0.378192 0.455021 0.005715 0.015919
34 0.392189 0.458470 0.016227 0.012214
34 0.555753 0.474144 0.005334 0.016814
34 0.498310 0.353183 0.020161 0.017703
34 0.458582 0.430916 0.018582 0.015671
34 0.376579 0.339255 0.017284 0.014275
34 0.672883 0.312920 0.006309 0.014543
34 0.593876 0.438641 0.029948 0.016649
34 0.665659 0.263806 0.017603 0.013112
34 0.398211 0.435264 0.006285 0.017048
34 0.360989 0.355353 0.006571 0.014263
34 0.384111 0.355247 0.006702 0.014585
34 0.415874 0.489875 0.020073 0.016398
34 0.426793 0.344810 0.020165 0.017110
34 0.382400 0.308431 0.024180 0.027002
34 0.415517 0.469678 0.019813 0.016461
34 0.689098 0.332434 0.018014 0.014443
34 0.590878 0.279829 0.040149 0.017720
34 0.594844 0.499184 0.043672 0.018168
34 0.654078 0.480244 0.021360 0.017284
34 0.666201 0.285489 0.017349 0.012813
34 0.684338 0.409037 0.021988 0.016261
34 0.683719 0.434382 0.021563 0.016458
34 0.683577 0.457559 0.021315 0.017335
34 0.692236 0.486587 0.010572 0.009886
34 0.696953 0.315396 0.006823 0.014679
34 0.750110 0.484216 0.017113 0.011111
34 0.836506 0.393745 0.006658 0.013725
34 0.786530 0.416164 0.010308 0.009313
34 0.790129 0.298974 0.010161 0.008937
34 0.848671 0.432307 0.008628 0.008786
34 0.750111 0.460720 0.017002 0.012405
34 0.803489 0.486800 0.029734 0.015959
34 0.567127 0.384374 0.011680 0.008287
34 0.691424 0.274741 0.017147 0.012724
34 0.662582 0.331191 0.020518 0.015286
34 0.543666 0.438681 0.010383 0.009256
34 0.562962 0.474233 0.019978 0.017073
34 0.774520 0.442756 0.021195 0.017008
34 0.719443 0.435617 0.021066 0.016734
34 0.774523 0.383357 0.021164 0.017173
34 0.867425 0.419684 0.020685 0.016717
34 0.712977 0.400009 0.012450 0.008937
34 0.719320 0.356012 0.006807 0.014383
34 0.712700 0.340104 0.016851 0.014611
34 0.774340 0.251184 0.010667 0.004221
34 0.786473 0.342258 0.021257 0.017392
34 0.854364 0.346000 0.021037 0.017375
34 0.772559 0.481869 0.021320 0.016928
34 0.736310 0.456436 0.006025 0.016298
34 0.868587 0.478931 0.021102 0.017521
34 0.734925 0.339705 0.018018 0.014531
34 0.333916 0.744451 0.010717 0.009615
34 0.338459 0.573606 0.006640 0.014725
34 0.314494 0.571315 0.006459 0.014127
34 0.121698 0.719060 0.021906 0.017030
34 0.901287 0.427694 0.010125 0.009216
34 0.922497 0.464171 0.023338 0.016834
34 0.951784 0.427525 0.029825 0.017193
34 0.926349 0.429242 0.020449 0.016643
34 0.756649 0.406783 0.006545 0.017087
34 0.742372 0.355747 0.006311 0.014423
34 0.788874 0.260185 0.010036 0.008726
34 0.816669 0.409899 0.021610 0.016879
34 0.740962 0.308773 0.025159 0.026985
34 0.814531 0.437794 0.018985 0.016717
34 0.308607 0.543847 0.016658 0.013160
34 0.330801 0.590711 0.017250 0.014406
34 0.325846 0.661572 0.019565 0.015266
34 0.295750 0.738195 0.020280 0.016874
34 0.306729 0.590938 0.017250 0.015115
34 0.242200 0.613088 0.029932 0.016868
34 0.267843 0.615328 0.019474 0.016224
34 0.326244 0.693719 0.019406 0.016671
34 0.333945 0.787176 0.016537 0.005586
34 0.232470 0.538260 0.040596 0.017928
34 0.287942 0.509372 0.012375 0.008968
34 0.294461 0.615130 0.020272 0.016546
34 0.333811 0.533728 0.016616 0.012836
34 0.305960 0.645691 0.013217 0.008629
34 0.326969 0.713541 0.019418 0.016549
34 0.277055 0.547870 0.012438 0.008792
34 0.308560 0.523651 0.016732 0.012950
34 0.217580 0.629919 0.022436 0.016783
34 0.279010 0.642994 0.006473 0.014520
34 0.511652 0.709638 0.020270 0.016945
34 0.504321 0.645279 0.013340 0.009744
34 0.384133 0.614332 0.006658 0.014540
34 0.498106 0.613112 0.020479 0.017766
34 0.376508 0.598376 0.017399 0.014272
34 0.391191 0.718048 0.015761 0.012146
34 0.398052 0.666510 0.006652 0.017011
34 0.391844 0.741721 0.015522 0.011587
34 0.427295 0.518363 0.009742 0.008524
34 0.424660 0.607865 0.016761 0.013189
34 0.417510 0.506690 0.010121 0.008706
34 0.492877 0.722169 0.009001 0.009074
34 0.427761 0.558582 0.009466 0.008547
34 0.444205 0.506101 0.030820 0.015908
34 0.544093 0.722341 0.009081 0.009709
34 0.377509 0.740908 0.006622 0.018099
34 0.515320 0.548987 0.020226 0.017791
34 0.361015 0.614477 0.006479 0.014101
34 0.429398 0.706151 0.020201 0.016600
34 0.356465 0.658987 0.008626 0.008689
34 0.382386 0.567331 0.024100 0.026882
34 0.427864 0.536854 0.009660 0.008715
34 0.441040 0.748309 0.019845 0.017090
34 0.361671 0.697925 0.018942 0.016979
34 0.357347 0.598715 0.010399 0.014568
34 0.415375 0.636327 0.020226 0.016899
34 0.434373 0.673284 0.010451 0.009333
34 0.633598 0.546681 0.012010 0.009481
34 0.684287 0.667585 0.021011 0.016560
34 0.692077 0.534943 0.017240 0.012901
34 0.654079 0.738893 0.021285 0.017370
34 0.629433 0.767005 0.012154 0.009883
34 0.672871 0.571399 0.006289 0.014865
34 0.590874 0.538252 0.040455 0.017814
34 0.692266 0.745046 0.010443 0.009402
34 0.684254 0.692116 0.020469 0.016258
34 0.696947 0.573718 0.006529 0.014429
34 0.624468 0.673170 0.010290 0.009356
34 0.768831 0.688004 0.009140 0.008968
34 0.785986 0.558799 0.009752 0.008923
34 0.785440 0.535400 0.010038 0.009604
34 0.785729 0.777518 0.009726 0.008310
34 0.563338 0.716711 0.022728 0.016649
34 0.730146 0.598757 0.008685 0.014431
34 0.662619 0.589488 0.020391 0.015095
34 0.667054 0.525180 0.017492 0.012787
34 0.632790 0.508515 0.011692 0.009655
34 0.667018 0.545567 0.017379 0.012462
34 0.689119 0.590775 0.018020 0.014506
34 0.684233 0.713227 0.018781 0.017062
34 0.712639 0.598655 0.016688 0.014876
34 0.750723 0.717400 0.015270 0.012331
34 0.774192 0.642268 0.021027 0.017327
34 0.742399 0.614350 0.006289 0.014639
34 0.854052 0.612428 0.021493 0.017401
34 0.734785 0.598739 0.018177 0.014394
34 0.750531 0.741398 0.015147 0.012172
34 0.872589 0.532478 0.021450 0.017506
34 0.784159 0.609138 0.017593 0.013534
34 0.798425 0.754534 0.020697 0.016797
34 0.789029 0.706043 0.021459 0.016794
34 0.736371 0.713249 0.006094 0.017543
34 0.774221 0.507217 0.010445 0.009008
34 0.785829 0.518586 0.009639 0.008777
34 0.848626 0.734154 0.008747 0.009065
34 0.256223 0.866167 0.020201 0.017139
34 0.338450 0.831522 0.006533 0.014642
34 0.232653 0.796067 0.040475 0.017994
34 0.151272 0.842033 0.054112 0.043685
34 0.169999 0.880184 0.039075 0.017387
34 0.921549 0.679627 0.021591 0.016603
34 0.950946 0.680194 0.033785 0.010379
34 0.902427 0.685170 0.009214 0.009570
34 0.756248 0.670056 0.006920 0.017273
34 0.719315 0.614444 0.006777 0.014161
34 0.712934 0.659407 0.012286 0.008515
34 0.868352 0.721402 0.021229 0.017076
34 0.720243 0.694367 0.020401 0.017125
34 0.740856 0.567418 0.024911 0.026760
34 0.417459 0.758589 0.010244 0.008629
34 0.427416 0.818766 0.009643 0.008401
34 0.314445 0.829440 0.006291 0.014349
34 0.271798 0.766634 0.012029 0.009541
34 0.306604 0.848906 0.017643 0.014944
34 0.271669 0.805164 0.012012 0.009421
34 0.239941 0.879773 0.006287 0.012901
34 0.211901 0.870388 0.020578 0.016763
34 0.232452 0.757553 0.043316 0.017358
34 0.333752 0.790814 0.016525 0.012610
34 0.330801 0.848510 0.017238 0.014523
34 0.308611 0.780087 0.016747 0.012924
34 0.307850 0.802180 0.016428 0.012539
34 0.666175 0.780100 0.017573 0.013103
34 0.634547 0.805341 0.011878 0.009781
34 0.590952 0.758041 0.043072 0.016629
34 0.672826 0.830051 0.006358 0.014722
34 0.430862 0.888125 0.010246 0.009450
34 0.376646 0.856170 0.016704 0.014557
34 0.440804 0.752119 0.016277 0.009213
34 0.427238 0.770369 0.009919 0.009367
34 0.485770 0.875023 0.020254 0.016714
34 0.382470 0.825208 0.023977 0.026757
34 0.423500 0.849688 0.016267 0.012901
34 0.459009 0.853591 0.012039 0.009131
34 0.427877 0.794910 0.009891 0.009154
34 0.377885 0.200751 0.006342 0.016384
34 0.333745 0.272864 0.016483 0.012881
34 0.230005 0.044637 0.021364 0.016780
34 0.308624 0.262975 0.016640 0.012619
34 0.265888 0.150218 0.021414 0.017107
34 0.271488 0.249516 0.012093 0.009604
34 0.308613 0.283662 0.016706 0.012807
34 0.354629 0.210730 0.012429 0.008914
34 0.353233 0.118112 0.011942 0.009550
34 0.232341 0.279530 0.045310 0.017771
34 0.232499 0.240134 0.048801 0.018740
34 0.349723 0.036630 0.040618 0.019023
34 0.208257 0.029386 0.009960 0.008963
34 0.354548 0.154262 0.012726 0.009527
34 0.325546 0.197649 0.020338 0.017213
34 0.295695 0.221369 0.020254 0.017301
34 0.774246 0.765741 0.010308 0.008889
34 0.785844 0.818869 0.010081 0.008675
34 0.105578 0.061446 0.039186 0.018099
33 0.389638 0.220269 0.013270 0.012747
33 0.389675 0.235693 0.013145 0.012388
33 0.747993 0.235700 0.013129 0.012266
33 0.748029 0.220249 0.013491 0.012781
33 0.321352 0.283551 0.008928 0.012243
33 0.321770 0.262690 0.009607 0.012203
33 0.349577 0.272787 0.014992 0.012454
33 0.389741 0.494953 0.013237 0.012015
33 0.389545 0.471312 0.013259 0.012126
33 0.409361 0.344075 0.013699 0.013548
33 0.680520 0.263561 0.010600 0.012747
33 0.679785 0.285744 0.009067 0.012519
33 0.748144 0.495162 0.012903 0.012058
33 0.748115 0.472834 0.012895 0.011790
33 0.767842 0.341855 0.013658 0.013428
33 0.887001 0.479882 0.012762 0.013226
33 0.321394 0.543863 0.008932 0.012445
33 0.321443 0.523260 0.009172 0.012590
33 0.349648 0.533695 0.014897 0.012650
33 0.409311 0.608119 0.013521 0.012950
33 0.389753 0.729979 0.013104 0.012092
33 0.704695 0.787122 0.008922 0.005694
33 0.680012 0.524853 0.009025 0.012192
33 0.679809 0.545601 0.008948 0.012206
33 0.767785 0.608975 0.013660 0.013249
33 0.708695 0.786929 0.008848 0.006056
33 0.747998 0.729450 0.013457 0.011707
33 0.349578 0.790695 0.015050 0.012687
33 0.321859 0.779763 0.009843 0.012568
33 0.320763 0.802011 0.009291 0.012012
33 0.389739 0.753487 0.013608 0.012246
33 0.408693 0.850067 0.012579 0.012628
33 0.680688 0.780098 0.010876 0.012873
33 0.679836 0.800972 0.008918 0.012454
33 0.748048 0.753502 0.013554 0.012397
33 0.709743 0.790704 0.010945 0.013702
33 0.767921 0.850019 0.013525 0.012588
21 0.198966 0.047374 0.008564 0.015950
21 0.252404 0.168928 0.008137 0.016250
21 0.182149 0.097834 0.007933 0.014221
21 0.416101 0.162048 0.008846 0.015449
21 0.550185 0.197404 0.008767 0.015372
21 0.772670 0.162078 0.008870 0.015663
21 0.908468 0.173206 0.008060 0.015486
21 0.342177 0.369225 0.008527 0.015457
21 0.318157 0.372874 0.008421 0.015586
21 0.241825 0.337458 0.008614 0.014602
21 0.387691 0.373321 0.008207 0.015363
21 0.471171 0.456110 0.008467 0.015058
21 0.364945 0.373227 0.008423 0.015426
21 0.526718 0.455889 0.008614 0.015147
21 0.676588 0.373414 0.008141 0.015150
21 0.550177 0.493712 0.009166 0.015968
21 0.700665 0.369758 0.008368 0.015474
21 0.746102 0.373605 0.008739 0.015423
21 0.723157 0.373584 0.008642 0.015204
21 0.828141 0.435554 0.008195 0.015053
21 0.908888 0.483160 0.007985 0.011924
21 0.883412 0.421817 0.006146 0.018515
21 0.135597 0.740550 0.008515 0.015674
21 0.342103 0.628111 0.008638 0.015628
21 0.318189 0.631926 0.008537 0.015708
21 0.293505 0.597733 0.008038 0.014953
21 0.416582 0.727642 0.009047 0.016537
21 0.364998 0.632164 0.008493 0.015415
21 0.526563 0.709357 0.008469 0.015284
21 0.387687 0.632234 0.008610 0.015406
21 0.700643 0.628021 0.008453 0.015506
21 0.676542 0.631812 0.008544 0.015543
21 0.746206 0.632186 0.008713 0.015338
21 0.723260 0.632231 0.008697 0.015281
21 0.774994 0.727531 0.009255 0.016463
21 0.883632 0.720626 0.006587 0.015688
21 0.342091 0.883629 0.008529 0.015392
21 0.317976 0.886324 0.007657 0.016928
21 0.387766 0.884201 0.008380 0.015674
21 0.364838 0.884188 0.008229 0.015512
21 0.700638 0.884278 0.008221 0.015685
21 0.676629 0.887987 0.008052 0.015147
21 0.746269 0.884292 0.007421 0.016928
21 0.723196 0.884353 0.008930 0.015620
6 0.171765 0.123971 0.006217 0.007635
6 0.181789 0.093616 0.003735 0.004828
6 0.198881 0.042915 0.004454 0.004725
6 0.309221 0.203327 0.005147 0.006392
6 0.375472 0.215598 0.007154 0.006820
6 0.432302 0.124749 0.006223 0.013203
6 0.428195 0.220190 0.004754 0.005970
6 0.364482 0.159262 0.006378 0.006828
6 0.369612 0.159139 0.006638 0.006099
6 0.375086 0.159017 0.007069 0.005854
6 0.364611 0.215727 0.006120 0.006341
6 0.369655 0.215604 0.006380 0.006096
6 0.667680 0.203816 0.004486 0.005899
6 0.732651 0.213689 0.003610 0.005822
6 0.732720 0.159260 0.003465 0.005435
6 0.723214 0.213739 0.005900 0.007187
6 0.733856 0.159406 0.005782 0.006899
6 0.728478 0.159718 0.006420 0.006783
6 0.785297 0.220199 0.005014 0.006025
6 0.728736 0.213591 0.005751 0.007073
6 0.723081 0.159561 0.005856 0.006800
6 0.733949 0.213427 0.005683 0.007304
6 0.241929 0.332692 0.003753 0.005104
6 0.309235 0.462023 0.005207 0.006509
6 0.370336 0.466230 0.005753 0.006743
6 0.428165 0.471049 0.004609 0.005631
6 0.431927 0.389866 0.006859 0.008926
6 0.364806 0.466243 0.004990 0.006489
6 0.364551 0.400372 0.006551 0.006341
6 0.375284 0.465862 0.006467 0.006099
6 0.526388 0.451704 0.004226 0.005284
6 0.369854 0.400251 0.006638 0.006099
6 0.375371 0.400494 0.006293 0.006586
6 0.667641 0.462048 0.004601 0.006181
6 0.722985 0.405509 0.005588 0.006218
6 0.733677 0.404877 0.005812 0.005588
6 0.722613 0.468857 0.005886 0.006851
6 0.727903 0.468963 0.005439 0.007484
6 0.733417 0.468857 0.005588 0.007905
6 0.785226 0.463961 0.006334 0.008088
6 0.728226 0.405040 0.006755 0.006597
6 0.882295 0.415158 0.003759 0.005067
6 0.309241 0.720241 0.005064 0.006483
6 0.293372 0.593092 0.003965 0.005489
6 0.428186 0.730705 0.004809 0.005959
6 0.526320 0.704873 0.004396 0.005244
6 0.375585 0.725353 0.006783 0.008609
6 0.369950 0.725707 0.006483 0.007618
6 0.375586 0.663974 0.006583 0.008324
6 0.370050 0.664115 0.006882 0.009456
6 0.364464 0.663762 0.007482 0.008185
6 0.364861 0.725493 0.006519 0.006928
6 0.667650 0.720636 0.004656 0.006304
6 0.732784 0.664239 0.003348 0.005383
6 0.728402 0.664202 0.005947 0.005611
6 0.733617 0.664263 0.006207 0.005973
6 0.728229 0.724875 0.006120 0.005486
6 0.733618 0.724936 0.005862 0.006828
6 0.722967 0.725130 0.006382 0.006788
6 0.722999 0.664654 0.005510 0.006378
6 0.785231 0.736815 0.005054 0.006352
6 0.882363 0.716797 0.004049 0.005802
6 0.243647 0.852296 0.004373 0.005891
4 0.342938 0.197565 0.014446 0.020499
4 0.701426 0.198240 0.014299 0.019843
4 0.342719 0.453766 0.014228 0.020180
4 0.398742 0.371205 0.013552 0.019795
4 0.701205 0.457331 0.014343 0.020088
4 0.756807 0.383450 0.014255 0.019524
4 0.343340 0.713197 0.013912 0.019732
4 0.398736 0.635366 0.013834 0.019498
4 0.701425 0.713188 0.014104 0.019701
4 0.756790 0.641687 0.014152 0.019612
4 0.890759 0.531901 0.014694 0.020011
3 0.135487 0.119752 0.013999 0.018683
3 0.128058 0.240093 0.014218 0.019427
3 0.343048 0.169964 0.014855 0.019530
3 0.378724 0.180023 0.014527 0.019248
3 0.701644 0.170909 0.014722 0.019208
3 0.737245 0.177957 0.014631 0.019054
3 0.891043 0.234568 0.014793 0.019151
3 0.127098 0.385764 0.014079 0.018937
3 0.343067 0.430688 0.014728 0.018624
3 0.379060 0.436505 0.014809 0.018475
3 0.701596 0.433428 0.014261 0.019054
3 0.737623 0.435785 0.015036 0.019117
3 0.217508 0.647710 0.013860 0.019114
3 0.343810 0.693492 0.014583 0.019638
3 0.379251 0.699701 0.015342 0.019470
3 0.701634 0.692277 0.014654 0.019094
3 0.738033 0.695110 0.015167 0.018980
3 0.211855 0.889630 0.013969 0.019744
0 0.153475 0.098209 0.004718 0.011556
0 0.162705 0.156791 0.007095 0.016842
0 0.216749 0.046017 0.004819 0.011596
0 0.251996 0.150145 0.004613 0.011262
0 0.309227 0.221082 0.005195 0.011698
0 0.403611 0.148106 0.007875 0.006700
0 0.428109 0.238152 0.004756 0.011773
0 0.573202 0.072961 0.008237 0.006503
0 0.550275 0.179138 0.004660 0.011596
0 0.667515 0.221593 0.004764 0.011337
0 0.762118 0.148189 0.008257 0.006711
0 0.785168 0.238071 0.004893 0.011690
0 0.908534 0.154471 0.004760 0.011456
0 0.151636 0.440131 0.004597 0.011576
0 0.309261 0.480095 0.005117 0.011904
0 0.213206 0.369873 0.012278 0.009510
0 0.326114 0.411509 0.008187 0.006660
0 0.230710 0.354843 0.004946 0.011624
0 0.342064 0.331664 0.004784 0.011553
0 0.318186 0.331629 0.004885 0.011704
0 0.401910 0.469121 0.006700 0.018282
0 0.364947 0.339427 0.004929 0.011941
0 0.428225 0.489065 0.004807 0.011565
0 0.499486 0.456104 0.004694 0.011861
0 0.442180 0.457870 0.006402 0.017096
0 0.387681 0.339410 0.004867 0.012174
0 0.484761 0.352848 0.006666 0.016555
0 0.458449 0.441966 0.008296 0.006053
0 0.550267 0.474459 0.004748 0.011778
0 0.700583 0.332378 0.004942 0.011493
0 0.676451 0.332439 0.005002 0.011770
0 0.667510 0.480100 0.004782 0.011889
0 0.684487 0.420363 0.008266 0.006797
0 0.567852 0.453431 0.012025 0.009484
0 0.817149 0.421713 0.008332 0.006503
0 0.855018 0.419607 0.004255 0.011262
0 0.840267 0.345859 0.006336 0.016250
0 0.723120 0.339997 0.004762 0.011462
0 0.760227 0.443339 0.006928 0.017210
0 0.785231 0.482183 0.004921 0.011855
0 0.801465 0.437947 0.006817 0.017028
0 0.746162 0.339952 0.004617 0.011553
0 0.926193 0.441996 0.012151 0.009823
0 0.908513 0.463987 0.004730 0.011280
0 0.135595 0.718807 0.004631 0.011414
0 0.326133 0.672704 0.008157 0.006281
0 0.267920 0.628078 0.012343 0.009578
0 0.318119 0.590764 0.004776 0.011941
0 0.309260 0.737743 0.005159 0.011924
0 0.282178 0.614708 0.004456 0.011177
0 0.342052 0.590805 0.004825 0.012097
0 0.428150 0.748470 0.004797 0.011946
0 0.499277 0.709478 0.004863 0.011604
0 0.364899 0.598314 0.004932 0.011773
0 0.484411 0.612700 0.006610 0.016845
0 0.416786 0.705975 0.004793 0.011003
0 0.387718 0.598344 0.004835 0.012060
0 0.684430 0.678903 0.008316 0.006811
0 0.676478 0.590865 0.005034 0.012263
0 0.700616 0.590845 0.004960 0.012251
0 0.667494 0.738548 0.004698 0.011431
0 0.563702 0.728292 0.008060 0.006911
0 0.840278 0.612713 0.006354 0.016711
0 0.855040 0.721225 0.004428 0.011684
0 0.775120 0.705911 0.004647 0.011023
0 0.746157 0.598390 0.004660 0.011775
0 0.723155 0.598401 0.004597 0.011701
0 0.922100 0.691587 0.008185 0.006788
0 0.318131 0.848651 0.004690 0.011168
0 0.342057 0.848676 0.004786 0.011277
0 0.243786 0.866205 0.004708 0.011858
0 0.387697 0.856469 0.004786 0.011297
0 0.470763 0.874759 0.006954 0.016928
0 0.364879 0.856394 0.004944 0.011294
0 0.676469 0.849121 0.004895 0.011402
0 0.700640 0.849109 0.004925 0.011282
0 0.746145 0.856935 0.004764 0.011698
0 0.829166 0.874828 0.007244 0.017236
0 0.785193 0.754769 0.004948 0.011824
0 0.723159 0.856941 0.004690 0.011613
