35 0.544844 0.396777 0.015465 0.008914
35 0.615156 0.407817 0.015179 0.008304
35 0.613509 0.473658 0.015036 0.009521
35 0.544558 0.496446 0.014893 0.008510
35 0.675301 0.519744 0.015751 0.010128
35 0.391841 0.364706 0.015306 0.009726
35 0.381859 0.302106 0.016193 0.010043
35 0.359955 0.330190 0.015639 0.009099
35 0.359568 0.349487 0.014639 0.009416
35 0.491213 0.496810 0.015749 0.010980
35 0.491435 0.396084 0.014861 0.011610
35 0.471804 0.347605 0.006654 0.021964
35 0.207825 0.377895 0.006311 0.021251
35 0.241705 0.403555 0.014942 0.008364
35 0.220499 0.475164 0.015022 0.008931
35 0.200562 0.447018 0.017498 0.010963
35 0.078413 0.402991 0.006845 0.020881
35 0.926618 0.171091 0.007381 0.020427
35 0.608636 0.117766 0.006632 0.020883
35 0.437156 0.117478 0.007019 0.021676
0 0.811384 0.599447 0.004923 0.011821
0 0.724819 0.626630 0.003223 0.008849
0 0.701871 0.564393 0.005907 0.005520
0 0.703673 0.519496 0.006118 0.005278
0 0.584002 0.683256 0.007621 0.006244
0 0.583868 0.671245 0.007087 0.007187
0 0.538138 0.631711 0.004414 0.012485
0 0.583868 0.615349 0.007623 0.007375
0 0.596982 0.549195 0.003880 0.009077
0 0.612650 0.571677 0.003729 0.008444
0 0.497054 0.632013 0.004680 0.012861
0 0.452193 0.671831 0.006686 0.006620
0 0.452327 0.683559 0.006954 0.006241
0 0.441365 0.549470 0.003282 0.008128
0 0.428569 0.572374 0.003805 0.008760
0 0.452260 0.615463 0.007889 0.006999
0 0.320836 0.626472 0.003727 0.009376
0 0.195370 0.560128 0.003596 0.008760
0 0.243229 0.678995 0.004641 0.014885
0 0.291034 0.592982 0.003713 0.010068
0 0.335554 0.519054 0.006475 0.004885
0 0.243229 0.599877 0.006189 0.013349
0 0.263187 0.695409 0.004952 0.012693
0 0.291112 0.579960 0.003558 0.009410
0 0.336753 0.561904 0.006962 0.004377
0 0.261331 0.615416 0.005570 0.012474
0 0.083320 0.517964 0.003880 0.008233
0 0.083208 0.504561 0.003954 0.009077
0 0.083283 0.552320 0.004104 0.009604
0 0.083394 0.565829 0.003731 0.009396
0 0.151201 0.695343 0.005262 0.012693
0 0.171312 0.678930 0.005570 0.012696
0 0.171545 0.599374 0.004795 0.012913
0 0.151510 0.615898 0.005570 0.011379
0 0.132481 0.593246 0.002786 0.008971
0 0.119795 0.593136 0.003405 0.009191
0 0.119563 0.579786 0.003558 0.008755
0 0.904014 0.258233 0.004587 0.011496
0 0.910878 0.462417 0.005113 0.010294
0 0.791740 0.258072 0.005147 0.012246
0 0.794748 0.476691 0.006962 0.006127
0 0.791344 0.402280 0.006342 0.006127
0 0.847736 0.357193 0.005568 0.015321
0 0.635726 0.473914 0.007012 0.005172
0 0.596683 0.354108 0.004160 0.008336
0 0.612076 0.376151 0.004144 0.008547
0 0.584021 0.332921 0.007425 0.007085
0 0.583761 0.320648 0.008114 0.006962
34 0.281780 0.159541 0.015079 0.027113
34 0.763308 0.100036 0.016144 0.013123
34 0.883363 0.139755 0.012456 0.009262
34 0.073632 0.325960 0.015254 0.028273
34 0.360290 0.321897 0.024529 0.007344
34 0.384550 0.387987 0.020913 0.027846
34 0.429926 0.327180 0.014772 0.026632
34 0.359414 0.342454 0.023985 0.007221
34 0.549831 0.288136 0.015508 0.026805
34 0.073984 0.511644 0.016324 0.026925
34 0.890380 0.428953 0.034748 0.013140
34 0.073677 0.559456 0.015538 0.029279
34 0.109539 0.586761 0.017143 0.028643
34 0.300332 0.585979 0.015890 0.027415
34 0.486781 0.638542 0.015842 0.027447
34 0.548368 0.638736 0.015741 0.028028
34 0.358628 0.725255 0.032244 0.013331
34 0.358029 0.554347 0.023954 0.008256
34 0.531479 0.608235 0.016624 0.013631
34 0.883444 0.656443 0.012214 0.008897
34 0.948980 0.586703 0.014104 0.026423
34 0.073692 0.274615 0.015518 0.027914
33 0.803847 0.104166 0.007411 0.013634
33 0.793267 0.104500 0.007274 0.012932
30 0.754946 0.387646 0.012510 0.016443
30 0.351869 0.502638 0.012079 0.016788
30 0.690265 0.502797 0.011807 0.018817
30 0.735747 0.502522 0.012425 0.018780
0 0.539736 0.281814 0.004488 0.013311
0 0.637629 0.406576 0.006491 0.004751
0 0.689318 0.330001 0.006267 0.004751
0 0.689467 0.348789 0.006565 0.004537
0 0.495353 0.281640 0.005000 0.012559
0 0.401559 0.474498 0.007051 0.006375
0 0.384744 0.403709 0.006934 0.005070
0 0.452235 0.332512 0.006473 0.006540
0 0.452350 0.320168 0.007166 0.006378
0 0.441777 0.354255 0.002889 0.009484
0 0.427447 0.376325 0.003813 0.009156
0 0.263265 0.258196 0.004833 0.013434
0 0.207541 0.358700 0.005610 0.014409
0 0.264078 0.403814 0.006195 0.005794
0 0.242754 0.475030 0.007490 0.005512
0 0.337322 0.329607 0.006791 0.004520
0 0.337571 0.349459 0.006293 0.004947
0 0.151449 0.258123 0.005610 0.012211
0 0.098376 0.476288 0.007087 0.006227
0 0.078151 0.384359 0.003626 0.008792
0 0.083416 0.332213 0.003797 0.009037
0 0.083200 0.318963 0.003539 0.008669
0 0.083459 0.280738 0.003884 0.008914
0 0.083373 0.267610 0.003539 0.008792
0 0.883440 0.241956 0.004398 0.012764
0 0.903456 0.178511 0.004398 0.011584
34 0.847030 0.306895 0.033362 0.014161
35 0.357528 0.518284 0.015056 0.009154
34 0.111408 0.148363 0.014251 0.027355
0 0.883365 0.162209 0.004398 0.012015
0 0.938743 0.153608 0.003114 0.008333
0 0.938686 0.142633 0.003455 0.008492
0 0.926594 0.151686 0.003173 0.008814
0 0.748336 0.142740 0.002901 0.008393
0 0.748723 0.153595 0.003546 0.008757
0 0.791476 0.178910 0.004708 0.012496
0 0.811530 0.162125 0.004321 0.012314
0 0.859440 0.122535 0.003022 0.007692
0 0.798268 0.088854 0.003433 0.010345
0 0.811608 0.242116 0.004770 0.011584
0 0.608874 0.098062 0.003537 0.009279
0 0.692162 0.202539 0.003207 0.008549
0 0.437150 0.099172 0.004349 0.009960
25 0.367718 0.440178 0.072421 0.062744
25 0.518027 0.440016 0.120836 0.061815
35 0.423117 0.474828 0.014668 0.008430
35 0.406465 0.404238 0.015278 0.008213
34 0.253453 0.224112 0.007180 0.005403
34 0.457189 0.588059 0.004277 0.013616
33 0.592707 0.684021 0.011612 0.010162
33 0.592478 0.671486 0.011459 0.011453
34 0.556420 0.649225 0.003820 0.011023
33 0.593853 0.615195 0.010236 0.011650
33 0.764205 0.087722 0.006569 0.011476
34 0.744648 0.357358 0.020627 0.015560
34 0.735620 0.369199 0.007929 0.004343
35 0.918973 0.608220 0.006539 0.021508
34 0.893120 0.579282 0.007502 0.004343
0 0.906445 0.836493 0.005042 0.010923
0 0.847465 0.796441 0.005349 0.013998
0 0.670640 0.857924 0.004249 0.010502
0 0.343619 0.858816 0.005385 0.012012
0 0.207752 0.795382 0.007043 0.014064
0 0.144457 0.836549 0.006420 0.012015
0 0.903559 0.695010 0.004563 0.010299
0 0.883381 0.679124 0.004913 0.013032
0 0.939570 0.591944 0.003245 0.009433
0 0.939482 0.580835 0.003948 0.009307
0 0.918954 0.589275 0.003771 0.008809
0 0.901453 0.615832 0.004563 0.012781
0 0.883689 0.599080 0.005000 0.012533
0 0.791515 0.695714 0.004476 0.013195
0 0.748001 0.581064 0.003805 0.009122
0 0.747872 0.591874 0.003419 0.008849
0 0.811250 0.678827 0.005147 0.012770
0 0.859216 0.560311 0.003207 0.008760
0 0.791538 0.615805 0.004925 0.012243
0 0.261021 0.185403 0.005693 0.013423
0 0.243167 0.162334 0.004770 0.012773
0 0.342633 0.192236 0.003546 0.009396
0 0.291508 0.164104 0.003846 0.008829
0 0.291591 0.152828 0.003900 0.009145
0 0.195418 0.121679 0.003209 0.008549
0 0.243476 0.087878 0.002774 0.007937
0 0.243443 0.241567 0.005294 0.013565
0 0.119821 0.153458 0.003223 0.007937
0 0.171277 0.162494 0.004774 0.012032
0 0.153669 0.182495 0.004776 0.012348
0 0.135167 0.156584 0.003731 0.008444
0 0.171407 0.242135 0.004966 0.011770
0 0.119853 0.142694 0.002772 0.008119
1 0.538286 0.645351 0.005612 0.012457
1 0.497040 0.645915 0.004321 0.011858
1 0.539962 0.295942 0.004932 0.012243
1 0.495574 0.295211 0.004230 0.011602
3 0.922612 0.435782 0.013660 0.019299
3 0.154178 0.443974 0.010125 0.012952
3 0.147213 0.428695 0.007931 0.012499
4 0.160392 0.429605 0.009253 0.012246
5 0.724667 0.608891 0.008076 0.009376
5 0.551131 0.655503 0.004793 0.010596
5 0.484127 0.655975 0.004575 0.009892
5 0.320836 0.608307 0.008699 0.011718
5 0.551077 0.305953 0.006203 0.009889
5 0.484564 0.305735 0.005296 0.008866
5 0.692750 0.184141 0.007663 0.010841
5 0.343618 0.173591 0.008699 0.007911
6 0.859298 0.553577 0.003133 0.003693
6 0.558782 0.664494 0.004253 0.006121
6 0.596711 0.540767 0.003108 0.004275
6 0.559047 0.591716 0.004057 0.005620
6 0.548006 0.613438 0.004295 0.005651
6 0.476780 0.664171 0.003539 0.005007
6 0.477083 0.591753 0.003280 0.005249
6 0.441378 0.540437 0.003453 0.004887
6 0.487399 0.613673 0.002849 0.004639
6 0.336012 0.502649 0.002685 0.003377
6 0.313182 0.502385 0.002387 0.003272
6 0.195621 0.553404 0.003455 0.003941
6 0.723024 0.502221 0.003058 0.004010
6 0.722091 0.372676 0.002901 0.004195
6 0.700225 0.502417 0.002395 0.003163
6 0.596969 0.345268 0.004144 0.005372
6 0.560405 0.313966 0.003936 0.003810
6 0.550435 0.263495 0.003634 0.004397
6 0.699837 0.372722 0.003288 0.004742
6 0.441853 0.345279 0.003884 0.005252
6 0.485720 0.263676 0.003729 0.004115
6 0.313041 0.367799 0.002935 0.004762
6 0.342301 0.367921 0.003272 0.005497
6 0.859336 0.116221 0.002504 0.004030
6 0.560663 0.241643 0.003582 0.006124
6 0.553465 0.081659 0.005085 0.006669
6 0.475415 0.241361 0.003674 0.005651
6 0.493879 0.081265 0.003882 0.005101
6 0.196021 0.113156 0.004585 0.003417
8 0.751385 0.523485 0.009321 0.014357
8 0.625128 0.557619 0.010357 0.012890
8 0.412298 0.557619 0.008906 0.012890
8 0.284181 0.523927 0.009410 0.012824
8 0.709134 0.320997 0.009319 0.013183
8 0.414595 0.362626 0.011326 0.015204
8 0.322531 0.321820 0.009849 0.012457
9 0.722803 0.523777 0.009321 0.013186
9 0.312497 0.523805 0.009237 0.011844
9 0.708823 0.338870 0.008286 0.014942
9 0.625024 0.361723 0.008904 0.015529
9 0.322230 0.340993 0.009936 0.012457
9 0.130994 0.443762 0.008491 0.014944
13 0.531799 0.621409 0.010818 0.012559
13 0.504306 0.621462 0.010892 0.011821
13 0.533482 0.271774 0.010558 0.015529
13 0.502820 0.271398 0.010701 0.011197
21 0.939439 0.601736 0.003656 0.007461
21 0.748381 0.601569 0.006215 0.007618
21 0.612738 0.581633 0.007691 0.009610
21 0.429193 0.582154 0.005187 0.005740
21 0.290597 0.602008 0.005800 0.008495
21 0.083053 0.528274 0.006388 0.007692
21 0.083270 0.576146 0.006475 0.008672
21 0.119914 0.603012 0.005526 0.007204
21 0.611879 0.386917 0.005594 0.007204
21 0.427554 0.386965 0.004553 0.007176
21 0.083152 0.290234 0.006005 0.007324
21 0.083359 0.341800 0.006005 0.007908
21 0.938620 0.163032 0.005657 0.006435
21 0.748278 0.163337 0.006007 0.009667
21 0.292047 0.174178 0.005798 0.009667
21 0.120329 0.163777 0.005385 0.007618
23 0.575421 0.396882 0.011185 0.016113
23 0.575731 0.497526 0.012220 0.015822
23 0.459892 0.396384 0.011287 0.016107
23 0.460244 0.496110 0.011096 0.014061
25 0.754356 0.440355 0.073145 0.064260
25 0.668213 0.440231 0.071745 0.063408
25 0.280320 0.440641 0.071201 0.064326
30 0.772614 0.526562 0.010772 0.018168
30 0.264811 0.526268 0.012220 0.018168
30 0.298881 0.504736 0.012012 0.013178
30 0.744652 0.372271 0.012012 0.017874
30 0.753870 0.491225 0.013876 0.017287
30 0.688608 0.373150 0.011390 0.017871
30 0.668000 0.388824 0.012840 0.016406
30 0.668000 0.490787 0.013255 0.018752
30 0.367675 0.382816 0.013868 0.018313
30 0.368247 0.490634 0.012494 0.018800
30 0.352110 0.368169 0.012012 0.019632
30 0.280570 0.490993 0.013521 0.016840
30 0.292150 0.367877 0.012633 0.019630
30 0.280758 0.383259 0.013463 0.017581
30 0.710811 0.167763 0.012065 0.015714
30 0.324017 0.156895 0.012200 0.018829
33 0.898182 0.820465 0.007685 0.012231
33 0.914539 0.821606 0.007651 0.012531
33 0.874192 0.837997 0.008143 0.016671
33 0.155511 0.821020 0.007544 0.011456
33 0.136304 0.820825 0.008443 0.010866
33 0.176148 0.838027 0.007820 0.016572
33 0.811163 0.517891 0.006203 0.011952
33 0.798063 0.517485 0.005961 0.011089
33 0.707476 0.527146 0.006410 0.010291
33 0.707744 0.539706 0.006946 0.011200
33 0.833463 0.519506 0.006152 0.010285
33 0.594096 0.602864 0.009510 0.011280
33 0.593903 0.627820 0.010115 0.010858
33 0.614259 0.741770 0.007675 0.016780
33 0.707987 0.540201 0.014160 0.010302
33 0.442302 0.628019 0.009563 0.010408
33 0.442408 0.602890 0.009619 0.010892
33 0.418586 0.741530 0.007994 0.016757
33 0.441237 0.683663 0.008320 0.010331
33 0.441144 0.671632 0.008320 0.010593
33 0.442338 0.615636 0.009651 0.010370
33 0.328252 0.540114 0.013781 0.010419
33 0.233811 0.517211 0.005665 0.010581
33 0.214289 0.518431 0.006152 0.009042
33 0.249447 0.516680 0.005832 0.010060
33 0.331062 0.526694 0.008231 0.009724
33 0.718528 0.257144 0.010610 0.011844
33 0.717721 0.275681 0.011791 0.011294
33 0.594177 0.321418 0.009881 0.012154
33 0.594464 0.332659 0.009021 0.011547
33 0.704873 0.360211 0.007591 0.010738
33 0.715684 0.363249 0.008020 0.011547
33 0.704515 0.538119 0.007732 0.005551
33 0.623805 0.302685 0.007784 0.016187
33 0.441769 0.321261 0.009093 0.010895
33 0.441608 0.332913 0.008344 0.010898
33 0.409561 0.303292 0.008171 0.016267
33 0.317106 0.255590 0.010526 0.011687
33 0.317568 0.274615 0.011583 0.010809
33 0.319102 0.355076 0.008304 0.010966
33 0.330566 0.538068 0.008868 0.005654
33 0.329176 0.358668 0.007111 0.009835
33 0.085579 0.485463 0.007274 0.008777
33 0.110717 0.483420 0.007917 0.009838
33 0.110556 0.469497 0.007808 0.009231
33 0.718213 0.241897 0.011104 0.011300
33 0.238315 0.103166 0.007190 0.010442
33 0.248832 0.103262 0.007293 0.010365
33 0.317315 0.240950 0.010798 0.010872
34 0.915194 0.808921 0.018036 0.014440
34 0.896649 0.808437 0.018133 0.014469
34 0.836377 0.795526 0.017440 0.014483
34 0.848503 0.831640 0.028973 0.013568
34 0.874516 0.822985 0.017871 0.013830
34 0.668567 0.867539 0.004112 0.008877
34 0.144398 0.155450 0.014686 0.012907
34 0.176228 0.254756 0.006557 0.005067
34 0.134676 0.136354 0.007180 0.004876
34 0.161303 0.242043 0.015838 0.013360
34 0.171462 0.218380 0.010965 0.010804
34 0.186113 0.121455 0.014817 0.012895
34 0.167874 0.127177 0.007456 0.004922
34 0.171991 0.138046 0.011295 0.011841
34 0.207122 0.212546 0.044140 0.010445
34 0.249254 0.194553 0.006303 0.004677
34 0.253440 0.241341 0.016037 0.013574
34 0.239161 0.254558 0.005675 0.005212
34 0.247663 0.209997 0.006648 0.004702
34 0.243657 0.138512 0.011589 0.010955
34 0.902939 0.642519 0.013836 0.012226
34 0.885199 0.575888 0.009722 0.010442
34 0.891758 0.678918 0.012323 0.011670
34 0.892715 0.600091 0.013886 0.011912
34 0.891993 0.616535 0.013382 0.012528
34 0.893250 0.647217 0.006799 0.005064
34 0.888460 0.631469 0.006231 0.005212
34 0.937965 0.652941 0.007611 0.005021
34 0.924483 0.573197 0.007290 0.004919
34 0.912540 0.694753 0.013179 0.012978
34 0.155007 0.808414 0.017786 0.013699
34 0.176400 0.823267 0.018143 0.013340
34 0.896034 0.659705 0.007472 0.005104
34 0.790998 0.641147 0.012846 0.011539
34 0.791687 0.561634 0.012452 0.011134
34 0.800106 0.695266 0.012387 0.012209
34 0.901201 0.561533 0.012575 0.011530
34 0.813667 0.504832 0.017045 0.013123
34 0.738024 0.591973 0.014758 0.012018
34 0.927574 0.589028 0.013322 0.012237
34 0.920111 0.623956 0.026914 0.012374
34 0.889491 0.565930 0.006892 0.004372
34 0.889182 0.711230 0.006217 0.005349
34 0.908513 0.623032 0.004005 0.012345
34 0.818406 0.546184 0.007323 0.005893
34 0.801567 0.580151 0.007115 0.004531
34 0.766359 0.573652 0.006976 0.004779
34 0.806454 0.711278 0.006076 0.005047
34 0.802787 0.646539 0.006912 0.003696
34 0.879077 0.612139 0.006591 0.004534
34 0.815434 0.692310 0.005759 0.004842
34 0.908223 0.694949 0.004609 0.012291
34 0.880125 0.545809 0.007643 0.005930
34 0.798606 0.659648 0.006789 0.005053
34 0.781882 0.615844 0.013852 0.012360
34 0.869096 0.559461 0.015554 0.012967
34 0.751168 0.511197 0.015725 0.012910
34 0.791164 0.523529 0.008521 0.005167
34 0.721881 0.511656 0.015985 0.013349
34 0.796700 0.504842 0.015951 0.013383
34 0.715494 0.625811 0.014629 0.012727
34 0.811081 0.575891 0.011795 0.010180
34 0.798170 0.732529 0.007371 0.005617
34 0.771721 0.511674 0.020639 0.013864
34 0.879057 0.691944 0.006547 0.004412
34 0.816049 0.612384 0.006348 0.004392
34 0.805290 0.631794 0.006185 0.004825
34 0.706945 0.556060 0.005349 0.013824
34 0.548316 0.667666 0.016152 0.013833
34 0.533437 0.637816 0.003936 0.008672
34 0.567188 0.608938 0.015463 0.013608
34 0.646102 0.551768 0.027143 0.008199
34 0.701467 0.555741 0.016136 0.013044
34 0.803178 0.679366 0.012440 0.011641
34 0.833521 0.506498 0.018195 0.014574
34 0.847895 0.744000 0.033272 0.014748
34 0.847562 0.650336 0.044142 0.011924
34 0.738569 0.579927 0.014430 0.011528
34 0.801959 0.599306 0.013862 0.012548
34 0.764985 0.653752 0.007548 0.005087
34 0.806472 0.565862 0.007178 0.004337
34 0.810793 0.655512 0.011896 0.010145
34 0.543127 0.617045 0.006430 0.005671
34 0.679053 0.556727 0.026785 0.007743
34 0.572858 0.587313 0.004382 0.012864
34 0.654042 0.520185 0.027383 0.009775
34 0.565870 0.673598 0.007792 0.005155
34 0.613931 0.726416 0.018257 0.014252
34 0.607621 0.676771 0.018098 0.028538
34 0.604679 0.556875 0.007589 0.005765
34 0.561266 0.714924 0.023201 0.012904
34 0.624224 0.544702 0.016563 0.014272
34 0.697531 0.725006 0.031855 0.014195
34 0.586629 0.548490 0.015941 0.014067
34 0.602555 0.571751 0.015961 0.013671
34 0.468383 0.609820 0.015191 0.013400
34 0.373276 0.746570 0.011422 0.007258
34 0.504240 0.608662 0.016461 0.013750
34 0.451060 0.548193 0.015205 0.013873
34 0.487165 0.667622 0.016187 0.013790
34 0.501841 0.637961 0.003687 0.008866
34 0.703285 0.511272 0.014950 0.013705
34 0.732657 0.591649 0.003662 0.012502
34 0.563384 0.683140 0.003719 0.008549
34 0.666753 0.746458 0.008755 0.006657
34 0.608240 0.615541 0.018415 0.040333
34 0.490106 0.615898 0.008342 0.008210
34 0.472885 0.713921 0.022772 0.012334
34 0.411956 0.544769 0.016406 0.014400
34 0.434755 0.557622 0.007665 0.005264
34 0.427526 0.677511 0.018042 0.028131
34 0.391194 0.552816 0.023000 0.007210
34 0.418461 0.725534 0.018118 0.014939
34 0.418946 0.572190 0.015951 0.013927
34 0.261506 0.560279 0.012387 0.012670
34 0.238515 0.611148 0.007236 0.006047
34 0.253151 0.678614 0.015637 0.013346
34 0.290580 0.652078 0.009774 0.006594
34 0.249335 0.643510 0.009605 0.006597
34 0.283848 0.511442 0.015894 0.012756
34 0.252109 0.615916 0.014597 0.013246
34 0.330011 0.626520 0.015933 0.014226
34 0.252890 0.599115 0.015381 0.013066
34 0.263624 0.639813 0.012369 0.012844
34 0.467871 0.673729 0.007752 0.005435
34 0.474477 0.635865 0.003761 0.010539
34 0.469749 0.682122 0.004188 0.008626
34 0.378007 0.518121 0.024180 0.008661
34 0.428075 0.615336 0.018455 0.040761
34 0.273654 0.695588 0.016092 0.013975
34 0.243544 0.655063 0.012365 0.011191
34 0.238836 0.690911 0.007139 0.006119
34 0.240909 0.544600 0.009303 0.006982
34 0.249213 0.628015 0.008282 0.006495
34 0.312641 0.511347 0.015532 0.012793
34 0.246720 0.564507 0.009283 0.006386
34 0.249570 0.709937 0.007903 0.007056
34 0.178276 0.611210 0.004343 0.006084
34 0.264663 0.513341 0.017488 0.011328
34 0.255480 0.658433 0.009232 0.006600
34 0.243747 0.575529 0.011761 0.011297
34 0.335953 0.553329 0.016382 0.012476
34 0.186036 0.560081 0.015344 0.012821
34 0.232924 0.505376 0.016259 0.013249
34 0.214090 0.507467 0.016058 0.013343
34 0.178094 0.691297 0.004045 0.005825
34 0.342928 0.527317 0.015502 0.013226
34 0.343128 0.540088 0.016062 0.013451
34 0.206457 0.650180 0.044583 0.010356
34 0.207456 0.743216 0.033715 0.015688
34 0.250106 0.505571 0.016400 0.013297
34 0.263040 0.733302 0.009355 0.007162
34 0.334804 0.510509 0.015715 0.012679
34 0.255270 0.578390 0.008981 0.006047
34 0.278200 0.573286 0.008104 0.006025
34 0.227382 0.523417 0.008640 0.005016
34 0.119203 0.560665 0.009817 0.006614
34 0.168104 0.564564 0.009335 0.006312
34 0.125493 0.652099 0.009756 0.006882
34 0.158791 0.578836 0.009279 0.006683
34 0.161375 0.679295 0.015973 0.013739
34 0.133691 0.572343 0.009319 0.006332
34 0.159324 0.544870 0.009212 0.006270
34 0.890087 0.273904 0.006116 0.005272
34 0.133429 0.627858 0.027832 0.012371
34 0.166994 0.643233 0.009307 0.006358
34 0.151866 0.560294 0.013846 0.012864
34 0.159724 0.658673 0.009255 0.006193
34 0.160169 0.599726 0.015097 0.013827
34 0.171073 0.655087 0.012141 0.011348
34 0.151542 0.640362 0.012089 0.011981
34 0.141843 0.593421 0.015415 0.012833
34 0.161765 0.615702 0.015689 0.013343
34 0.171265 0.575814 0.012119 0.011382
34 0.141593 0.695617 0.015455 0.013850
34 0.165163 0.710124 0.008054 0.006711
34 0.166207 0.629781 0.006201 0.005016
34 0.735281 0.275948 0.019591 0.014431
34 0.791309 0.393444 0.015733 0.013089
34 0.735038 0.256520 0.020604 0.014449
34 0.722832 0.338259 0.018086 0.013816
34 0.770659 0.298111 0.007740 0.005814
34 0.848657 0.393169 0.029196 0.014112
34 0.831269 0.438900 0.027293 0.012095
34 0.815084 0.394194 0.027383 0.008467
34 0.922299 0.418883 0.017325 0.014238
34 0.893796 0.257623 0.014934 0.014483
34 0.963562 0.435516 0.009517 0.006563
34 0.908014 0.448830 0.004895 0.011431
34 0.900535 0.462609 0.015340 0.014241
34 0.911065 0.495985 0.024128 0.013485
34 0.722678 0.321080 0.017536 0.013616
34 0.771504 0.387717 0.021162 0.015024
34 0.836080 0.356905 0.018026 0.014443
34 0.794936 0.483957 0.016700 0.016737
34 0.805788 0.274017 0.005955 0.004979
34 0.772008 0.491066 0.021430 0.014306
34 0.801750 0.258387 0.016521 0.014511
34 0.735821 0.487499 0.020220 0.013785
34 0.677252 0.499195 0.008388 0.004181
34 0.611290 0.482063 0.027210 0.008510
34 0.693279 0.358592 0.015687 0.013274
34 0.586627 0.354374 0.016142 0.013537
34 0.624479 0.348450 0.016376 0.014141
34 0.690494 0.487511 0.020427 0.013728
34 0.562555 0.363263 0.020465 0.012647
34 0.819265 0.485405 0.028207 0.008364
34 0.745913 0.499194 0.008388 0.004748
34 0.754283 0.439865 0.028985 0.012838
34 0.879167 0.254840 0.006469 0.005007
34 0.650649 0.385881 0.021052 0.014161
34 0.667448 0.439810 0.028364 0.012331
34 0.673963 0.369298 0.008574 0.005486
34 0.692683 0.530271 0.016664 0.019521
34 0.535343 0.288176 0.003423 0.008795
34 0.573477 0.377734 0.003767 0.011718
34 0.615446 0.399907 0.026880 0.006831
34 0.651450 0.491976 0.021180 0.014429
34 0.665762 0.322193 0.026996 0.007646
34 0.623880 0.286852 0.018590 0.014702
34 0.604005 0.362035 0.007724 0.005101
34 0.560714 0.493149 0.009156 0.005848
34 0.561292 0.393337 0.009273 0.005916
34 0.655337 0.290668 0.031807 0.013460
34 0.637807 0.398334 0.015663 0.012491
34 0.589799 0.395308 0.017994 0.014885
34 0.545819 0.385717 0.025054 0.013206
34 0.727010 0.363802 0.014936 0.013742
34 0.689701 0.339748 0.016158 0.013243
34 0.545485 0.267177 0.006092 0.005326
34 0.622597 0.376764 0.015854 0.013300
34 0.665535 0.342076 0.026702 0.007156
34 0.535040 0.258494 0.013638 0.013688
34 0.567197 0.323836 0.007710 0.005278
34 0.558250 0.299524 0.003801 0.010710
34 0.562121 0.333142 0.004041 0.008883
34 0.451189 0.354088 0.015040 0.013380
34 0.501469 0.258336 0.017341 0.013611
34 0.382207 0.291650 0.028560 0.012482
34 0.484859 0.288759 0.015419 0.025891
34 0.472832 0.285980 0.003787 0.010798
34 0.635701 0.480775 0.016660 0.016586
34 0.575737 0.267620 0.017836 0.014659
34 0.689564 0.386852 0.020949 0.013539
34 0.689715 0.321235 0.016235 0.013870
34 0.645357 0.357374 0.026704 0.007771
34 0.549837 0.317582 0.016185 0.013802
34 0.591075 0.496426 0.017589 0.014414
34 0.544786 0.485452 0.025000 0.013525
34 0.607523 0.327174 0.016428 0.026221
34 0.446490 0.395953 0.016734 0.014175
34 0.446033 0.496110 0.017623 0.014295
34 0.473380 0.393263 0.009376 0.006110
34 0.406943 0.396683 0.023967 0.007484
34 0.459741 0.267756 0.017101 0.014474
34 0.409956 0.288199 0.015866 0.013879
34 0.484907 0.317891 0.015524 0.013554
34 0.384704 0.491959 0.021213 0.014394
34 0.474080 0.364092 0.022871 0.012345
34 0.433646 0.362078 0.007667 0.005073
34 0.469743 0.332551 0.004220 0.008641
34 0.490647 0.385628 0.025214 0.013292
34 0.457281 0.378790 0.003890 0.012360
34 0.488114 0.265506 0.008062 0.008521
34 0.517357 0.437623 0.028811 0.012978
34 0.500137 0.288005 0.003751 0.009421
34 0.392862 0.357338 0.026859 0.007860
34 0.414188 0.349159 0.015536 0.013554
34 0.401138 0.481519 0.016430 0.016580
34 0.417455 0.376696 0.015502 0.013408
34 0.196153 0.359211 0.017137 0.014386
34 0.350432 0.382492 0.020731 0.013859
34 0.299128 0.487579 0.020629 0.013767
34 0.303301 0.257870 0.014905 0.013819
34 0.354694 0.305460 0.005109 0.011519
34 0.364673 0.363980 0.008971 0.005229
34 0.367190 0.439964 0.028413 0.012394
34 0.474927 0.492645 0.009396 0.006441
34 0.424139 0.482965 0.027093 0.007509
34 0.490821 0.485573 0.025179 0.013408
34 0.468528 0.323313 0.008032 0.005537
34 0.208721 0.394848 0.028799 0.013736
34 0.337418 0.321305 0.015300 0.012898
34 0.262661 0.387702 0.023956 0.026329
34 0.306895 0.354306 0.014446 0.013822
34 0.288026 0.351680 0.023094 0.014024
34 0.274030 0.257327 0.016722 0.014186
34 0.279483 0.297706 0.006932 0.005472
34 0.309666 0.339168 0.014799 0.013041
34 0.339774 0.358643 0.014327 0.013634
34 0.341762 0.499018 0.007996 0.004762
34 0.279168 0.439933 0.027707 0.012804
34 0.201816 0.435268 0.034071 0.013482
34 0.263469 0.490855 0.019416 0.013810
34 0.242294 0.396284 0.024148 0.007410
34 0.248896 0.273636 0.005983 0.005426
34 0.352781 0.307932 0.008757 0.005457
34 0.177748 0.254842 0.003316 0.005033
34 0.309641 0.320497 0.014859 0.012884
34 0.122739 0.482770 0.013991 0.013468
34 0.076328 0.419161 0.027111 0.011841
34 0.145877 0.416034 0.015203 0.012690
34 0.303029 0.275140 0.015006 0.013380
34 0.306027 0.364749 0.008630 0.005537
34 0.206679 0.307753 0.031275 0.014434
34 0.221098 0.482733 0.024371 0.007130
34 0.336663 0.341337 0.015316 0.013736
34 0.242902 0.483669 0.016017 0.013528
34 0.350543 0.487475 0.020522 0.013708
34 0.288986 0.499651 0.007798 0.004369
34 0.084198 0.370486 0.006801 0.006005
34 0.166218 0.273941 0.006307 0.005221
34 0.129897 0.430737 0.015254 0.013294
34 0.141605 0.258098 0.015195 0.013608
34 0.122477 0.468253 0.015038 0.013081
34 0.073739 0.485199 0.015947 0.014035
34 0.068195 0.384575 0.016209 0.013437
34 0.162238 0.415987 0.015032 0.012818
34 0.929272 0.216489 0.007419 0.004919
34 0.948380 0.148512 0.015395 0.027979
34 0.916559 0.153494 0.015685 0.013537
34 0.945694 0.122642 0.007770 0.005187
34 0.903481 0.205593 0.012494 0.011972
34 0.926619 0.136309 0.007125 0.004999
34 0.893816 0.161962 0.015651 0.013585
34 0.926732 0.185930 0.020733 0.009598
34 0.903428 0.126416 0.012705 0.011579
34 0.892804 0.178282 0.015592 0.013964
34 0.893633 0.241401 0.015723 0.013505
34 0.894505 0.222019 0.006912 0.004967
34 0.154823 0.449865 0.016056 0.025184
34 0.766454 0.136431 0.007337 0.004773
34 0.799474 0.142707 0.007111 0.004679
34 0.738389 0.147773 0.016303 0.026597
34 0.802712 0.210113 0.006982 0.004580
34 0.879116 0.174962 0.006370 0.004349
34 0.798166 0.117586 0.008628 0.004731
34 0.895210 0.142599 0.006753 0.004936
34 0.748561 0.215936 0.007685 0.005101
34 0.840267 0.109303 0.007174 0.005133
34 0.890679 0.210090 0.006998 0.004728
34 0.886750 0.130195 0.007375 0.005446
34 0.885075 0.219580 0.009472 0.008552
34 0.791667 0.127025 0.012081 0.010311
34 0.816046 0.254746 0.006543 0.004927
34 0.889573 0.194644 0.006076 0.004950
34 0.806318 0.194624 0.006416 0.005013
34 0.811177 0.219554 0.011432 0.009105
34 0.735036 0.241247 0.019762 0.014543
34 0.799587 0.222056 0.007083 0.004882
34 0.801518 0.242229 0.016146 0.014107
34 0.847567 0.212853 0.043149 0.008931
34 0.801470 0.162744 0.015892 0.013662
34 0.815513 0.103659 0.015937 0.014614
34 0.801672 0.178856 0.015544 0.013921
34 0.781996 0.103857 0.015516 0.013688
34 0.831213 0.042987 0.007804 0.005694
34 0.869071 0.122016 0.015326 0.013129
34 0.811502 0.140192 0.011553 0.008820
34 0.727638 0.168098 0.020514 0.014651
34 0.816014 0.175157 0.006094 0.004950
34 0.597417 0.098396 0.018135 0.014084
34 0.609002 0.133708 0.028028 0.014905
34 0.680949 0.202157 0.017446 0.014061
34 0.806346 0.130446 0.007204 0.005258
34 0.791534 0.205889 0.012266 0.012006
34 0.514233 0.077283 0.007464 0.005001
34 0.437190 0.133547 0.024678 0.012126
34 0.606703 0.087543 0.003660 0.007620
34 0.227050 0.101385 0.014386 0.013303
34 0.261775 0.124162 0.012156 0.011602
34 0.352167 0.191453 0.015216 0.013577
34 0.264257 0.113866 0.008763 0.004688
34 0.302749 0.216074 0.007432 0.004870
34 0.206906 0.106473 0.006918 0.005053
34 0.259515 0.101322 0.014903 0.013628
34 0.435107 0.088380 0.003908 0.008706
34 0.448016 0.098769 0.017180 0.014249
34 0.239322 0.174999 0.005969 0.004172
34 0.244065 0.220832 0.011297 0.011006
34 0.254545 0.142683 0.007031 0.004716
34 0.249941 0.128578 0.006908 0.004771
34 0.307083 0.156837 0.022583 0.014323
34 0.252886 0.161761 0.015224 0.013217
34 0.282010 0.136562 0.007264 0.004967
34 0.288316 0.102492 0.015197 0.012799
34 0.303435 0.240722 0.015089 0.013762
34 0.271599 0.185674 0.015631 0.013223
34 0.264025 0.205286 0.011833 0.013092
34 0.602176 0.843195 0.007643 0.005409
34 0.116302 0.122724 0.007573 0.004685
34 0.159957 0.222649 0.007210 0.004870
34 0.175533 0.175211 0.005876 0.004893
34 0.127753 0.215346 0.009494 0.006366
34 0.141316 0.208331 0.007029 0.005155
34 0.166801 0.192675 0.006160 0.004620
34 0.151467 0.203132 0.011426 0.012875
34 0.163582 0.183038 0.015351 0.013143
34 0.154041 0.122398 0.012059 0.013032
34 0.136223 0.191404 0.024621 0.012257
34 0.162131 0.162536 0.014956 0.013126
34 0.196498 0.795432 0.018535 0.015070
34 0.136132 0.808289 0.017857 0.013351
34 0.360751 0.864417 0.027091 0.012813
34 0.340975 0.869867 0.005181 0.011436
34 0.208528 0.830878 0.028773 0.013520
34 0.332401 0.858954 0.017965 0.013252
34 0.538876 0.880873 0.007909 0.005229
34 0.450701 0.842683 0.007812 0.006170
34 0.521061 0.864880 0.003644 0.010633
34 0.524218 0.843448 0.007591 0.005175
34 0.687201 0.863926 0.026896 0.012457
34 0.660454 0.857442 0.016029 0.013790
35 0.847823 0.814758 0.006807 0.019826
35 0.685601 0.874484 0.015054 0.008723
35 0.359110 0.875382 0.013948 0.008125
35 0.207736 0.814213 0.007474 0.022562
35 0.644244 0.560889 0.015663 0.009382
35 0.679961 0.564563 0.015183 0.009496
35 0.696460 0.736505 0.015832 0.008928
35 0.359058 0.561966 0.013846 0.009154
35 0.391821 0.561117 0.015624 0.009285
35 0.471932 0.697985 0.006841 0.020405
35 0.359433 0.736603 0.014595 0.008475
35 0.132228 0.612085 0.007168 0.020579
35 0.910428 0.480051 0.006658 0.021317
35 0.847390 0.376274 0.008213 0.021057
35 0.816541 0.476861 0.014424 0.008894
35 0.643811 0.365174 0.015753 0.009521
35 0.564176 0.348158 0.007160 0.020259
35 0.653678 0.301666 0.016326 0.009521
35 0.667641 0.330331 0.014750 0.009724
35 0.667138 0.349070 0.015465 0.008712
