34 0.958786 0.196258 0.010276 0.008658
34 0.313803 0.259228 0.036857 0.011126
34 0.297497 0.326674 0.016235 0.015184
34 0.261816 0.384213 0.008503 0.008467
34 0.334969 0.370258 0.016066 0.018076
34 0.329442 0.409543 0.016491 0.014611
34 0.292018 0.409431 0.016432 0.015147
34 0.265115 0.475415 0.008904 0.007518
34 0.303223 0.309639 0.015975 0.014867
34 0.303129 0.343958 0.016309 0.015292
34 0.256089 0.406220 0.016166 0.015198
34 0.336433 0.328299 0.016041 0.015030
34 0.296911 0.434362 0.016287 0.015107
34 0.361340 0.475645 0.008904 0.007467
34 0.392695 0.446089 0.010592 0.007635
34 0.520965 0.485359 0.016869 0.014896
34 0.518372 0.433638 0.008787 0.007771
34 0.377191 0.271948 0.026324 0.015529
34 0.505609 0.411982 0.005659 0.014947
34 0.444248 0.449094 0.016839 0.016717
34 0.371754 0.400603 0.016311 0.015147
34 0.481867 0.479675 0.026293 0.035013
34 0.644982 0.461687 0.016015 0.014796
34 0.561734 0.308626 0.006015 0.012750
34 0.673071 0.390613 0.016509 0.014146
34 0.575471 0.332340 0.005902 0.015064
34 0.626627 0.281837 0.016581 0.014451
34 0.673112 0.494752 0.010274 0.008849
34 0.598315 0.264806 0.023797 0.030319
34 0.645181 0.396528 0.010185 0.008649
34 0.614090 0.447120 0.016835 0.015255
34 0.591792 0.304067 0.009825 0.007284
34 0.644130 0.426832 0.016342 0.014098
34 0.652397 0.281480 0.005822 0.014902
34 0.667977 0.433947 0.016438 0.013833
34 0.559327 0.438190 0.033904 0.034283
34 0.691629 0.396946 0.009946 0.008119
34 0.686138 0.434015 0.016313 0.014289
34 0.747263 0.429215 0.017008 0.014896
34 0.798834 0.350239 0.005717 0.014232
34 0.706407 0.344443 0.004265 0.012921
34 0.731577 0.283866 0.017341 0.017267
34 0.731375 0.303282 0.017653 0.017119
34 0.773990 0.418444 0.016884 0.013890
34 0.790854 0.317481 0.016600 0.013611
34 0.813464 0.323960 0.009744 0.007828
34 0.728901 0.429004 0.016855 0.014605
34 0.774726 0.461496 0.017067 0.015258
34 0.731439 0.262528 0.017766 0.017344
34 0.833416 0.314892 0.007919 0.009042
34 0.774336 0.394967 0.009873 0.008663
34 0.722055 0.396818 0.010169 0.008359
34 0.777764 0.368247 0.011777 0.008498
34 0.743898 0.390396 0.016982 0.014380
34 0.850793 0.341881 0.036356 0.024184
34 0.742064 0.488589 0.016739 0.014135
34 0.919714 0.323975 0.009786 0.007934
34 0.905049 0.349685 0.005731 0.014605
34 0.955747 0.341989 0.036446 0.024355
34 0.897211 0.317345 0.017339 0.014064
34 0.939726 0.314880 0.007977 0.009145
34 0.103040 0.673729 0.050931 0.017107
34 0.102893 0.599124 0.038501 0.016247
34 0.103161 0.524735 0.055669 0.016629
34 0.209916 0.532001 0.010816 0.008464
34 0.289606 0.606620 0.016243 0.014802
34 0.268065 0.629185 0.032536 0.022143
34 0.335137 0.733568 0.024444 0.030516
34 0.313567 0.656565 0.033459 0.010097
34 0.351491 0.658374 0.017663 0.014856
34 0.231351 0.663776 0.010530 0.009456
34 0.290560 0.732629 0.017377 0.015187
34 0.235017 0.512283 0.017601 0.017293
34 0.249963 0.553803 0.024204 0.028826
34 0.289491 0.574969 0.016017 0.014822
34 0.338941 0.574900 0.016090 0.014919
34 0.256702 0.583488 0.016604 0.014853
34 0.468755 0.728977 0.016946 0.014654
34 0.439580 0.734701 0.010485 0.008341
34 0.477513 0.696002 0.017041 0.014152
34 0.407855 0.705158 0.005375 0.014830
34 0.369677 0.583223 0.017427 0.014454
34 0.510467 0.720063 0.017425 0.014671
34 0.483386 0.534278 0.039629 0.023055
34 0.376120 0.556476 0.023904 0.029105
34 0.559967 0.726533 0.023539 0.015893
34 0.675397 0.528961 0.016781 0.017603
34 0.592637 0.563956 0.016176 0.014192
34 0.598130 0.591560 0.031638 0.022904
34 0.680648 0.568745 0.023455 0.031163
34 0.628445 0.626549 0.016648 0.014255
34 0.652228 0.516247 0.006048 0.017093
34 0.567919 0.597968 0.017526 0.014563
34 0.677446 0.508427 0.010056 0.008612
34 0.549487 0.602586 0.010393 0.009071
34 0.625679 0.558150 0.016644 0.017897
34 0.673842 0.640416 0.032264 0.020473
34 0.625721 0.577419 0.016471 0.017569
34 0.684779 0.601684 0.016730 0.015383
34 0.741321 0.529832 0.016509 0.017509
34 0.758573 0.514290 0.006138 0.016982
34 0.731888 0.559809 0.016857 0.018512
34 0.731999 0.575969 0.018854 0.019456
34 0.731317 0.610390 0.010294 0.009228
34 0.781778 0.639017 0.032359 0.020798
34 0.719028 0.650856 0.017025 0.014896
34 0.786430 0.568535 0.024319 0.030721
34 0.792205 0.601214 0.017089 0.014620
34 0.112232 0.785021 0.016463 0.014050
34 0.125169 0.825591 0.034263 0.009724
34 0.163968 0.756195 0.009257 0.008236
34 0.121215 0.769171 0.005338 0.012323
34 0.270899 0.825135 0.037379 0.009849
34 0.267387 0.770487 0.005230 0.012140
34 0.258172 0.784598 0.017423 0.013745
34 0.523161 0.794114 0.033078 0.027372
34 0.445581 0.802315 0.026376 0.015164
34 0.498286 0.769547 0.016914 0.014551
34 0.488499 0.812680 0.032941 0.026580
34 0.433461 0.756761 0.017881 0.014736
33 0.649082 0.112381 0.013008 0.011710
33 0.649042 0.132223 0.013076 0.011758
33 0.649058 0.092952 0.013100 0.012100
33 0.815782 0.189503 0.008481 0.021861
33 0.923898 0.189048 0.008151 0.022040
33 0.320584 0.370551 0.012027 0.011379
33 0.446324 0.463649 0.012188 0.011157
33 0.573842 0.255145 0.013114 0.011847
33 0.716035 0.263655 0.012514 0.011698
33 0.716305 0.303331 0.013070 0.012015
33 0.716283 0.284239 0.012965 0.011528
33 0.291271 0.750958 0.008183 0.019852
33 0.235523 0.529216 0.008040 0.015702
33 0.478019 0.708626 0.008177 0.010983
33 0.641836 0.575660 0.015103 0.014426
33 0.662116 0.529956 0.010900 0.011721
33 0.641809 0.559182 0.015338 0.014443
33 0.755881 0.529927 0.012029 0.012058
33 0.748315 0.558816 0.015151 0.014531
33 0.747982 0.575476 0.014547 0.013785
24 0.535857 0.366432 0.014639 0.028869
24 0.775917 0.296771 0.024621 0.027615
24 0.881943 0.296614 0.027282 0.028555
22 0.454988 0.478894 0.027679 0.037811
21 0.306788 0.450522 0.008173 0.015389
21 0.254248 0.434873 0.008813 0.015531
21 0.373602 0.429477 0.008940 0.015933
21 0.299569 0.624080 0.008360 0.015420
17 0.277770 0.536117 0.028392 0.039535
17 0.349673 0.536231 0.029357 0.039781
13 0.264794 0.417743 0.009539 0.017247
13 0.362981 0.411619 0.008977 0.019345
12 0.579337 0.279584 0.018896 0.026104
11 0.579388 0.278829 0.018884 0.025717
11 0.656462 0.567404 0.018374 0.025774
11 0.762910 0.567482 0.018366 0.025936
11 0.335016 0.762298 0.017293 0.027179
6 0.579775 0.216043 0.006211 0.009726
6 0.269912 0.487505 0.004474 0.006466
6 0.341540 0.488024 0.005989 0.009099
6 0.284646 0.486926 0.005768 0.008159
6 0.355686 0.487083 0.005546 0.008472
6 0.399675 0.761453 0.005349 0.006822
5 0.808753 0.215882 0.011781 0.009843
5 0.915144 0.215378 0.011718 0.009393
5 0.455085 0.430311 0.011696 0.009404
34 0.849308 0.196193 0.010631 0.008852
34 0.831647 0.189940 0.017113 0.015167
34 0.815525 0.168943 0.017544 0.017367
34 0.787654 0.210319 0.025099 0.031040
34 0.563741 0.168896 0.017740 0.014674
34 0.633752 0.111584 0.017685 0.017167
34 0.633332 0.092213 0.017679 0.017689
34 0.655938 0.049148 0.045409 0.017914
34 0.584504 0.144329 0.009158 0.007791
34 0.633701 0.130453 0.017635 0.017236
34 0.578644 0.206788 0.038533 0.009649
34 0.365775 0.225885 0.017730 0.015423
34 0.502727 0.138064 0.017859 0.014634
34 0.382616 0.107526 0.010618 0.009393
34 0.268418 0.198404 0.017061 0.014426
34 0.336400 0.102132 0.017603 0.014910
34 0.341444 0.173743 0.010322 0.008951
35 0.445433 0.782144 0.009533 0.027407
35 0.487524 0.788769 0.008695 0.020234
35 0.522632 0.769949 0.008983 0.020388
35 0.270128 0.808015 0.007992 0.025816
35 0.124172 0.808522 0.008207 0.025839
35 0.781589 0.619778 0.008763 0.020085
35 0.560443 0.740224 0.020794 0.012742
35 0.598050 0.608691 0.020395 0.012913
35 0.673973 0.620819 0.009001 0.020522
35 0.359103 0.607097 0.008918 0.020436
35 0.267486 0.607023 0.009170 0.020459
34 0.892689 0.209885 0.024702 0.032924
35 0.313636 0.638703 0.008263 0.025751
35 0.106761 0.686832 0.018090 0.011681
35 0.106717 0.537997 0.018092 0.011747
35 0.106775 0.612095 0.018147 0.011536
35 0.952547 0.314862 0.008342 0.026332
35 0.719428 0.453588 0.009239 0.020388
35 0.313989 0.275276 0.008022 0.022157
35 0.709247 0.141689 0.008352 0.026597
35 0.656158 0.070593 0.008195 0.026230
0 0.337063 0.113280 0.009351 0.008036
34 0.941473 0.190769 0.017575 0.013981
0 0.268892 0.209158 0.009617 0.007452
0 0.377121 0.226533 0.005443 0.013767
0 0.503168 0.149488 0.009647 0.008267
0 0.564527 0.180285 0.009589 0.007620
0 0.832121 0.201131 0.009323 0.007712
0 0.942106 0.200883 0.009329 0.007524
0 0.325853 0.326357 0.005498 0.013391
0 0.306872 0.433824 0.003330 0.007717
0 0.313992 0.309892 0.005377 0.013383
0 0.329984 0.420618 0.009496 0.007803
0 0.292278 0.420513 0.009476 0.007330
0 0.314020 0.343728 0.005469 0.013742
0 0.615055 0.281634 0.005481 0.012719
0 0.668388 0.443871 0.006974 0.005885
0 0.626023 0.446867 0.005564 0.013539
0 0.656224 0.426626 0.005590 0.013651
0 0.685733 0.443795 0.007200 0.006107
0 0.728419 0.439675 0.007268 0.006007
0 0.762620 0.418465 0.005635 0.013722
0 0.748399 0.439748 0.007391 0.005896
0 0.349675 0.575215 0.005288 0.012961
0 0.299607 0.606348 0.003340 0.007236
0 0.277940 0.575151 0.005409 0.013192
0 0.341538 0.502288 0.004289 0.008150
0 0.352774 0.669038 0.009303 0.007258
0 0.267526 0.583577 0.004190 0.009769
0 0.284733 0.501999 0.004019 0.007703
0 0.469080 0.740261 0.011187 0.008923
0 0.359053 0.583448 0.004186 0.009906
34 0.923722 0.169477 0.017750 0.017159
0 0.628973 0.637952 0.009287 0.007726
0 0.673990 0.601443 0.003435 0.008125
0 0.697254 0.578401 0.005548 0.013867
0 0.568608 0.608578 0.009021 0.007791
0 0.742017 0.500882 0.009488 0.005457
0 0.781710 0.600131 0.003263 0.008082
0 0.719518 0.661992 0.009696 0.007951
0 0.123979 0.785376 0.005584 0.013813
0 0.190857 0.761670 0.009341 0.007723
0 0.270164 0.785222 0.005510 0.013870
0 0.379270 0.761386 0.009728 0.007908
0 0.522735 0.750673 0.003253 0.006902
0 0.487591 0.769431 0.003650 0.008148
0 0.445418 0.756892 0.005332 0.013403
0 0.356211 0.501328 0.003787 0.009952
0 0.269824 0.500242 0.003967 0.011200
20 0.493927 0.601726 0.138979 0.169020
33 0.522911 0.505178 0.009706 0.022154
34 0.532961 0.750795 0.017736 0.016096
34 0.378950 0.749363 0.016084 0.016822
34 0.190513 0.750311 0.016718 0.015127
34 0.708907 0.578581 0.016364 0.015987
34 0.359865 0.629678 0.031938 0.021317
34 0.366497 0.500593 0.016044 0.015549
34 0.331442 0.501069 0.015854 0.014734
34 0.294941 0.500844 0.015743 0.015195
34 0.259701 0.500175 0.015582 0.014771
34 0.710227 0.474366 0.031332 0.020217
34 0.558570 0.254434 0.016894 0.018643
34 0.536049 0.338216 0.027738 0.030117
34 0.709019 0.120413 0.042454 0.018159
34 0.868515 0.150933 0.094476 0.015061
35 0.533032 0.438406 0.017877 0.011926
35 0.377063 0.251674 0.009504 0.026689
5 0.656168 0.396025 0.011048 0.008817
5 0.762555 0.394913 0.011408 0.009176
5 0.823127 0.313936 0.011136 0.009000
5 0.929526 0.313975 0.011122 0.008834
3 0.311221 0.326361 0.011708 0.013451
3 0.509835 0.736302 0.012006 0.017410
1 0.655952 0.461258 0.005667 0.013631
1 0.673708 0.401750 0.009510 0.007848
1 0.762380 0.461154 0.005691 0.013793
1 0.802331 0.317304 0.005351 0.013366
1 0.743643 0.400948 0.009760 0.007532
1 0.908639 0.317586 0.005433 0.013645
34 0.445128 0.429011 0.008181 0.012442
33 0.577898 0.561213 0.011404 0.023753
35 0.694766 0.457585 0.008993 0.021091
