34 0.144123 0.146195 0.043116 0.033805
34 0.239324 0.097915 0.042190 0.033705
34 0.213444 0.224836 0.042299 0.035771
34 0.317880 0.182639 0.042274 0.034283
34 0.512675 0.056986 0.042397 0.033887
34 0.514085 0.159607 0.042188 0.032442
34 0.138016 0.265808 0.044154 0.033468
34 0.175647 0.327350 0.041986 0.035207
34 0.279936 0.308341 0.041108 0.033782
34 0.321911 0.449429 0.042145 0.031066
34 0.322909 0.413813 0.041922 0.034517
34 0.351746 0.495363 0.041557 0.033827
34 0.488836 0.479124 0.042550 0.033961
34 0.399469 0.415758 0.041972 0.035534
34 0.607924 0.452398 0.042633 0.033819
34 0.581107 0.532894 0.040369 0.016002
34 0.837757 0.479714 0.042786 0.033870
34 0.780848 0.457948 0.043247 0.036352
34 0.725151 0.479460 0.041209 0.032878
34 0.349270 0.640851 0.042141 0.034845
34 0.242205 0.534602 0.057000 0.029484
34 0.433462 0.622076 0.042552 0.034092
34 0.480441 0.616079 0.042002 0.033252
34 0.633870 0.617033 0.042836 0.033474
34 0.659727 0.700916 0.041964 0.032913
34 0.580863 0.540172 0.042194 0.033790
34 0.579260 0.684239 0.041928 0.034469
34 0.720186 0.620056 0.031831 0.032947
34 0.768338 0.641412 0.042091 0.033306
34 0.720913 0.554551 0.033284 0.034848
34 0.844828 0.640376 0.042673 0.034072
34 0.495925 0.856344 0.040733 0.034249
34 0.412428 0.775197 0.041916 0.033460
33 0.239821 0.133017 0.016031 0.035968
33 0.173347 0.265295 0.025715 0.023055
33 0.314318 0.306271 0.025683 0.023537
33 0.385973 0.494714 0.025375 0.023095
33 0.608802 0.488884 0.015667 0.036156
33 0.480556 0.653451 0.016116 0.035976
33 0.634684 0.652163 0.015475 0.036244
33 0.412359 0.812563 0.015939 0.036748
22 0.558713 0.601230 0.042357 0.059923
22 0.558473 0.743247 0.042357 0.064323
11 0.435173 0.671307 0.042599 0.059245
10 0.144181 0.189241 0.032786 0.054166
10 0.511992 0.102066 0.032067 0.049763
10 0.512231 0.200244 0.031110 0.049088
6 0.239601 0.511854 0.015077 0.016589
1 0.687461 0.554849 0.016033 0.047059
1 0.769720 0.671307 0.033743 0.022682
1 0.725207 0.509487 0.031829 0.022679
0 0.317948 0.212951 0.031142 0.024198
0 0.202032 0.327053 0.008850 0.025204
0 0.349123 0.671560 0.030719 0.022323
0 0.489855 0.508133 0.033263 0.019972
0 0.579965 0.562190 0.017174 0.012354
0 0.686983 0.621033 0.018427 0.044688
0 0.558678 0.646384 0.008614 0.024241
0 0.686801 0.701020 0.009017 0.025557
0 0.579696 0.706076 0.017115 0.011884
0 0.836728 0.508200 0.030467 0.020105
0 0.844322 0.670333 0.030868 0.023750
0 0.523047 0.854597 0.008636 0.024258
0 0.558287 0.796449 0.009172 0.024480
22 0.781685 0.508189 0.043793 0.065224
35 0.901800 0.508715 0.058568 0.035497
34 0.192855 0.415663 0.041148 0.036848
34 0.530705 0.570630 0.041507 0.034146
34 0.531316 0.710429 0.039627 0.034035
34 0.532858 0.646848 0.041219 0.033377
35 0.912587 0.669889 0.057151 0.032710
34 0.532843 0.796148 0.041191 0.032588
33 0.358584 0.409819 0.028006 0.023240
33 0.359180 0.447541 0.026096 0.024161
