6 0.254361 0.400590 0.005790 0.007313
35 0.075094 0.099993 0.029220 0.017273
35 0.193097 0.218669 0.029889 0.017794
35 0.960308 0.100073 0.029855 0.017016
35 0.075413 0.799288 0.029448 0.016746
35 0.936372 0.799276 0.029255 0.017777
34 0.702080 0.790908 0.017101 0.012462
34 0.157751 0.792776 0.017061 0.011490
34 0.257198 0.097676 0.021370 0.018909
34 0.301133 0.034853 0.021900 0.019322
34 0.207537 0.149681 0.021908 0.018569
34 0.226312 0.097244 0.023443 0.030527
34 0.138464 0.201161 0.022210 0.019752
34 0.173626 0.070470 0.021918 0.018227
34 0.072711 0.081285 0.034780 0.021590
34 0.149694 0.070446 0.022228 0.018834
34 0.134540 0.091996 0.016626 0.012103
34 0.683396 0.221446 0.022881 0.018943
34 0.647770 0.164675 0.023836 0.019649
34 0.571486 0.130378 0.031311 0.019364
34 0.675047 0.143958 0.016243 0.011570
34 0.649517 0.091496 0.017313 0.012744
34 0.389301 0.190741 0.023022 0.020912
34 0.464907 0.211240 0.008856 0.024822
34 0.850621 0.166555 0.023108 0.019117
34 0.748016 0.218852 0.022550 0.019356
34 0.734503 0.162334 0.022951 0.019658
34 0.695395 0.163398 0.023578 0.019672
34 0.605666 0.119221 0.022931 0.018447
34 0.635775 0.217351 0.022564 0.019530
34 0.156613 0.322874 0.023028 0.018356
34 0.118281 0.479792 0.008116 0.023705
34 0.202862 0.468636 0.006839 0.018464
34 0.149108 0.436344 0.025544 0.030191
34 0.914918 0.192264 0.021964 0.019900
34 0.905611 0.153149 0.022266 0.019082
34 0.957806 0.085483 0.021773 0.012140
34 0.905952 0.126428 0.022093 0.019775
34 0.842513 0.218775 0.022814 0.019316
34 0.794497 0.218824 0.022516 0.019325
34 0.221784 0.365074 0.022838 0.018977
34 0.210493 0.300851 0.008443 0.022237
34 0.214288 0.435893 0.026283 0.031405
34 0.210988 0.468542 0.022718 0.018350
34 0.378605 0.467419 0.007496 0.018213
34 0.318443 0.356543 0.007961 0.022132
34 0.145700 0.464098 0.023032 0.018302
34 0.155772 0.364907 0.022675 0.019248
34 0.512002 0.315852 0.008400 0.023708
34 0.553147 0.490930 0.010540 0.017940
34 0.340465 0.393518 0.023155 0.018464
34 0.340276 0.436109 0.022687 0.018612
34 0.268853 0.412797 0.022609 0.018139
34 0.195827 0.385531 0.022464 0.019105
34 0.314540 0.430758 0.022339 0.018809
34 0.202811 0.412830 0.022697 0.019014
34 0.332109 0.481649 0.026608 0.032268
34 0.274551 0.435916 0.022736 0.019139
34 0.262005 0.385094 0.022544 0.018435
34 0.320167 0.458283 0.022675 0.018698
34 0.266653 0.481161 0.025639 0.030673
34 0.407830 0.285628 0.023074 0.017982
34 0.446525 0.476632 0.022595 0.018056
34 0.496274 0.411200 0.025703 0.029684
34 0.449512 0.411257 0.025838 0.030134
34 0.450226 0.385221 0.022647 0.017429
34 0.386461 0.467710 0.022792 0.018663
34 0.453154 0.447287 0.022456 0.018091
34 0.465164 0.316258 0.008548 0.023602
34 0.554502 0.349467 0.007836 0.020028
34 0.416825 0.317029 0.008731 0.022801
34 0.455849 0.340597 0.022766 0.018270
34 0.408058 0.340950 0.022707 0.018031
34 0.499945 0.448169 0.022593 0.018521
34 0.380416 0.441054 0.022560 0.018478
34 0.401611 0.386106 0.023044 0.018749
34 0.494711 0.476877 0.022335 0.018609
34 0.496683 0.386607 0.022746 0.018909
34 0.502605 0.340580 0.022933 0.018453
34 0.646488 0.356959 0.023471 0.019225
34 0.684043 0.281030 0.023090 0.019023
34 0.644405 0.257965 0.023205 0.017771
34 0.606873 0.472796 0.022969 0.018022
34 0.695146 0.257857 0.022975 0.017566
34 0.550054 0.401874 0.022421 0.018971
34 0.644576 0.415185 0.022891 0.017951
34 0.606239 0.349497 0.023417 0.019410
34 0.697147 0.356875 0.023409 0.019176
34 0.562213 0.349262 0.023229 0.020165
34 0.558883 0.490992 0.022061 0.018284
34 0.541314 0.468492 0.023088 0.018484
34 0.594428 0.401929 0.023312 0.018866
34 0.850820 0.466563 0.021914 0.019544
34 0.833416 0.259996 0.022673 0.018601
34 0.734787 0.280341 0.023213 0.018903
34 0.740022 0.305801 0.025548 0.030131
34 0.842978 0.534597 0.025449 0.012596
34 0.748198 0.369289 0.022806 0.019205
34 0.636862 0.310690 0.025316 0.030983
34 0.550163 0.439356 0.022389 0.018096
34 0.687447 0.310305 0.025357 0.031017
34 0.695294 0.414912 0.022941 0.018510
34 0.898946 0.466412 0.022176 0.019675
34 0.900282 0.414262 0.022655 0.019011
34 0.834880 0.305628 0.025510 0.030282
34 0.786752 0.305661 0.025449 0.030228
34 0.840339 0.399346 0.022915 0.018783
34 0.794749 0.368840 0.022887 0.018364
34 0.733554 0.496596 0.022909 0.019239
34 0.843011 0.369239 0.022657 0.019008
34 0.804175 0.466458 0.021924 0.019567
34 0.744418 0.463867 0.006136 0.015486
34 0.786937 0.260028 0.022593 0.018615
34 0.341006 0.565037 0.022581 0.018350
34 0.233533 0.627254 0.022579 0.018857
34 0.351738 0.614926 0.022834 0.018954
34 0.340750 0.706563 0.022931 0.019367
34 0.294455 0.596996 0.022903 0.018558
34 0.340750 0.680530 0.022778 0.019236
34 0.074586 0.779866 0.031517 0.020188
34 0.155982 0.512643 0.022863 0.018954
34 0.886705 0.260067 0.012411 0.018589
34 0.937903 0.507432 0.022111 0.018826
34 0.301092 0.701991 0.008203 0.021998
34 0.231896 0.735745 0.016499 0.012100
34 0.316962 0.575902 0.013614 0.011148
34 0.192840 0.649714 0.008396 0.022294
34 0.213056 0.708444 0.008445 0.022172
34 0.338098 0.515342 0.023118 0.018156
34 0.233143 0.654457 0.022917 0.019436
34 0.222443 0.512558 0.022556 0.018806
34 0.203653 0.523562 0.013850 0.011382
34 0.340749 0.655037 0.022929 0.018755
34 0.291373 0.673103 0.022963 0.019994
34 0.274665 0.564802 0.022742 0.018911
34 0.201049 0.545048 0.022718 0.017831
34 0.273102 0.512144 0.023211 0.018795
34 0.485869 0.652724 0.022790 0.018393
34 0.445241 0.680318 0.008870 0.024785
34 0.485397 0.623243 0.022611 0.018245
34 0.414595 0.597341 0.023018 0.019601
34 0.465456 0.747900 0.008229 0.024491
34 0.498464 0.595543 0.022601 0.018108
34 0.407831 0.556845 0.022540 0.018290
34 0.503038 0.505912 0.023356 0.015529
34 0.243766 0.544825 0.022605 0.018803
34 0.233119 0.602836 0.022633 0.018906
34 0.295824 0.735650 0.015669 0.011869
34 0.560781 0.571255 0.022391 0.018629
34 0.608753 0.572209 0.023328 0.018461
34 0.598511 0.506924 0.022772 0.017512
34 0.662245 0.759543 0.016654 0.012251
34 0.490557 0.575251 0.017375 0.011089
34 0.485755 0.680559 0.022824 0.018643
34 0.548251 0.536039 0.020306 0.031205
34 0.455788 0.556304 0.022772 0.017464
34 0.441735 0.726815 0.022649 0.019410
34 0.501927 0.556359 0.023008 0.017729
34 0.435798 0.651914 0.022780 0.019085
34 0.409184 0.759665 0.017297 0.012337
34 0.780628 0.711123 0.022391 0.019339
34 0.831168 0.710859 0.022079 0.019268
34 0.843152 0.507608 0.022343 0.018350
34 0.774833 0.526271 0.022587 0.018863
34 0.804570 0.602945 0.022581 0.018760
34 0.800673 0.772729 0.006080 0.015341
34 0.728071 0.555031 0.012834 0.020254
34 0.579455 0.735854 0.022911 0.018906
34 0.646296 0.506989 0.022963 0.017683
34 0.606829 0.629815 0.023066 0.018085
34 0.558831 0.629557 0.022270 0.018407
34 0.551041 0.733359 0.022977 0.018994
34 0.599111 0.537169 0.025179 0.030878
34 0.893452 0.632831 0.022117 0.019102
34 0.732441 0.502273 0.022730 0.008182
34 0.891112 0.543525 0.025419 0.031667
34 0.796313 0.543259 0.025133 0.032012
34 0.850975 0.602659 0.022288 0.018313
34 0.773486 0.640577 0.022758 0.019211
34 0.842921 0.543542 0.025326 0.031331
34 0.899370 0.602893 0.022355 0.018997
34 0.773445 0.613934 0.022695 0.019011
34 0.724405 0.528035 0.022762 0.019826
34 0.889783 0.507850 0.022133 0.018578
34 0.829793 0.765349 0.022409 0.019248
34 0.789521 0.738378 0.022341 0.019721
34 0.789962 0.683148 0.022192 0.019011
34 0.447147 0.280764 0.017776 0.012157
34 0.463657 0.091848 0.017371 0.012747
34 0.426653 0.143441 0.017448 0.012160
34 0.283869 0.272918 0.016698 0.011941
34 0.269609 0.045315 0.023501 0.029872
34 0.292930 0.153988 0.022041 0.020305
34 0.322693 0.098374 0.022051 0.017911
34 0.201952 0.191287 0.022131 0.019376
34 0.287551 0.091416 0.021678 0.018455
34 0.207002 0.045975 0.022252 0.018698
34 0.323861 0.046797 0.022117 0.018455
34 0.202240 0.099906 0.022079 0.018250
34 0.115199 0.068450 0.021027 0.015053
33 0.149768 0.089585 0.009118 0.018686
33 0.173088 0.089538 0.009279 0.018518
33 0.369677 0.191439 0.015784 0.013805
33 0.605716 0.139504 0.009249 0.021163
33 0.744366 0.137384 0.015639 0.013058
33 0.744586 0.112072 0.015618 0.013069
33 0.925315 0.126171 0.015397 0.013146
33 0.925220 0.152806 0.015290 0.013323
33 0.225313 0.545677 0.013757 0.012955
33 0.333203 0.615871 0.013610 0.013058
33 0.478695 0.595224 0.015657 0.013069
33 0.461673 0.727390 0.015481 0.013651
33 0.755349 0.614108 0.012720 0.013237
33 0.755271 0.639292 0.012605 0.013089
33 0.202371 0.755063 0.013836 0.013186
33 0.811524 0.784456 0.012516 0.013106
33 0.811562 0.765369 0.012415 0.012761
22 0.226439 0.126103 0.018906 0.026746
22 0.270472 0.073629 0.020340 0.026746
21 0.274076 0.105591 0.006412 0.010522
21 0.221117 0.163386 0.006332 0.011314
21 0.685586 0.198545 0.006378 0.010017
21 0.637764 0.199947 0.006450 0.010410
21 0.148650 0.485710 0.007575 0.014218
21 0.145683 0.345668 0.006616 0.010390
21 0.215192 0.488249 0.007419 0.010496
21 0.330261 0.416659 0.006247 0.009863
21 0.397133 0.307508 0.006358 0.010388
21 0.486033 0.461137 0.006543 0.010476
21 0.527304 0.481956 0.006481 0.010633
21 0.480749 0.490103 0.005939 0.009980
21 0.432554 0.490217 0.006261 0.010157
21 0.439349 0.460720 0.006334 0.010604
21 0.687634 0.391647 0.006972 0.010977
21 0.536222 0.452924 0.006465 0.010436
21 0.596751 0.384702 0.006676 0.010881
21 0.552142 0.384628 0.006505 0.010903
21 0.637086 0.391934 0.006223 0.012189
21 0.772981 0.273317 0.006547 0.010698
21 0.819586 0.273349 0.006360 0.010544
21 0.868196 0.273276 0.007657 0.012525
21 0.190559 0.572350 0.007025 0.011203
21 0.266987 0.543052 0.006988 0.010681
21 0.309263 0.611148 0.006745 0.010710
21 0.333412 0.546215 0.007419 0.012864
21 0.494641 0.539107 0.007897 0.010832
21 0.399872 0.538634 0.006815 0.010524
21 0.447737 0.539107 0.006940 0.012189
21 0.428951 0.612571 0.006702 0.010835
21 0.599634 0.606815 0.007419 0.012189
21 0.551028 0.605824 0.007081 0.011579
21 0.829667 0.520657 0.007178 0.011847
21 0.875613 0.520933 0.006396 0.010826
21 0.923860 0.520822 0.006543 0.011072
17 0.171461 0.439957 0.018622 0.027318
17 0.237567 0.439329 0.020103 0.027082
17 0.289977 0.483340 0.019623 0.027085
17 0.517018 0.425110 0.017710 0.026406
17 0.471070 0.424604 0.019146 0.026067
17 0.422370 0.424602 0.018427 0.027421
17 0.659462 0.310007 0.018904 0.028438
17 0.763019 0.304082 0.018906 0.027424
17 0.857905 0.304759 0.019146 0.028099
17 0.809684 0.303575 0.019384 0.027760
17 0.712423 0.309793 0.016305 0.027298
17 0.622728 0.536399 0.020580 0.027760
17 0.573669 0.535892 0.019144 0.026067
17 0.819138 0.543339 0.018666 0.027424
17 0.865803 0.543169 0.019144 0.026406
17 0.913657 0.542552 0.021517 0.027298
15 0.571740 0.151302 0.013950 0.020439
15 0.753079 0.162713 0.014120 0.019054
15 0.933840 0.192267 0.013876 0.019091
13 0.649284 0.185298 0.010703 0.021545
13 0.696694 0.183471 0.010588 0.020262
13 0.159629 0.474094 0.010036 0.020881
13 0.225771 0.477828 0.009885 0.020798
13 0.563298 0.369507 0.011156 0.020445
13 0.698205 0.376339 0.010524 0.020738
13 0.647560 0.376364 0.010721 0.020787
13 0.607769 0.369392 0.010796 0.020402
13 0.278017 0.532340 0.010461 0.021282
13 0.344031 0.535748 0.010399 0.020952
13 0.410651 0.524075 0.010052 0.020792
13 0.458785 0.524101 0.010302 0.020051
13 0.505570 0.523948 0.010488 0.020590
13 0.610270 0.591489 0.010205 0.020618
13 0.562073 0.590531 0.010210 0.019877
6 0.286912 0.023641 0.004263 0.005970
6 0.243116 0.086039 0.004178 0.005928
6 0.521253 0.100165 0.006152 0.007643
6 0.538143 0.151066 0.005782 0.006800
6 0.709884 0.215152 0.004051 0.008903
6 0.710014 0.221887 0.004658 0.006817
6 0.836399 0.154852 0.006001 0.007184
6 0.300530 0.418488 0.004106 0.006295
6 0.197634 0.322390 0.006638 0.007817
6 0.248220 0.374091 0.004095 0.006010
6 0.305412 0.374330 0.006940 0.011510
6 0.188368 0.400938 0.004271 0.006366
6 0.323120 0.340476 0.005504 0.010157
6 0.305890 0.445591 0.005024 0.007786
6 0.182108 0.373689 0.004148 0.005851
6 0.371995 0.455409 0.006223 0.007786
6 0.366446 0.430125 0.004170 0.006332
6 0.510402 0.374121 0.004301 0.005962
6 0.463741 0.374142 0.004416 0.006027
6 0.415796 0.374269 0.004903 0.006298
6 0.621668 0.438153 0.004968 0.007689
6 0.584087 0.494370 0.004549 0.006056
6 0.669797 0.269023 0.004432 0.005956
6 0.631941 0.495188 0.004547 0.010154
6 0.621771 0.430356 0.006221 0.010499
6 0.826184 0.387231 0.004414 0.006364
6 0.709967 0.445352 0.004893 0.007831
6 0.720693 0.268629 0.004589 0.006002
6 0.885554 0.402210 0.004118 0.006449
6 0.264417 0.743254 0.006670 0.007883
6 0.438643 0.582271 0.008374 0.007786
6 0.621633 0.660085 0.004716 0.008128
6 0.879083 0.621542 0.005504 0.008464
6 0.318455 0.767496 0.008614 0.008803
6 0.505530 0.799115 0.006700 0.009818
6 0.532916 0.767834 0.006634 0.008054
4 0.119054 0.201935 0.019386 0.026070
4 0.321535 0.679474 0.017224 0.023850
4 0.213886 0.627407 0.017994 0.024326
4 0.466254 0.651983 0.017129 0.023990
4 0.800829 0.710358 0.017190 0.023679
4 0.744574 0.526828 0.016912 0.023853
3 0.324617 0.067806 0.017434 0.023551
3 0.324878 0.120168 0.016964 0.024913
3 0.206996 0.067781 0.016990 0.023810
3 0.222148 0.190382 0.017657 0.024360
3 0.202484 0.120788 0.016632 0.023605
3 0.273205 0.154719 0.017631 0.023545
0 0.221268 0.149094 0.005179 0.013571
0 0.274032 0.091584 0.005288 0.012704
0 0.242812 0.098193 0.005492 0.013822
0 0.286749 0.035446 0.005536 0.013371
0 0.697702 0.222069 0.005187 0.013286
0 0.649974 0.217965 0.005383 0.013423
0 0.809081 0.218135 0.006793 0.016845
0 0.857291 0.218162 0.006549 0.016768
0 0.836251 0.166852 0.005326 0.012833
0 0.762552 0.218222 0.006833 0.017008
0 0.156864 0.335815 0.008963 0.007344
0 0.170802 0.365309 0.006241 0.016552
0 0.300389 0.430412 0.005443 0.013517
0 0.289613 0.436666 0.006660 0.016791
0 0.254548 0.412957 0.005643 0.013671
0 0.188382 0.412979 0.005004 0.013215
0 0.305746 0.458478 0.005389 0.012995
0 0.181885 0.386002 0.005389 0.013571
0 0.248028 0.386214 0.005326 0.012987
0 0.237058 0.365191 0.006577 0.016452
0 0.341320 0.406726 0.009359 0.007865
0 0.485864 0.447380 0.005266 0.013351
0 0.355623 0.436547 0.006823 0.016777
0 0.470359 0.340832 0.006176 0.016552
0 0.480593 0.476357 0.005498 0.012964
0 0.422228 0.340881 0.006608 0.016751
0 0.415775 0.386345 0.005276 0.013044
0 0.408550 0.298529 0.009557 0.007375
0 0.366519 0.442260 0.005266 0.012773
0 0.432531 0.476441 0.005002 0.012796
0 0.527395 0.467870 0.005403 0.012479
0 0.371945 0.467913 0.005280 0.013101
0 0.517079 0.340878 0.006430 0.016614
0 0.439269 0.446888 0.005077 0.012801
0 0.463801 0.386238 0.005073 0.012818
0 0.510434 0.386241 0.005332 0.013235
0 0.529158 0.467940 0.001910 0.012380
0 0.536269 0.438933 0.004944 0.012029
0 0.608899 0.402699 0.005139 0.013559
0 0.564253 0.402784 0.005580 0.013787
0 0.659135 0.257887 0.006239 0.016486
0 0.621493 0.472931 0.006809 0.017045
0 0.573383 0.491089 0.006916 0.016386
0 0.659117 0.415256 0.006255 0.016435
0 0.669797 0.281284 0.005101 0.013374
0 0.825833 0.399699 0.005377 0.013785
0 0.710023 0.415180 0.006791 0.016361
0 0.857655 0.368795 0.006446 0.016734
0 0.772924 0.259403 0.005344 0.013488
0 0.809421 0.368797 0.006247 0.016734
0 0.865278 0.465626 0.006237 0.016580
0 0.819494 0.259430 0.005346 0.013542
0 0.867670 0.259389 0.005461 0.013562
0 0.763105 0.368832 0.006577 0.016580
0 0.818621 0.465628 0.006573 0.016597
0 0.710070 0.257682 0.007033 0.017216
0 0.748623 0.497209 0.006751 0.016874
0 0.720623 0.281010 0.005195 0.013027
0 0.913321 0.465617 0.006086 0.016569
0 0.885640 0.414575 0.005292 0.013665
0 0.170893 0.512739 0.006336 0.016996
0 0.289599 0.565427 0.006672 0.016783
0 0.309353 0.597459 0.005415 0.013055
0 0.325599 0.654957 0.006553 0.016720
0 0.306088 0.673350 0.006745 0.016161
0 0.217779 0.602365 0.006654 0.016614
0 0.237114 0.512776 0.006775 0.016899
0 0.217745 0.654608 0.006751 0.016797
0 0.197862 0.621238 0.007089 0.016629
0 0.201535 0.557843 0.009621 0.007672
0 0.325601 0.706701 0.006888 0.016908
0 0.355580 0.565235 0.006801 0.017025
0 0.470375 0.681100 0.006587 0.016928
0 0.428758 0.597632 0.005312 0.013400
0 0.450551 0.652109 0.006702 0.016951
0 0.517073 0.556436 0.006668 0.016555
0 0.422189 0.556405 0.006573 0.016577
0 0.470362 0.556376 0.006195 0.016384
0 0.470309 0.622982 0.006420 0.016663
0 0.621555 0.629818 0.006595 0.016757
0 0.584077 0.506803 0.005387 0.013086
0 0.632121 0.507254 0.005367 0.013192
0 0.573327 0.629497 0.007097 0.017130
0 0.878998 0.633391 0.005409 0.013280
0 0.804791 0.738901 0.006678 0.016874
0 0.828986 0.506865 0.005578 0.013525
0 0.748641 0.555422 0.006799 0.016908
0 0.804858 0.683669 0.006924 0.016931
0 0.865772 0.602260 0.006378 0.016341
0 0.819100 0.602337 0.006108 0.016187
0 0.759886 0.526411 0.006638 0.016811
0 0.815947 0.710791 0.006829 0.017444
0 0.875580 0.506944 0.005500 0.013557
0 0.913790 0.602260 0.006710 0.016295
0 0.923869 0.506875 0.005280 0.013249
17 0.356025 0.483170 0.018537 0.028775
33 0.579354 0.755738 0.009297 0.021536
33 0.551960 0.754976 0.009275 0.022690
33 0.478677 0.251161 0.015727 0.013123
33 0.355030 0.089622 0.009577 0.018310
34 0.193094 0.238189 0.054561 0.020863
34 0.355777 0.230983 0.008676 0.023688
34 0.829739 0.786419 0.022460 0.019638
34 0.408209 0.503408 0.023215 0.020382
34 0.456387 0.504669 0.023419 0.019313
34 0.183024 0.620797 0.021970 0.019820
34 0.183186 0.755225 0.023100 0.019553
34 0.498862 0.252146 0.023082 0.021362
34 0.401630 0.411093 0.025717 0.030177
34 0.724650 0.135637 0.022939 0.018917
34 0.724863 0.113520 0.023360 0.019231
34 0.355296 0.070945 0.022800 0.018093
