34 0.226672 0.656969 0.005770 0.012428
34 0.084112 0.819107 0.022865 0.010872
34 0.355431 0.058051 0.018477 0.023289
34 0.533260 0.177475 0.015675 0.014363
34 0.711822 0.024241 0.022959 0.006520
34 0.414491 0.251479 0.017121 0.015127
34 0.434116 0.251130 0.005846 0.012605
34 0.353677 0.498420 0.017065 0.013745
34 0.910299 0.484038 0.017879 0.013109
34 0.566983 0.505516 0.049434 0.031778
34 0.353181 0.528733 0.009988 0.008450
34 0.659623 0.785844 0.034690 0.021701
34 0.541153 0.729268 0.029688 0.007489
34 0.705569 0.529182 0.010494 0.008059
34 0.412039 0.749486 0.004875 0.014389
34 0.179182 0.171207 0.018074 0.013802
33 0.244311 0.250715 0.015653 0.012630
33 0.406758 0.788263 0.015010 0.012297
29 0.666978 0.315442 0.233852 0.066837
34 0.139512 0.027561 0.064367 0.012722
35 0.096678 0.053172 0.009940 0.030465
35 0.130165 0.053172 0.009702 0.030465
35 0.148860 0.053005 0.009702 0.030131
35 0.183057 0.052335 0.011360 0.030798
35 0.218436 0.053005 0.009704 0.030798
35 0.250975 0.053507 0.009940 0.032474
35 0.339364 0.053340 0.009704 0.029461
0 0.254159 0.130077 0.012133 0.008652
0 0.132808 0.229645 0.012413 0.008404
0 0.132940 0.284004 0.012677 0.009154
34 0.168263 0.302404 0.022317 0.008592
34 0.162902 0.184067 0.023241 0.008407
34 0.159469 0.201438 0.005018 0.014383
34 0.166335 0.245336 0.022975 0.008034
34 0.164024 0.390294 0.005151 0.011394
34 0.173017 0.430083 0.005679 0.012516
35 0.283804 0.380953 0.021787 0.012143
0 0.254212 0.225349 0.012280 0.009154
34 0.300957 0.198357 0.023372 0.010462
34 0.301022 0.150536 0.021920 0.008966
0 0.254079 0.177062 0.012280 0.010088
33 0.405803 0.479303 0.009112 0.019427
34 0.415184 0.733538 0.024176 0.007846
35 0.525384 0.419248 0.022448 0.012516
34 0.507281 0.130455 0.005546 0.011767
34 0.624221 0.023326 0.023636 0.008219
34 0.667058 0.023511 0.023503 0.008219
0 0.582297 0.099913 0.006604 0.016811
0 0.625529 0.100100 0.005941 0.016814
0 0.668048 0.100286 0.006205 0.016064
34 0.669883 0.320953 0.078304 0.018122
34 0.753449 0.024426 0.024903 0.008646
35 0.504632 0.169604 0.010203 0.030750
35 0.431213 0.053346 0.008872 0.030436
35 0.398495 0.053974 0.009537 0.032320
35 0.372211 0.053502 0.009317 0.031376
35 0.861205 0.037343 0.021737 0.013807
35 0.156047 0.475160 0.010203 0.031693
35 0.213111 0.424953 0.021960 0.012864
35 0.290746 0.338505 0.009539 0.031379
35 0.524707 0.497750 0.022846 0.014121
35 0.566024 0.474530 0.010203 0.032320
35 0.074531 0.721723 0.027728 0.014121
35 0.096658 0.602827 0.023388 0.013559
35 0.338990 0.656925 0.010203 0.031376
35 0.483561 0.555573 0.022182 0.013807
35 0.574452 0.590717 0.028392 0.013180
35 0.540293 0.747610 0.009317 0.032006
35 0.971882 0.533608 0.024621 0.010356
35 0.955912 0.733645 0.009982 0.034517
35 0.350964 0.802662 0.021904 0.012773
35 0.418858 0.932042 0.009222 0.030986
35 0.456902 0.953242 0.021902 0.013591
35 0.657851 0.802254 0.026322 0.013861
35 0.683597 0.912199 0.022097 0.013591
35 0.683982 0.953105 0.022097 0.014406
35 0.658140 0.835142 0.027282 0.013864
35 0.746112 0.885291 0.021712 0.013591
35 0.969176 0.832833 0.027091 0.013046
34 0.777466 0.885654 0.039384 0.020804
34 0.874045 0.790956 0.017901 0.014383
34 0.570548 0.868206 0.016978 0.013699
34 0.568272 0.884191 0.017063 0.013500
34 0.626099 0.797489 0.008294 0.007501
34 0.588294 0.851794 0.008727 0.007920
34 0.132081 0.210087 0.015709 0.013078
34 0.147688 0.204910 0.015143 0.013907
34 0.098549 0.200564 0.016783 0.013987
34 0.064107 0.219114 0.017423 0.013588
34 0.165725 0.057572 0.019057 0.022343
34 0.151099 0.235061 0.008564 0.007569
34 0.127940 0.168938 0.016996 0.013539
34 0.084541 0.175234 0.005955 0.012588
34 0.109819 0.111100 0.005073 0.014038
34 0.254003 0.110467 0.017885 0.013480
34 0.213253 0.102528 0.009130 0.008287
34 0.254217 0.157053 0.018374 0.013691
34 0.277275 0.200761 0.018201 0.013520
34 0.196873 0.122830 0.008715 0.008014
34 0.279231 0.105339 0.018004 0.014149
34 0.352307 0.110405 0.006031 0.014329
34 0.234883 0.058229 0.021446 0.023656
34 0.213628 0.155721 0.017309 0.014280
34 0.311163 0.213326 0.005590 0.012203
34 0.270409 0.125071 0.010101 0.007600
34 0.446657 0.201136 0.010490 0.007846
34 0.236617 0.028163 0.061255 0.013750
34 0.272088 0.135728 0.008705 0.007125
34 0.300855 0.105778 0.023697 0.014355
34 0.231310 0.189377 0.005876 0.014759
34 0.253987 0.205690 0.017844 0.013197
34 0.279936 0.152927 0.018707 0.013360
34 0.268134 0.219840 0.010030 0.006851
34 0.300600 0.241620 0.008203 0.008250
34 0.503930 0.188917 0.020963 0.008122
34 0.385172 0.028029 0.060723 0.013146
34 0.422495 0.227821 0.006199 0.012713
34 0.414682 0.057686 0.018864 0.022639
34 0.411291 0.111186 0.005379 0.014295
34 0.467308 0.227199 0.005868 0.015030
34 0.499334 0.112994 0.018809 0.014189
34 0.517178 0.164621 0.006068 0.012776
34 0.370920 0.241372 0.006166 0.015095
34 0.664703 0.075480 0.005248 0.014369
34 0.621464 0.048075 0.005554 0.014708
34 0.621435 0.075902 0.005244 0.014215
34 0.626862 0.201287 0.010393 0.007578
34 0.577460 0.165645 0.006390 0.015053
34 0.620849 0.165660 0.005788 0.014785
34 0.663835 0.165731 0.005937 0.014751
34 0.595022 0.087589 0.008558 0.007478
34 0.638343 0.087585 0.008822 0.007441
34 0.664742 0.048076 0.005665 0.014688
34 0.580783 0.023954 0.024039 0.006882
34 0.486553 0.242350 0.017736 0.014628
34 0.543228 0.244611 0.005437 0.014722
34 0.657583 0.127538 0.008332 0.008430
34 0.593861 0.062816 0.014490 0.013861
34 0.680186 0.062645 0.015050 0.013292
34 0.638352 0.041919 0.008932 0.008507
34 0.578830 0.074662 0.004944 0.014198
34 0.638071 0.101469 0.017726 0.013716
34 0.595563 0.100858 0.017887 0.013263
34 0.588738 0.220705 0.018721 0.014503
34 0.681270 0.087563 0.008467 0.007655
34 0.578503 0.048027 0.005548 0.014600
34 0.681313 0.041986 0.008771 0.008361
34 0.817860 0.244882 0.016964 0.013463
34 0.766858 0.042247 0.008608 0.007504
34 0.777793 0.032281 0.008797 0.007680
34 0.707702 0.048076 0.005526 0.014545
34 0.749143 0.248606 0.005647 0.012978
34 0.766503 0.173586 0.006084 0.014867
34 0.862104 0.026104 0.038141 0.009535
34 0.750700 0.048092 0.005155 0.014543
34 0.804621 0.049249 0.016112 0.013659
34 0.578256 0.248760 0.006001 0.013058
34 0.637126 0.062739 0.014595 0.013582
34 0.681265 0.100751 0.017857 0.013391
34 0.595194 0.041877 0.008850 0.008433
34 0.724028 0.100769 0.017782 0.013240
34 0.724310 0.041956 0.008789 0.008290
34 0.766220 0.062826 0.014567 0.013585
34 0.852971 0.226080 0.017071 0.014372
34 0.875959 0.129812 0.017417 0.013377
34 0.707151 0.165747 0.005761 0.014571
34 0.815960 0.224846 0.017226 0.013967
34 0.791621 0.140685 0.019861 0.017324
34 0.795304 0.211402 0.018247 0.014734
34 0.766665 0.247987 0.005421 0.013921
34 0.767942 0.100939 0.018342 0.013608
34 0.795320 0.193748 0.018328 0.014631
34 0.818291 0.205891 0.016980 0.013423
34 0.838643 0.200504 0.005679 0.012670
34 0.744622 0.220644 0.018789 0.014443
34 0.818872 0.126338 0.016813 0.013149
34 0.917916 0.145202 0.005510 0.012371
34 0.932327 0.127538 0.015697 0.013098
34 0.903650 0.128558 0.015971 0.013668
34 0.767421 0.087566 0.008501 0.007501
34 0.830581 0.049526 0.016231 0.012981
34 0.750598 0.075125 0.005258 0.014565
34 0.707282 0.075744 0.005830 0.014269
34 0.749876 0.165573 0.006021 0.015278
34 0.827088 0.171775 0.005526 0.012647
34 0.724274 0.087663 0.008511 0.007501
34 0.766956 0.207680 0.005109 0.014551
34 0.890448 0.149498 0.010248 0.007472
34 0.723160 0.062717 0.014684 0.013671
34 0.809988 0.149164 0.009891 0.008324
34 0.149768 0.259880 0.017091 0.013571
34 0.100773 0.390433 0.017081 0.013497
34 0.160247 0.336412 0.010167 0.007153
34 0.132565 0.321949 0.015711 0.013605
34 0.100779 0.416676 0.017109 0.013762
34 0.100828 0.361959 0.017373 0.013722
34 0.150934 0.289783 0.008705 0.007740
34 0.165270 0.443843 0.017345 0.015426
34 0.132103 0.264749 0.015608 0.013579
34 0.166338 0.318605 0.005447 0.014526
34 0.108815 0.301627 0.006322 0.015628
34 0.156272 0.372432 0.015816 0.013175
34 0.163994 0.260839 0.005308 0.014742
34 0.155017 0.493618 0.021166 0.009145
34 0.288117 0.398602 0.019188 0.013078
34 0.300863 0.455621 0.017778 0.013813
34 0.301949 0.485990 0.017403 0.012767
34 0.263968 0.419313 0.010715 0.008378
34 0.187125 0.323029 0.006060 0.013046
34 0.230894 0.406632 0.005898 0.014956
34 0.213852 0.413353 0.025878 0.010496
34 0.290203 0.357065 0.021378 0.008247
34 0.230836 0.342844 0.006221 0.014853
34 0.212509 0.293756 0.018584 0.013936
34 0.149396 0.317307 0.017083 0.013708
34 0.159161 0.278705 0.010248 0.007481
34 0.100707 0.443376 0.017236 0.013083
34 0.151543 0.347220 0.008251 0.007133
34 0.259225 0.370030 0.018358 0.013881
34 0.315163 0.492371 0.009182 0.007153
34 0.283485 0.260309 0.018151 0.013471
34 0.326984 0.306148 0.016285 0.013300
34 0.301722 0.311727 0.005858 0.013126
34 0.261405 0.253532 0.017746 0.008917
34 0.285761 0.370977 0.030766 0.007256
34 0.316154 0.326837 0.017724 0.013691
34 0.387919 0.262018 0.017937 0.013964
34 0.457246 0.456020 0.013928 0.013180
34 0.496751 0.327763 0.017699 0.013890
34 0.480431 0.485923 0.013413 0.013215
34 0.405872 0.497451 0.014444 0.013631
34 0.438011 0.444999 0.014031 0.013343
34 0.485652 0.277392 0.017846 0.014004
34 0.496737 0.485972 0.013594 0.013386
34 0.391589 0.298092 0.016011 0.013608
34 0.379986 0.303696 0.008848 0.008173
34 0.246618 0.328655 0.009134 0.008122
34 0.327413 0.274226 0.016237 0.013388
34 0.243565 0.375591 0.008914 0.007979
34 0.246063 0.315150 0.016219 0.013349
34 0.414116 0.283987 0.017857 0.013668
34 0.524727 0.401904 0.024708 0.020445
34 0.524700 0.482672 0.027035 0.014309
34 0.411748 0.268334 0.018008 0.013260
34 0.403987 0.371089 0.010431 0.008886
34 0.489621 0.294315 0.009222 0.008435
34 0.496576 0.359373 0.017633 0.013474
34 0.494367 0.343702 0.017599 0.013571
34 0.448773 0.268652 0.017607 0.014648
34 0.422078 0.433542 0.014378 0.013280
34 0.514569 0.311218 0.008795 0.007811
34 0.654410 0.484309 0.005907 0.015611
34 0.636444 0.428812 0.008759 0.008179
34 0.534597 0.344205 0.012784 0.014930
34 0.562288 0.427727 0.005552 0.011835
34 0.617279 0.454776 0.005490 0.012055
34 0.457354 0.485767 0.014224 0.013243
34 0.447695 0.405519 0.017530 0.014269
34 0.405231 0.440757 0.014188 0.013699
34 0.467426 0.340172 0.005969 0.015386
34 0.387273 0.451553 0.018685 0.019778
34 0.390068 0.339819 0.018042 0.014035
34 0.371155 0.400244 0.005546 0.014446
34 0.417114 0.419615 0.010191 0.007808
34 0.637458 0.393652 0.018066 0.013773
34 0.703750 0.393514 0.018213 0.013793
34 0.678360 0.413594 0.010991 0.008202
34 0.595212 0.471546 0.016741 0.013135
34 0.597461 0.455865 0.016714 0.013440
34 0.615833 0.394218 0.017983 0.013702
34 0.578526 0.252008 0.005985 0.005868
34 0.597296 0.487605 0.016964 0.013460
34 0.550244 0.441661 0.018457 0.013656
34 0.631976 0.471701 0.016728 0.014574
34 0.549545 0.407065 0.018501 0.013913
34 0.595159 0.394051 0.017893 0.013802
34 0.766990 0.251919 0.005673 0.005663
34 0.762526 0.473199 0.017462 0.013830
34 0.826743 0.354999 0.005782 0.012898
34 0.708546 0.393624 0.008550 0.013528
34 0.763763 0.409335 0.005717 0.012827
34 0.745736 0.456907 0.010647 0.007828
34 0.706426 0.439514 0.017949 0.013289
34 0.959884 0.495361 0.014998 0.008105
34 0.923111 0.285370 0.006106 0.015118
34 0.935058 0.495251 0.013892 0.007669
34 0.749602 0.251921 0.006025 0.005694
34 0.755264 0.395142 0.017861 0.013585
34 0.741419 0.431495 0.018193 0.014075
34 0.153677 0.736784 0.006062 0.013881
34 0.150338 0.577619 0.017647 0.013614
34 0.096643 0.588323 0.025719 0.013733
34 0.103682 0.626972 0.011275 0.007880
34 0.147690 0.715315 0.022041 0.007791
34 0.148868 0.639279 0.017023 0.013656
34 0.134230 0.615497 0.006152 0.015315
34 0.126427 0.627561 0.012573 0.007763
34 0.177621 0.739791 0.014283 0.007885
34 0.108230 0.739335 0.012609 0.007429
34 0.074079 0.698391 0.040592 0.035352
34 0.135640 0.738668 0.017303 0.008472
34 0.129088 0.597930 0.008846 0.008085
34 0.237702 0.543606 0.005643 0.014491
34 0.104407 0.696228 0.017657 0.013420
34 0.202740 0.715710 0.010238 0.008484
34 0.339336 0.681215 0.040199 0.021496
34 0.259290 0.696137 0.017701 0.013215
34 0.299508 0.696708 0.017865 0.013252
34 0.253803 0.587516 0.017752 0.013847
34 0.187373 0.657337 0.006144 0.013420
34 0.284030 0.711005 0.005687 0.012274
34 0.304169 0.731743 0.005852 0.012667
34 0.226533 0.740165 0.008590 0.007563
34 0.237145 0.644849 0.006003 0.014987
34 0.217227 0.733209 0.005824 0.013286
34 0.449570 0.577454 0.005784 0.012724
34 0.484470 0.546515 0.030363 0.007979
34 0.429533 0.610177 0.017176 0.013542
34 0.437892 0.546009 0.005751 0.012998
34 0.427199 0.594312 0.017057 0.013599
34 0.463968 0.594279 0.017049 0.014149
34 0.447047 0.551093 0.008578 0.007971
34 0.313540 0.739459 0.008793 0.007729
34 0.676760 0.514506 0.017105 0.014112
34 0.566805 0.779128 0.018034 0.013223
34 0.459467 0.544171 0.018270 0.013226
34 0.445868 0.714785 0.010387 0.007620
34 0.429708 0.578046 0.017099 0.013705
34 0.618547 0.560244 0.013668 0.007851
34 0.640169 0.560650 0.014613 0.007928
34 0.642943 0.584121 0.008711 0.008230
34 0.659164 0.695255 0.006096 0.013189
34 0.695034 0.705721 0.006007 0.012781
34 0.695161 0.617893 0.005971 0.012713
34 0.677915 0.556416 0.017067 0.013916
34 0.605267 0.656334 0.006235 0.013101
34 0.685615 0.634558 0.016610 0.014349
34 0.636702 0.509065 0.017534 0.014249
34 0.695167 0.577650 0.005717 0.012650
34 0.810413 0.615586 0.006342 0.015315
34 0.574040 0.570094 0.048427 0.028373
34 0.678306 0.675942 0.017587 0.013890
34 0.685664 0.526614 0.005610 0.011907
34 0.668518 0.601964 0.008713 0.007552
34 0.650863 0.618267 0.016916 0.013343
34 0.648364 0.633944 0.017224 0.013417
34 0.650656 0.650003 0.017226 0.013548
34 0.536941 0.787995 0.005087 0.003867
34 0.750791 0.748488 0.017617 0.013448
34 0.879068 0.730865 0.016755 0.013163
34 0.768386 0.732002 0.008892 0.008028
34 0.878989 0.762625 0.017010 0.013423
34 0.731762 0.561337 0.006050 0.011969
34 0.750613 0.780121 0.017979 0.013619
34 0.714750 0.715234 0.010580 0.008091
34 0.878597 0.607635 0.017270 0.013548
34 0.742930 0.516148 0.005997 0.012263
34 0.879179 0.574273 0.016912 0.013876
34 0.875170 0.528658 0.009917 0.008361
34 0.768273 0.702287 0.005401 0.012713
34 0.786115 0.697856 0.017750 0.012816
34 0.723042 0.626161 0.017256 0.013423
34 0.785323 0.764924 0.017548 0.014078
34 0.866480 0.509202 0.017270 0.013702
34 0.877489 0.698961 0.009543 0.008814
34 0.856518 0.546123 0.008761 0.007652
34 0.866196 0.683474 0.017762 0.014238
34 0.723148 0.594611 0.016839 0.013691
34 0.847582 0.509353 0.017262 0.013485
34 0.721870 0.509071 0.017484 0.013514
34 0.786426 0.671526 0.018207 0.013249
34 0.866785 0.658035 0.017816 0.014212
34 0.762979 0.510460 0.017204 0.013055
34 0.757883 0.610799 0.017337 0.014070
34 0.856018 0.573792 0.016477 0.014081
34 0.731558 0.676872 0.006130 0.012770
34 0.911655 0.612880 0.016227 0.013283
34 0.921532 0.580345 0.006432 0.013502
34 0.940909 0.692377 0.018098 0.012818
34 0.909201 0.510607 0.017270 0.013081
34 0.894327 0.510678 0.005991 0.013377
34 0.952600 0.611931 0.005461 0.014657
34 0.887215 0.556243 0.005921 0.013574
34 0.938953 0.677157 0.018644 0.013785
34 0.825997 0.703968 0.006060 0.013158
34 0.743016 0.593477 0.005697 0.012174
34 0.876919 0.746998 0.017250 0.013391
34 0.907128 0.612780 0.006771 0.013636
34 0.748553 0.764601 0.017601 0.013374
34 0.720917 0.610510 0.017176 0.013748
34 0.978579 0.582093 0.016227 0.013682
34 0.920709 0.641999 0.016608 0.013203
34 0.971395 0.521211 0.016795 0.013463
34 0.938916 0.707347 0.018485 0.013634
34 0.944152 0.582865 0.016499 0.014024
34 0.896773 0.714129 0.008759 0.007774
34 0.903847 0.693001 0.018314 0.013508
34 0.964113 0.565201 0.005510 0.013645
34 0.933466 0.509322 0.017375 0.013856
34 0.913525 0.747107 0.017176 0.014226
34 0.942416 0.652226 0.008834 0.008333
34 0.295538 0.787620 0.017949 0.013827
34 0.295698 0.755688 0.017734 0.013286
34 0.206363 0.772421 0.018040 0.013551
34 0.243161 0.772991 0.017671 0.013956
34 0.153394 0.802629 0.005693 0.012063
34 0.112375 0.759843 0.017369 0.013331
34 0.094825 0.793987 0.008747 0.008247
34 0.131643 0.763196 0.017270 0.013055
34 0.092038 0.762979 0.017105 0.013061
34 0.112254 0.787848 0.017518 0.013115
34 0.155709 0.819229 0.022075 0.013027
34 0.168669 0.786429 0.017214 0.013366
34 0.394592 0.797307 0.009414 0.008293
34 0.504524 0.874447 0.017754 0.013927
34 0.537088 0.792112 0.006211 0.013121
34 0.431915 0.835653 0.005977 0.012029
34 0.450981 0.787847 0.006273 0.012069
34 0.423052 0.779796 0.005532 0.012035
34 0.522522 0.815509 0.005612 0.013867
34 0.303209 0.878645 0.006317 0.013334
34 0.216509 0.881335 0.006096 0.013209
34 0.186741 0.877797 0.006773 0.013679
34 0.349417 0.792806 0.026428 0.009972
34 0.293338 0.772068 0.017760 0.013728
34 0.330037 0.771936 0.015735 0.013140
34 0.208724 0.788163 0.018104 0.013659
34 0.208988 0.756540 0.018229 0.013873
34 0.400200 0.775074 0.017552 0.013938
34 0.528736 0.776693 0.018112 0.013859
34 0.427958 0.887042 0.005731 0.012368
34 0.379072 0.776156 0.017846 0.013730
34 0.499348 0.930415 0.017794 0.015825
34 0.438853 0.759634 0.017597 0.013386
34 0.513398 0.823401 0.009303 0.007903
34 0.514455 0.797590 0.009942 0.007846
34 0.541193 0.821063 0.016011 0.013508
34 0.504560 0.848816 0.017597 0.013545
34 0.479403 0.777484 0.017705 0.013673
34 0.499544 0.777555 0.017826 0.013588
34 0.500862 0.892915 0.017844 0.013309
34 0.501094 0.816758 0.018179 0.013300
34 0.514666 0.900569 0.009081 0.007977
34 0.593705 0.821433 0.017353 0.013548
34 0.642922 0.888957 0.017512 0.013668
34 0.605016 0.884467 0.017353 0.014457
34 0.567276 0.831480 0.009243 0.008433
34 0.570602 0.899963 0.017405 0.013725
34 0.684724 0.940856 0.032659 0.015175
34 0.684113 0.898444 0.031896 0.015133
34 0.620249 0.829014 0.008636 0.008253
34 0.642814 0.929732 0.017687 0.013212
34 0.621468 0.851576 0.014188 0.007865
34 0.649383 0.851349 0.014095 0.008803
34 0.417791 0.950782 0.022274 0.008889
34 0.444260 0.900457 0.018479 0.015318
34 0.412095 0.772219 0.005379 0.013728
34 0.455656 0.940423 0.033165 0.014731
34 0.411129 0.829471 0.016513 0.013443
34 0.360850 0.287501 0.015798 0.008464
34 0.260801 0.269166 0.018161 0.014161
34 0.270361 0.172338 0.010089 0.007726
34 0.324971 0.287579 0.016199 0.008233
34 0.344799 0.257850 0.009198 0.007429
34 0.179243 0.139295 0.018074 0.013773
34 0.176740 0.155453 0.017899 0.013511
34 0.177319 0.270187 0.005753 0.012895
34 0.156232 0.224295 0.009954 0.006885
34 0.064394 0.180405 0.017220 0.013827
34 0.113341 0.057710 0.019555 0.022659
34 0.126769 0.186881 0.008956 0.007760
34 0.091584 0.144979 0.009434 0.008549
34 0.062323 0.199590 0.017184 0.013827
34 0.936450 0.807190 0.014166 0.008475
34 0.961466 0.807009 0.014788 0.008575
34 0.907949 0.826275 0.010915 0.008470
34 0.968938 0.821473 0.026217 0.009877
34 0.957160 0.758256 0.035351 0.015549
34 0.162530 0.114151 0.004956 0.014725
33 0.147514 0.219728 0.008884 0.015808
33 0.279300 0.120809 0.008479 0.016027
33 0.276922 0.215992 0.008405 0.015854
33 0.677242 0.076173 0.015214 0.012784
33 0.591289 0.076177 0.014412 0.012514
33 0.634004 0.076243 0.015127 0.012229
33 0.778356 0.194032 0.013541 0.012402
33 0.763127 0.076166 0.015532 0.012058
33 0.720014 0.076114 0.015774 0.012365
33 0.818950 0.143316 0.008836 0.019684
33 0.778474 0.211186 0.013523 0.012380
33 0.149927 0.274858 0.008554 0.015654
33 0.104975 0.429496 0.014446 0.012425
33 0.149635 0.332257 0.008558 0.015788
33 0.104835 0.455975 0.014287 0.012593
33 0.104999 0.375301 0.014382 0.012807
33 0.104986 0.403145 0.014392 0.012080
33 0.244028 0.269470 0.015534 0.012744
33 0.421016 0.454275 0.009164 0.024246
33 0.463602 0.406022 0.013235 0.012203
33 0.405760 0.458303 0.009220 0.016657
33 0.595020 0.409659 0.009146 0.016988
33 0.637408 0.409684 0.009188 0.017133
33 0.615592 0.409879 0.009126 0.016771
33 0.866049 0.524872 0.008604 0.016680
33 0.847698 0.524907 0.009112 0.016500
33 0.851231 0.657675 0.011632 0.012545
33 0.851195 0.683326 0.011551 0.012813
33 0.933736 0.524822 0.008959 0.016375
33 0.499163 0.793179 0.009087 0.017284
33 0.479491 0.793378 0.008902 0.016897
21 0.150256 0.169637 0.008078 0.012890
21 0.520826 0.190586 0.007663 0.011425
21 0.487791 0.137261 0.007456 0.010841
21 0.596960 0.244936 0.007043 0.012306
21 0.737404 0.245668 0.008286 0.013770
21 0.944077 0.152224 0.007840 0.010553
21 0.176560 0.459290 0.008076 0.010841
21 0.148703 0.398494 0.008284 0.012308
21 0.304627 0.340043 0.006998 0.010128
21 0.266499 0.315101 0.009146 0.012915
21 0.305163 0.261163 0.007716 0.011394
21 0.402563 0.323780 0.008491 0.011721
21 0.729223 0.445959 0.007665 0.010550
21 0.777792 0.397029 0.008699 0.011721
21 0.276618 0.697377 0.007663 0.011134
21 0.698775 0.515968 0.008493 0.011428
21 0.403288 0.854862 0.008699 0.010841
21 0.431869 0.914923 0.010770 0.012599
21 0.483544 0.920345 0.007663 0.012306
21 0.489757 0.842995 0.008491 0.012893
15 0.471222 0.242445 0.012012 0.016700
14 0.075902 0.198789 0.010564 0.013770
14 0.190768 0.155133 0.010770 0.013770
14 0.830191 0.224426 0.009114 0.016409
14 0.338751 0.289793 0.010564 0.014064
14 0.425863 0.267233 0.010357 0.013480
14 0.508398 0.342239 0.011390 0.014064
14 0.609076 0.472035 0.012218 0.015822
14 0.440982 0.594390 0.010357 0.014942
14 0.662512 0.633796 0.011390 0.012306
14 0.734505 0.609771 0.009942 0.013477
14 0.926532 0.692447 0.010550 0.012867
14 0.890604 0.746359 0.010733 0.014155
14 0.111837 0.774581 0.011600 0.014942
14 0.307477 0.771211 0.010977 0.014648
14 0.220593 0.772237 0.009942 0.013183
14 0.582462 0.884307 0.010770 0.014064
14 0.761947 0.763155 0.011392 0.014357
13 0.133988 0.221791 0.009587 0.007806
13 0.254559 0.122025 0.010770 0.009082
13 0.255698 0.217102 0.011392 0.008789
13 0.255284 0.169490 0.010149 0.010841
13 0.575673 0.098733 0.007683 0.014166
13 0.619915 0.099099 0.005870 0.011969
13 0.662775 0.099467 0.005957 0.013434
13 0.748434 0.099186 0.006992 0.011847
13 0.706091 0.098494 0.003640 0.012320
13 0.134287 0.333531 0.009323 0.008914
13 0.134288 0.276197 0.009841 0.008792
13 0.453870 0.770021 0.008030 0.018561
6 0.113864 0.124732 0.006301 0.006717
6 0.164316 0.210718 0.007174 0.006475
6 0.163971 0.191240 0.006136 0.005620
6 0.173856 0.239905 0.006052 0.005982
6 0.141785 0.229158 0.005447 0.006227
6 0.124351 0.230135 0.004919 0.005982
6 0.119302 0.229647 0.005179 0.005985
6 0.149671 0.166860 0.002838 0.003830
6 0.297321 0.109761 0.004996 0.006640
6 0.262456 0.129832 0.006003 0.005512
6 0.302562 0.140429 0.005693 0.005794
6 0.240803 0.129923 0.004776 0.005278
6 0.287825 0.224853 0.004805 0.005369
6 0.297664 0.205566 0.004305 0.004662
6 0.287825 0.177518 0.004603 0.006783
6 0.262605 0.177873 0.005105 0.005794
6 0.297413 0.156889 0.004605 0.003958
6 0.245577 0.225758 0.005522 0.006546
6 0.240728 0.224966 0.005224 0.005172
6 0.245690 0.177576 0.005147 0.005594
6 0.240728 0.177365 0.005224 0.005805
6 0.245765 0.129976 0.005147 0.006227
6 0.288175 0.129973 0.005105 0.006358
6 0.262505 0.225135 0.005304 0.005933
6 0.487888 0.135422 0.003588 0.003907
6 0.471623 0.257760 0.006050 0.007284
6 0.356018 0.125202 0.006211 0.008472
6 0.582154 0.112264 0.003961 0.007600
6 0.582490 0.063186 0.004633 0.007387
6 0.582527 0.030784 0.004410 0.005911
6 0.668282 0.118428 0.004694 0.008193
6 0.668981 0.111788 0.004895 0.007629
6 0.668531 0.087908 0.004194 0.009610
6 0.668381 0.062757 0.005095 0.007350
6 0.596579 0.242062 0.002901 0.003924
6 0.546321 0.221643 0.006420 0.007908
6 0.668581 0.031248 0.004494 0.005933
6 0.625538 0.119389 0.004782 0.007492
6 0.625389 0.112211 0.004932 0.007073
6 0.625389 0.031153 0.004932 0.006438
6 0.625539 0.087831 0.005083 0.008128
6 0.625464 0.063186 0.005977 0.006332
6 0.607484 0.081287 0.005081 0.008974
6 0.582191 0.119494 0.003886 0.007281
6 0.582265 0.088464 0.003886 0.007706
6 0.711587 0.111744 0.004795 0.008196
6 0.770861 0.222357 0.005353 0.006349
6 0.737584 0.242200 0.003366 0.004520
6 0.852767 0.154987 0.005385 0.010550
6 0.754698 0.031052 0.005592 0.008789
6 0.754640 0.063017 0.004559 0.006757
6 0.754529 0.088243 0.004633 0.007811
6 0.754640 0.112096 0.004112 0.007390
6 0.754379 0.119061 0.004035 0.008655
6 0.711488 0.031136 0.004394 0.005794
6 0.711388 0.063280 0.004795 0.007347
6 0.711488 0.088572 0.004994 0.007911
6 0.711338 0.119023 0.004295 0.008054
6 0.943656 0.149315 0.002889 0.003799
6 0.168118 0.251681 0.005093 0.005215
6 0.168032 0.270591 0.005439 0.007937
6 0.141919 0.283779 0.005868 0.005740
6 0.119042 0.283596 0.005353 0.005375
6 0.141573 0.341298 0.006044 0.005007
6 0.119431 0.340993 0.005437 0.005617
6 0.124697 0.341482 0.004921 0.006104
6 0.148393 0.394970 0.003282 0.003420
6 0.170794 0.308686 0.005294 0.006315
6 0.170515 0.328076 0.005852 0.009148
6 0.124654 0.284087 0.004835 0.006594
6 0.305211 0.258514 0.002677 0.005372
6 0.266753 0.311636 0.003280 0.003175
6 0.290863 0.483984 0.003797 0.005249
6 0.234573 0.394540 0.006007 0.010841
6 0.776959 0.393075 0.003133 0.003272
6 0.277021 0.694691 0.002965 0.003283
6 0.415818 0.740550 0.004178 0.005067
6 0.698812 0.512568 0.002846 0.003608
6 0.822321 0.533740 0.006213 0.006740
6 0.931898 0.628112 0.006003 0.008233
6 0.156987 0.767549 0.004970 0.011428
6 0.441349 0.780144 0.004325 0.007572
6 0.415333 0.760537 0.007536 0.008655
6 0.403207 0.852360 0.003296 0.004104
6 0.618810 0.802856 0.004349 0.007911
6 0.614150 0.803148 0.006628 0.008495
4 0.803992 0.031344 0.016775 0.025492
4 0.903976 0.148106 0.016372 0.025218
4 0.371702 0.341654 0.016362 0.023440
4 0.522896 0.874638 0.016775 0.024317
3 0.875735 0.148718 0.016982 0.024611
3 0.830585 0.031666 0.016984 0.024905
3 0.288505 0.418007 0.016156 0.024027
3 0.231549 0.293484 0.019053 0.023440
3 0.320090 0.456243 0.019261 0.021975
3 0.467368 0.276637 0.017605 0.023146
3 0.370978 0.499869 0.016984 0.024024
3 0.704328 0.412733 0.017190 0.024024
3 0.706813 0.456683 0.016362 0.025198
3 0.563200 0.442589 0.009942 0.014355
3 0.763190 0.491227 0.016775 0.022853
3 0.150028 0.597642 0.016362 0.024027
3 0.104877 0.716010 0.016362 0.025785
3 0.259406 0.715278 0.018018 0.024320
3 0.236623 0.586654 0.019261 0.021972
3 0.696147 0.676456 0.016154 0.019923
3 0.695940 0.555744 0.017810 0.022853
3 0.655864 0.511062 0.018848 0.025492
3 0.722285 0.528759 0.015739 0.022266
3 0.786056 0.716010 0.018227 0.024024
3 0.763066 0.528495 0.016156 0.024611
3 0.840008 0.573323 0.015947 0.022268
3 0.910051 0.528420 0.018008 0.022647
3 0.522358 0.847565 0.016984 0.020510
3 0.643644 0.947036 0.016777 0.024902
3 0.567447 0.796555 0.015949 0.022268
3 0.644162 0.907043 0.017397 0.024027
2 0.916093 0.692628 0.005026 0.014802
1 0.791917 0.153709 0.012532 0.008974
1 0.496405 0.497003 0.010675 0.009630
1 0.457186 0.467237 0.012377 0.010507
1 0.457109 0.496565 0.012840 0.008752
1 0.374396 0.261372 0.006422 0.019045
0 0.087232 0.200093 0.006475 0.013921
0 0.075924 0.218289 0.005957 0.013921
0 0.075664 0.180249 0.005437 0.013311
0 0.139761 0.168709 0.006388 0.013434
0 0.190826 0.170765 0.005693 0.014554
0 0.202462 0.155222 0.006793 0.013990
0 0.190926 0.139537 0.005494 0.014554
0 0.498906 0.123756 0.009496 0.008424
0 0.520703 0.176575 0.006128 0.013189
0 0.425961 0.252105 0.005008 0.014531
0 0.588877 0.232737 0.009289 0.008193
0 0.830066 0.244055 0.005395 0.014551
0 0.830116 0.205834 0.005494 0.014129
0 0.745039 0.232536 0.010054 0.008339
0 0.841453 0.225687 0.005594 0.015118
0 0.754454 0.100190 0.006313 0.016389
0 0.711266 0.100190 0.006231 0.015261
0 0.932444 0.137556 0.011825 0.010034
0 0.176534 0.444585 0.005353 0.014050
0 0.155968 0.383188 0.009402 0.008444
0 0.133031 0.341372 0.011980 0.007868
0 0.256626 0.313401 0.006241 0.014223
0 0.295455 0.259695 0.006241 0.014061
0 0.304701 0.326969 0.006009 0.014548
0 0.259167 0.380674 0.009708 0.008176
0 0.338850 0.274245 0.005894 0.014714
0 0.338619 0.305063 0.006356 0.014879
0 0.350291 0.289940 0.006356 0.015366
0 0.302796 0.496089 0.010770 0.009082
0 0.391125 0.308679 0.009289 0.008478
0 0.426183 0.283319 0.006092 0.014554
0 0.437469 0.267987 0.005095 0.014696
0 0.480483 0.497368 0.010185 0.008917
0 0.508110 0.327647 0.005298 0.014355
0 0.508521 0.358837 0.004774 0.014249
0 0.520086 0.343058 0.005671 0.014990
0 0.609226 0.487176 0.006652 0.013787
0 0.620443 0.472293 0.004952 0.015979
0 0.609072 0.455878 0.005723 0.015540
0 0.549664 0.419219 0.015624 0.012254
0 0.729292 0.431895 0.005671 0.013086
0 0.767006 0.395219 0.005000 0.012348
0 0.909683 0.496030 0.017049 0.012209
0 0.137491 0.638390 0.006388 0.014289
0 0.287086 0.696579 0.005159 0.012952
0 0.441566 0.609389 0.006267 0.013933
0 0.452682 0.593926 0.005820 0.014035
0 0.441417 0.577830 0.005373 0.014355
0 0.459361 0.555348 0.009923 0.008444
0 0.662683 0.649317 0.005894 0.014144
0 0.674136 0.634382 0.005520 0.013614
0 0.662758 0.618339 0.005596 0.013827
0 0.689002 0.514139 0.006835 0.014651
0 0.762566 0.748078 0.005870 0.014166
0 0.786408 0.683339 0.016080 0.011163
0 0.867952 0.573569 0.007681 0.022226
0 0.734890 0.625750 0.006041 0.013921
0 0.746459 0.610241 0.005697 0.013676
0 0.734501 0.594611 0.005610 0.014654
0 0.926968 0.677377 0.005786 0.013066
0 0.912554 0.623314 0.010455 0.007467
0 0.890579 0.730791 0.006090 0.013927
0 0.956354 0.582462 0.008932 0.019960
0 0.932043 0.642125 0.005379 0.013785
0 0.927019 0.708032 0.005685 0.015221
0 0.902050 0.746872 0.006090 0.013066
0 0.890843 0.607706 0.005888 0.015509
0 0.967417 0.582606 0.007917 0.019672
0 0.091856 0.773940 0.009998 0.008233
0 0.131548 0.774098 0.010743 0.008760
0 0.111627 0.798586 0.010445 0.008760
0 0.156542 0.786607 0.005224 0.014355
0 0.307682 0.756082 0.006267 0.014038
0 0.318949 0.771545 0.005820 0.013930
0 0.307533 0.786268 0.005373 0.013614
0 0.220576 0.756557 0.005447 0.014141
0 0.220427 0.787693 0.005298 0.013300
0 0.231767 0.772600 0.006342 0.012667
0 0.410732 0.840057 0.009237 0.008059
0 0.501028 0.828517 0.010445 0.007692
0 0.431019 0.900019 0.005612 0.013921
0 0.501202 0.905147 0.010272 0.009524
0 0.552450 0.821170 0.005894 0.014269
0 0.582165 0.820958 0.005993 0.014414
0 0.582464 0.899659 0.005395 0.014412
0 0.582514 0.867940 0.006092 0.014272
0 0.593650 0.884258 0.005794 0.014129
0 0.540215 0.777438 0.005993 0.014414
0 0.762134 0.779765 0.006041 0.014776
0 0.861925 0.791114 0.006267 0.014671
0 0.773961 0.764379 0.006044 0.015266
0 0.890780 0.761723 0.006539 0.014622
