0 0.294425 0.295030 0.004490 0.012174
0 0.221348 0.357512 0.008606 0.007233
0 0.178889 0.392417 0.005643 0.006577
0 0.903963 0.652317 0.004146 0.010784
0 0.898196 0.519946 0.004273 0.010328
0 0.943265 0.520135 0.004341 0.010747
0 0.956266 0.633529 0.004257 0.010011
0 0.153061 0.757704 0.002814 0.008131
0 0.162806 0.751656 0.003175 0.008584
0 0.330388 0.854625 0.004692 0.011775
0 0.287353 0.777125 0.007192 0.019316
0 0.502063 0.854691 0.004533 0.011952
0 0.406271 0.802626 0.004718 0.012308
0 0.459126 0.777115 0.007288 0.019421
0 0.611013 0.786435 0.004742 0.011473
0 0.577984 0.802552 0.004805 0.012457
0 0.611010 0.771834 0.004603 0.011322
0 0.909743 0.794429 0.001626 0.009074
0 0.832848 0.803246 0.004760 0.011644
0 0.850152 0.840858 0.004422 0.011775
0 0.811081 0.797903 0.004708 0.011547
0 0.764729 0.767592 0.004555 0.011365
0 0.860380 0.825489 0.009333 0.007427
0 0.953855 0.810071 0.004664 0.011502
0 0.910786 0.794855 0.003276 0.008775
0 0.936080 0.822095 0.004392 0.011565
34 0.920675 0.335023 0.017276 0.010712
34 0.577568 0.200577 0.009545 0.007253
34 0.666530 0.351458 0.003830 0.011955
34 0.659465 0.351924 0.005018 0.013263
0 0.569017 0.501382 0.004166 0.010915
0 0.601235 0.501097 0.004251 0.011143
0 0.584858 0.501570 0.004120 0.010436
0 0.618393 0.501208 0.004241 0.011137
0 0.634616 0.501388 0.004579 0.010641
0 0.512293 0.501074 0.004029 0.010413
0 0.463656 0.500985 0.004198 0.010690
0 0.480335 0.501015 0.004390 0.010693
0 0.496236 0.500705 0.004176 0.011100
0 0.100693 0.251154 0.004517 0.011627
25 0.541845 0.426040 0.087397 0.057324
34 0.177800 0.264560 0.007695 0.007461
34 0.176501 0.277619 0.014645 0.012029
34 0.358170 0.837243 0.024438 0.027914
34 0.524102 0.800875 0.015951 0.027546
34 0.526798 0.772532 0.016352 0.026951
34 0.172633 0.750504 0.014746 0.012551
34 0.352021 0.801730 0.016185 0.029085
34 0.895807 0.500868 0.006364 0.011425
34 0.806809 0.566084 0.022361 0.030898
34 0.593493 0.501438 0.012566 0.011254
34 0.561115 0.501174 0.011686 0.012209
34 0.626644 0.501359 0.013058 0.011610
34 0.610460 0.501388 0.012891 0.011781
34 0.576850 0.501734 0.012125 0.010821
34 0.520468 0.501086 0.011751 0.011405
34 0.472097 0.500875 0.012272 0.010926
34 0.488240 0.500668 0.011940 0.011539
34 0.455570 0.500353 0.011624 0.012847
34 0.504172 0.501093 0.011692 0.011419
34 0.355005 0.774708 0.015973 0.030522
34 0.179640 0.519087 0.017017 0.012821
34 0.179339 0.672808 0.018912 0.012320
34 0.232603 0.501636 0.005399 0.010966
34 0.187776 0.499711 0.005741 0.011106
34 0.883466 0.376550 0.013830 0.011385
34 0.704989 0.363259 0.022750 0.030661
34 0.806923 0.328018 0.019768 0.025811
34 0.091149 0.251100 0.013741 0.011063
34 0.881932 0.814500 0.023533 0.012021
0 0.301329 0.353646 0.008511 0.006922
0 0.185618 0.277853 0.004488 0.011869
0 0.245128 0.392524 0.008330 0.005987
0 0.305039 0.270651 0.008564 0.006683
0 0.227732 0.270157 0.008574 0.006623
0 0.242398 0.301889 0.004555 0.012003
0 0.512306 0.330000 0.004216 0.010693
0 0.528731 0.500985 0.004142 0.010741
0 0.496010 0.330003 0.004224 0.010459
0 0.360719 0.392730 0.008308 0.006589
0 0.495987 0.353324 0.004154 0.010160
0 0.462518 0.353384 0.004251 0.010205
0 0.479516 0.353270 0.004108 0.010211
0 0.512309 0.353286 0.004178 0.009906
0 0.357921 0.301391 0.004311 0.011667
0 0.479667 0.329943 0.004289 0.010351
0 0.462604 0.329980 0.004212 0.010402
0 0.599267 0.329342 0.004158 0.010048
0 0.632575 0.352806 0.004230 0.010142
0 0.529729 0.353216 0.003004 0.010376
0 0.529767 0.329959 0.003100 0.010775
0 0.615970 0.352847 0.004083 0.010094
0 0.615979 0.329420 0.003928 0.010131
0 0.599316 0.352880 0.004136 0.010114
0 0.567178 0.329496 0.004130 0.010202
0 0.632582 0.329453 0.004120 0.010197
0 0.582970 0.329426 0.004136 0.010228
0 0.583014 0.352865 0.004230 0.010285
0 0.567042 0.352831 0.004241 0.010251
0 0.883099 0.385114 0.008374 0.006432
0 0.820429 0.385187 0.008235 0.006463
0 0.752762 0.385182 0.008175 0.006540
0 0.818173 0.303713 0.004299 0.012043
0 0.754836 0.297016 0.004647 0.011775
0 0.804332 0.273109 0.008443 0.006446
0 0.796770 0.356483 0.008149 0.006555
0 0.940830 0.277999 0.004412 0.012465
0 0.885507 0.296949 0.004462 0.012040
0 0.891324 0.354402 0.008695 0.006763
0 0.894968 0.270997 0.008719 0.006663
0 0.950685 0.385094 0.008473 0.006939
0 0.134772 0.696280 0.004488 0.012086
0 0.293832 0.568738 0.004448 0.012117
0 0.330714 0.667843 0.004506 0.010396
0 0.241811 0.504611 0.004206 0.010208
0 0.190397 0.519077 0.004255 0.009963
0 0.337351 0.659340 0.004351 0.010644
0 0.250874 0.645799 0.004299 0.010180
0 0.191982 0.672981 0.004380 0.010379
0 0.238216 0.664571 0.004120 0.010311
0 0.235605 0.519194 0.004438 0.010134
0 0.324691 0.651895 0.004382 0.010613
0 0.244911 0.668561 0.004194 0.010955
0 0.197945 0.504712 0.004230 0.010427
0 0.198740 0.664528 0.004535 0.010613
0 0.186161 0.657087 0.004466 0.010926
0 0.463705 0.524259 0.004230 0.010302
0 0.389586 0.647394 0.004426 0.010313
0 0.512225 0.524302 0.004116 0.010125
0 0.480352 0.524305 0.004140 0.009972
0 0.496242 0.524335 0.004071 0.009997
0 0.376955 0.659393 0.004313 0.010333
0 0.383580 0.663319 0.004230 0.010718
0 0.634591 0.524940 0.004645 0.010821
0 0.529474 0.502144 0.002542 0.007994
0 0.618203 0.525043 0.004500 0.010348
0 0.601189 0.524939 0.004319 0.010784
0 0.529631 0.524216 0.002857 0.010462
0 0.584839 0.524953 0.004275 0.010926
0 0.569081 0.525006 0.004134 0.010792
0 0.804853 0.664563 0.004194 0.010328
0 0.866840 0.584759 0.004474 0.011810
0 0.752710 0.657085 0.004541 0.010852
0 0.811541 0.668577 0.004073 0.010855
0 0.817482 0.645933 0.004388 0.010789
0 0.758625 0.672982 0.004220 0.010462
0 0.765394 0.664501 0.004559 0.010621
0 0.879918 0.717860 0.008467 0.006669
0 0.905687 0.505466 0.004174 0.010584
0 0.891295 0.644840 0.004186 0.010308
0 0.943584 0.652247 0.004347 0.010992
0 0.949601 0.505492 0.004323 0.010482
0 0.897285 0.660684 0.004253 0.010271
0 0.950219 0.656079 0.004317 0.010881
35 0.134384 0.143042 0.018687 0.012337
35 0.096311 0.101684 0.017748 0.011730
35 0.134312 0.179543 0.018261 0.012189
35 0.261259 0.163292 0.018606 0.011148
35 0.291231 0.141636 0.008086 0.026161
35 0.734113 0.029500 0.019869 0.011596
35 0.100900 0.278203 0.008469 0.026894
35 0.408527 0.466032 0.018215 0.012229
35 0.408516 0.447343 0.018096 0.012582
35 0.916437 0.718072 0.018261 0.011186
35 0.150275 0.798869 0.008286 0.026708
35 0.134703 0.798708 0.008052 0.026016
35 0.344324 0.906180 0.008173 0.026119
35 0.516043 0.906116 0.008451 0.026116
35 0.648444 0.779109 0.017577 0.010809
35 0.688304 0.874875 0.018139 0.011334
35 0.610954 0.808303 0.008286 0.026016
35 0.811032 0.826302 0.008721 0.026221
35 0.759466 0.844055 0.017913 0.011690
35 0.879665 0.825598 0.018701 0.011670
35 0.833112 0.831488 0.008751 0.026982
35 0.789143 0.829782 0.008459 0.026426
35 0.969307 0.778947 0.017546 0.010758
35 0.953990 0.844889 0.008423 0.025834
35 0.902742 0.829353 0.008699 0.026640
34 0.955250 0.866609 0.026084 0.018153
34 0.751826 0.886445 0.024768 0.028045
34 0.759670 0.832622 0.032321 0.012231
34 0.801229 0.797397 0.014746 0.011351
34 0.860413 0.840583 0.014895 0.012873
34 0.775263 0.801834 0.013942 0.011362
34 0.814706 0.857294 0.007301 0.006894
34 0.742310 0.839376 0.008523 0.006657
34 0.822754 0.802666 0.014504 0.011676
34 0.860518 0.814845 0.015351 0.012300
34 0.162546 0.122237 0.015028 0.011405
34 0.129624 0.080797 0.015244 0.011761
34 0.162382 0.158538 0.014365 0.011542
34 0.127709 0.112694 0.015228 0.012257
34 0.112696 0.179477 0.022190 0.012308
34 0.112610 0.142757 0.021807 0.012844
34 0.159511 0.080043 0.015377 0.011342
34 0.097764 0.225882 0.004891 0.011325
34 0.178617 0.246528 0.008394 0.006973
34 0.214916 0.179628 0.008632 0.007236
34 0.243979 0.080120 0.015733 0.011946
34 0.212337 0.152856 0.014061 0.011376
34 0.207693 0.079849 0.015330 0.011479
34 0.227052 0.150449 0.013721 0.011203
34 0.260844 0.151493 0.018203 0.012522
34 0.188580 0.119920 0.004895 0.012824
34 0.336778 0.137970 0.009116 0.006711
34 0.321859 0.128775 0.015624 0.011473
34 0.179126 0.096857 0.006056 0.006121
34 0.226087 0.080124 0.015465 0.011915
34 0.241802 0.153048 0.014176 0.011237
34 0.645880 0.136764 0.007703 0.007196
34 0.638740 0.124196 0.007947 0.006660
34 0.632074 0.111590 0.007846 0.007848
34 0.450574 0.078609 0.015532 0.012323
34 0.438916 0.096885 0.009198 0.006708
34 0.470721 0.078819 0.015488 0.012092
34 0.522452 0.246633 0.009122 0.006238
34 0.358438 0.121003 0.012605 0.011456
34 0.417735 0.078856 0.015260 0.011944
34 0.369225 0.080100 0.015570 0.011878
34 0.398035 0.078736 0.015155 0.012274
34 0.706964 0.289497 0.004617 0.004551
34 0.768113 0.065080 0.007637 0.007543
34 0.794614 0.201877 0.009087 0.006523
34 0.770031 0.246341 0.008950 0.006731
34 0.765554 0.033494 0.039746 0.026600
34 0.675780 0.026147 0.007425 0.006936
34 0.705402 0.040242 0.019039 0.013468
34 0.679604 0.073112 0.008539 0.006651
34 0.670446 0.083356 0.007798 0.005777
34 0.120245 0.440556 0.031408 0.015936
34 0.158587 0.353854 0.005498 0.011687
34 0.127021 0.356483 0.005544 0.010333
34 0.120604 0.425077 0.019166 0.014520
34 0.122377 0.378246 0.007623 0.006318
34 0.110559 0.332405 0.004909 0.011342
34 0.918117 0.247149 0.008354 0.005993
34 0.244962 0.384091 0.013864 0.011049
34 0.220364 0.347932 0.015735 0.011881
34 0.227070 0.261347 0.015332 0.011727
34 0.180454 0.384089 0.008773 0.011451
34 0.281625 0.386111 0.004651 0.011471
34 0.191128 0.310712 0.015810 0.009416
34 0.331285 0.333571 0.016326 0.010128
34 0.096798 0.299659 0.030485 0.015187
34 0.166621 0.357569 0.004450 0.012288
34 0.224746 0.320433 0.019521 0.014677
34 0.326130 0.426932 0.028824 0.013049
34 0.202556 0.303866 0.004690 0.010245
34 0.219026 0.473166 0.007637 0.006195
34 0.209790 0.426480 0.027381 0.012630
34 0.273631 0.326897 0.004764 0.011867
34 0.305245 0.261701 0.012226 0.011223
34 0.232269 0.301694 0.015151 0.011562
34 0.303641 0.295376 0.013668 0.011522
34 0.347792 0.300918 0.015689 0.012032
34 0.504157 0.329933 0.011589 0.010935
34 0.229453 0.483706 0.007480 0.007076
34 0.318558 0.305556 0.004525 0.008096
34 0.249650 0.297826 0.004821 0.011827
34 0.340829 0.319869 0.019265 0.014694
34 0.259332 0.391746 0.005957 0.012457
34 0.300967 0.344336 0.012925 0.011493
34 0.293518 0.383599 0.013709 0.010915
34 0.556708 0.524838 0.003425 0.011003
34 0.395238 0.406679 0.023106 0.015038
34 0.411492 0.316198 0.005796 0.010345
34 0.555807 0.352410 0.005099 0.010963
34 0.526449 0.341412 0.004752 0.010769
34 0.454199 0.353586 0.012818 0.010838
34 0.471234 0.353061 0.012629 0.010846
34 0.520966 0.353242 0.012202 0.011214
34 0.460162 0.341237 0.004635 0.010248
34 0.487735 0.353361 0.012149 0.010918
34 0.386560 0.466197 0.024490 0.014873
34 0.365809 0.359877 0.004861 0.012266
34 0.395400 0.393917 0.014091 0.011077
34 0.360597 0.384225 0.014349 0.010906
34 0.543643 0.310630 0.005099 0.010721
34 0.419366 0.320456 0.005550 0.011958
34 0.374114 0.410198 0.004835 0.011835
34 0.495591 0.300378 0.015763 0.012764
34 0.504003 0.352716 0.011499 0.010795
34 0.474502 0.277115 0.018405 0.014223
34 0.444173 0.305306 0.005820 0.010846
34 0.426441 0.341425 0.005216 0.011844
34 0.509749 0.341533 0.004635 0.010704
34 0.487674 0.330155 0.012456 0.011089
34 0.429464 0.461803 0.007659 0.007509
34 0.400171 0.333978 0.007953 0.006674
34 0.477028 0.341282 0.004599 0.010368
34 0.580231 0.340382 0.004801 0.010379
34 0.574944 0.352734 0.011362 0.010764
34 0.629971 0.341111 0.005034 0.010225
34 0.608031 0.353034 0.012677 0.010410
34 0.543943 0.276674 0.019519 0.011297
34 0.471231 0.329833 0.012776 0.010530
34 0.521006 0.330130 0.012266 0.011220
34 0.386730 0.447371 0.024303 0.014480
34 0.454572 0.330151 0.012915 0.011040
34 0.427656 0.443538 0.007544 0.007390
34 0.493281 0.341520 0.004083 0.010553
34 0.675684 0.351711 0.004760 0.010741
34 0.575199 0.329517 0.011330 0.010798
34 0.538155 0.329496 0.005141 0.010259
34 0.651445 0.352395 0.004982 0.011641
34 0.612733 0.277189 0.016763 0.014172
34 0.685790 0.371053 0.005371 0.011339
34 0.732729 0.330244 0.003495 0.012382
34 0.624267 0.353085 0.012595 0.010730
34 0.613488 0.340128 0.004942 0.009986
34 0.690388 0.305097 0.006690 0.011094
34 0.564561 0.340476 0.004549 0.010219
34 0.558962 0.352707 0.011948 0.011091
34 0.549370 0.344716 0.004515 0.011114
34 0.532129 0.341290 0.004380 0.010353
34 0.558952 0.329356 0.011390 0.010869
34 0.591141 0.329342 0.011630 0.011023
34 0.607717 0.329724 0.012049 0.011223
34 0.825599 0.341059 0.005159 0.012246
34 0.880568 0.281811 0.007208 0.006290
34 0.809468 0.303176 0.012800 0.011550
34 0.784801 0.308978 0.004714 0.010410
34 0.543499 0.425252 0.029279 0.012864
34 0.638073 0.302773 0.005151 0.010476
34 0.702865 0.304600 0.007538 0.005950
34 0.591184 0.352448 0.012174 0.010419
34 0.596404 0.340510 0.004319 0.010482
34 0.624114 0.329406 0.012248 0.010792
34 0.598509 0.299820 0.016656 0.013537
34 0.833974 0.335117 0.005900 0.012194
34 0.785931 0.426946 0.029214 0.013636
34 0.872022 0.371260 0.004768 0.011667
34 0.797341 0.347568 0.013376 0.011636
34 0.753058 0.376738 0.013993 0.011693
34 0.820327 0.376448 0.014664 0.011442
34 0.749920 0.281687 0.007367 0.006691
34 0.741808 0.361723 0.005079 0.012531
34 0.805015 0.264289 0.013274 0.011188
34 0.763397 0.296553 0.012480 0.011505
34 0.822690 0.281573 0.007037 0.006771
34 0.963715 0.328366 0.004843 0.012080
34 0.895473 0.262467 0.012836 0.011579
34 0.950434 0.276620 0.014212 0.011496
34 0.908565 0.307022 0.004676 0.009610
34 0.706900 0.292677 0.004754 0.011106
34 0.734434 0.330151 0.007143 0.011872
34 0.863679 0.328383 0.005107 0.012200
34 0.916189 0.426666 0.029041 0.013029
34 0.955908 0.331964 0.004583 0.011753
34 0.882330 0.281964 0.003983 0.006042
34 0.977958 0.460325 0.005772 0.012385
34 0.927911 0.472776 0.007417 0.007655
34 0.947719 0.291765 0.007270 0.006689
34 0.930655 0.320798 0.019718 0.014773
34 0.919459 0.486996 0.007295 0.005922
34 0.950492 0.376679 0.014275 0.011163
34 0.891160 0.344729 0.013586 0.011966
34 0.893757 0.296954 0.012462 0.012106
34 0.339009 0.551044 0.016616 0.014047
34 0.216650 0.559010 0.020850 0.011926
34 0.124181 0.727828 0.015711 0.012311
34 0.124291 0.695722 0.015766 0.012146
34 0.174689 0.656765 0.017528 0.012807
34 0.224606 0.519061 0.017573 0.013027
34 0.191566 0.701552 0.017053 0.014725
34 0.284769 0.568105 0.013531 0.011485
34 0.209161 0.504932 0.018842 0.013414
34 0.190139 0.553730 0.018312 0.014523
34 0.347744 0.659031 0.016338 0.013844
34 0.218805 0.613512 0.008066 0.006341
34 0.245513 0.702106 0.017693 0.014722
34 0.343035 0.613786 0.007440 0.006985
34 0.239233 0.530333 0.004970 0.011006
34 0.195303 0.526687 0.004821 0.010855
34 0.305177 0.575711 0.008284 0.007541
34 0.209044 0.664081 0.015921 0.013531
34 0.339247 0.565754 0.022691 0.015372
34 0.318288 0.667693 0.018566 0.013152
34 0.256476 0.668730 0.018209 0.012861
34 0.330433 0.698101 0.017957 0.015130
34 0.261630 0.646103 0.016998 0.012707
34 0.227719 0.664188 0.015667 0.013066
34 0.243455 0.553871 0.018509 0.015084
34 0.253487 0.505014 0.018743 0.013334
34 0.313322 0.651634 0.017288 0.012816
34 0.354640 0.575224 0.004974 0.007022
34 0.478239 0.512771 0.005447 0.010644
34 0.520570 0.524102 0.011910 0.011282
34 0.400430 0.647783 0.017190 0.012528
34 0.476256 0.582258 0.018693 0.014600
34 0.384111 0.698096 0.018056 0.015366
34 0.461106 0.512605 0.004420 0.010208
34 0.366575 0.659309 0.016112 0.013106
34 0.472324 0.524590 0.012379 0.010712
34 0.504102 0.524491 0.011495 0.010926
34 0.395216 0.663507 0.018127 0.012696
34 0.488216 0.524478 0.011622 0.010866
34 0.455612 0.524537 0.011825 0.010812
34 0.509470 0.512804 0.004460 0.010584
34 0.493602 0.512770 0.004118 0.010459
34 0.526289 0.512826 0.004682 0.011499
34 0.544770 0.543547 0.005201 0.010724
34 0.537926 0.534621 0.004837 0.010433
34 0.551294 0.534637 0.004563 0.010470
34 0.632231 0.512826 0.005030 0.010826
34 0.613723 0.582808 0.017409 0.014543
34 0.610179 0.524917 0.012659 0.010940
34 0.560777 0.524785 0.011569 0.011348
34 0.593123 0.524752 0.012198 0.011089
34 0.496094 0.553928 0.016148 0.013158
34 0.445692 0.548705 0.005256 0.010068
34 0.615683 0.513119 0.004355 0.010199
34 0.582377 0.513165 0.004525 0.010684
34 0.626527 0.525040 0.013143 0.010707
34 0.566348 0.513128 0.004432 0.010627
34 0.598486 0.513140 0.004095 0.010721
34 0.548157 0.726885 0.033272 0.014431
34 0.544497 0.578779 0.020183 0.013180
34 0.560477 0.786810 0.015447 0.006318
34 0.633588 0.732619 0.016257 0.013480
34 0.638555 0.551857 0.005494 0.010376
34 0.531810 0.543343 0.004889 0.010453
34 0.786579 0.786518 0.004960 0.006771
34 0.809804 0.765945 0.014599 0.014169
34 0.758135 0.703223 0.017788 0.015195
34 0.812443 0.702317 0.018165 0.014625
34 0.734479 0.731223 0.023471 0.026161
34 0.843762 0.596599 0.008439 0.007452
34 0.785252 0.612167 0.008461 0.006763
34 0.576840 0.524769 0.011452 0.010861
34 0.601402 0.554095 0.017192 0.013548
34 0.746760 0.672834 0.019317 0.012924
34 0.808709 0.785430 0.004932 0.008832
34 0.904607 0.705936 0.011898 0.013195
34 0.856982 0.748408 0.008961 0.006956
34 0.828646 0.646525 0.018501 0.013254
34 0.879531 0.707632 0.016362 0.013850
34 0.775679 0.664121 0.015983 0.013713
34 0.823731 0.668525 0.019138 0.013334
34 0.857752 0.584279 0.014355 0.011978
34 0.931848 0.520574 0.018245 0.012331
34 0.940697 0.503121 0.005911 0.009798
34 0.888342 0.520115 0.015939 0.012662
34 0.914339 0.651931 0.015971 0.013346
34 0.962337 0.656510 0.019658 0.013425
34 0.909640 0.611942 0.007983 0.007566
34 0.947087 0.531409 0.004855 0.010764
34 0.951432 0.690482 0.018727 0.014751
34 0.903056 0.527840 0.005020 0.010898
34 0.794343 0.664219 0.016035 0.013129
34 0.741472 0.656714 0.018346 0.012864
34 0.880334 0.644282 0.018332 0.013061
34 0.898276 0.556952 0.018582 0.014896
34 0.951573 0.557073 0.018582 0.015190
34 0.924286 0.560316 0.018201 0.010858
34 0.933246 0.652073 0.016037 0.013169
34 0.947967 0.730623 0.016640 0.012970
34 0.967517 0.633776 0.017782 0.012722
34 0.913150 0.706074 0.029245 0.013619
34 0.919901 0.595983 0.007651 0.006575
34 0.885049 0.644414 0.009422 0.012505
34 0.896603 0.690611 0.018088 0.014879
34 0.887473 0.660702 0.014269 0.013146
34 0.961417 0.505750 0.018858 0.012998
34 0.917278 0.505643 0.018586 0.013109
34 0.320550 0.854671 0.015588 0.012163
34 0.301564 0.773199 0.021122 0.014161
34 0.284971 0.796926 0.005639 0.014104
34 0.268661 0.815130 0.015848 0.012750
34 0.276593 0.776925 0.015939 0.011889
34 0.344482 0.925209 0.034061 0.013987
34 0.143291 0.757180 0.014934 0.011619
34 0.142546 0.816402 0.028529 0.009248
34 0.892462 0.712984 0.007458 0.007501
34 0.492151 0.854575 0.014992 0.012149
34 0.388703 0.789791 0.015645 0.012046
34 0.456759 0.797428 0.005479 0.013004
34 0.374312 0.806062 0.004982 0.013548
34 0.528660 0.837887 0.024186 0.027065
34 0.416205 0.802543 0.015411 0.012080
34 0.403164 0.837333 0.005320 0.013782
34 0.588069 0.751160 0.011203 0.006669
34 0.600877 0.786429 0.015687 0.011473
34 0.546356 0.805913 0.005117 0.013160
34 0.649075 0.770356 0.014456 0.007170
34 0.714595 0.870728 0.008783 0.006746
34 0.574712 0.837475 0.005173 0.013987
34 0.473185 0.772726 0.020947 0.014543
34 0.498943 0.751224 0.011432 0.006797
34 0.555564 0.789625 0.005641 0.011442
34 0.440265 0.816129 0.015119 0.012115
34 0.515957 0.924796 0.034170 0.014580
34 0.448033 0.776936 0.015119 0.011673
34 0.775110 0.767100 0.014535 0.012035
34 0.788932 0.848618 0.017401 0.011724
34 0.830050 0.787709 0.004585 0.008988
34 0.833460 0.850524 0.025409 0.011707
34 0.731759 0.826996 0.005274 0.012260
34 0.600873 0.771982 0.015840 0.012485
34 0.668771 0.774195 0.009069 0.006783
34 0.611333 0.828061 0.033402 0.014406
34 0.693313 0.766009 0.014736 0.013579
34 0.587618 0.802562 0.015099 0.012095
34 0.688994 0.862240 0.032996 0.014825
34 0.560296 0.789830 0.015205 0.012109
34 0.699760 0.795239 0.016620 0.012274
34 0.292023 0.168998 0.041112 0.028364
34 0.317427 0.090945 0.015205 0.011545
34 0.342927 0.080088 0.015326 0.011935
34 0.247951 0.280019 0.007498 0.006637
34 0.288028 0.108649 0.004831 0.009866
34 0.321655 0.201451 0.009237 0.006064
34 0.197474 0.158632 0.008231 0.007216
34 0.290229 0.279493 0.007174 0.006184
34 0.228796 0.174803 0.014140 0.011214
34 0.325854 0.246812 0.008952 0.006392
34 0.363014 0.278661 0.007635 0.007660
34 0.277771 0.120192 0.015365 0.011721
34 0.094572 0.089684 0.027355 0.013257
34 0.116552 0.093810 0.004921 0.010527
34 0.950915 0.791560 0.004682 0.008598
34 0.969258 0.770088 0.023858 0.007387
34 0.902283 0.850611 0.036577 0.018230
34 0.899934 0.785584 0.004355 0.009789
34 0.933146 0.798528 0.004797 0.008700
34 0.888808 0.799799 0.013987 0.011983
34 0.920214 0.794420 0.015048 0.011775
34 0.914041 0.773435 0.008683 0.006917
34 0.926451 0.822001 0.015103 0.013331
34 0.964155 0.809146 0.015494 0.013386
34 0.203066 0.079809 0.006366 0.011639
33 0.207588 0.093180 0.007649 0.014295
33 0.243712 0.093577 0.008245 0.014129
33 0.225818 0.093461 0.008038 0.014138
33 0.470738 0.092847 0.007810 0.014967
33 0.398088 0.092857 0.007554 0.014976
33 0.417845 0.092894 0.007907 0.014942
33 0.450780 0.092808 0.007820 0.015227
33 0.633391 0.748145 0.007883 0.016797
33 0.948548 0.743574 0.008948 0.013360
33 0.338278 0.806606 0.010894 0.010425
33 0.317419 0.772006 0.010411 0.012237
33 0.341444 0.765601 0.011052 0.010769
33 0.342005 0.779483 0.008971 0.009744
33 0.338036 0.793414 0.011068 0.010926
33 0.513469 0.765855 0.009690 0.012120
33 0.513909 0.779115 0.008809 0.011659
33 0.509733 0.793304 0.011481 0.010844
33 0.488843 0.772482 0.009611 0.011553
33 0.509997 0.806713 0.011328 0.010473
33 0.704436 0.770066 0.007305 0.015834
33 0.699899 0.807276 0.007840 0.011451
33 0.821717 0.769671 0.007919 0.016036
25 0.211976 0.427908 0.071817 0.063824
25 0.326780 0.427737 0.072379 0.064166
25 0.786333 0.427291 0.072311 0.067777
25 0.916774 0.427606 0.071646 0.064639
21 0.110765 0.120939 0.006037 0.009094
21 0.162775 0.781476 0.007722 0.011262
21 0.158447 0.767230 0.006285 0.009575
21 0.344031 0.887283 0.012546 0.013311
21 0.516480 0.886770 0.011581 0.012970
21 0.850210 0.854303 0.005761 0.009444
21 0.910825 0.808859 0.005828 0.009305
19 0.735072 0.881463 0.011098 0.057649
17 0.734690 0.779296 0.047458 0.064149
14 0.226306 0.162572 0.008866 0.012172
8 0.124775 0.401287 0.011340 0.030718
8 0.203612 0.320225 0.022921 0.015361
8 0.319650 0.319541 0.024394 0.013993
8 0.396086 0.371932 0.011821 0.032083
8 0.495269 0.313021 0.051618 0.014597
8 0.451941 0.276433 0.026726 0.014583
8 0.634281 0.277732 0.027023 0.015019
8 0.705214 0.331147 0.011100 0.033106
8 0.598211 0.312033 0.053803 0.015358
8 0.785738 0.322786 0.024128 0.016726
8 0.909586 0.320466 0.024422 0.017888
8 0.245592 0.689269 0.034500 0.022186
8 0.194202 0.539092 0.028711 0.018772
8 0.239682 0.539434 0.029436 0.018772
8 0.339205 0.524587 0.014716 0.039592
8 0.331001 0.685685 0.033054 0.021163
8 0.193599 0.689952 0.033294 0.020137
8 0.495241 0.540936 0.053495 0.014993
8 0.453040 0.582408 0.028199 0.014728
8 0.384021 0.685174 0.036430 0.019456
8 0.599126 0.541385 0.054367 0.015184
8 0.634934 0.582434 0.027353 0.014910
8 0.896119 0.538069 0.019059 0.016042
8 0.806487 0.530731 0.014476 0.038909
8 0.812159 0.690294 0.034023 0.020137
8 0.758230 0.690123 0.033302 0.020479
8 0.950298 0.677323 0.033489 0.019456
8 0.948082 0.540982 0.028614 0.020396
8 0.902137 0.540852 0.028207 0.020804
8 0.897176 0.677479 0.033272 0.019769
6 0.110928 0.118596 0.002339 0.002938
6 0.223275 0.251364 0.004825 0.007509
6 0.356730 0.101315 0.003916 0.005720
6 0.512498 0.252080 0.005548 0.006144
6 0.433747 0.205232 0.004694 0.005779
6 0.677209 0.205643 0.004228 0.005580
6 0.583976 0.251227 0.006271 0.007851
6 0.893680 0.251183 0.004649 0.005113
6 0.129601 0.389373 0.002413 0.005802
6 0.235250 0.383940 0.003255 0.004112
6 0.187159 0.383920 0.003261 0.004078
6 0.250900 0.488320 0.006515 0.007851
6 0.350843 0.383897 0.003491 0.004773
6 0.302614 0.384228 0.003374 0.005104
6 0.407787 0.349407 0.004825 0.006486
6 0.710100 0.319370 0.005066 0.005802
6 0.762335 0.377394 0.003860 0.007167
6 0.810912 0.376727 0.002883 0.003884
6 0.892740 0.377415 0.004436 0.004394
6 0.911347 0.477043 0.004607 0.005138
6 0.941096 0.376945 0.004436 0.005335
6 0.231959 0.579882 0.007234 0.004785
6 0.258379 0.579367 0.005066 0.006486
6 0.293744 0.554917 0.002879 0.003810
6 0.228862 0.615969 0.005564 0.006586
6 0.284911 0.579095 0.004795 0.005925
6 0.271529 0.616911 0.005790 0.006486
6 0.352354 0.616570 0.005308 0.006483
6 0.304583 0.616399 0.006757 0.006141
6 0.328589 0.505985 0.003620 0.008532
6 0.364105 0.579249 0.005324 0.007846
6 0.569258 0.725785 0.007480 0.009222
6 0.867046 0.570664 0.002895 0.006144
6 0.796355 0.599846 0.005308 0.005118
6 0.817345 0.512471 0.003860 0.005802
6 0.836948 0.600151 0.004279 0.004959
6 0.844005 0.616399 0.006031 0.006141
6 0.884072 0.615664 0.005397 0.006261
6 0.884151 0.600372 0.004418 0.005070
6 0.935106 0.600288 0.005324 0.005962
6 0.919312 0.615738 0.005353 0.006193
6 0.158516 0.764655 0.002750 0.003730
6 0.561296 0.756220 0.006755 0.007851
6 0.764779 0.755772 0.003048 0.003719
5 0.321946 0.141882 0.005971 0.014964
5 0.169068 0.289443 0.010852 0.009208
5 0.252874 0.314108 0.011404 0.009538
5 0.284838 0.313662 0.010945 0.008595
5 0.368717 0.313428 0.010939 0.008948
5 0.744788 0.315329 0.011237 0.009233
5 0.874851 0.315336 0.010451 0.008649
5 0.828398 0.315512 0.010862 0.008988
5 0.958604 0.289564 0.011116 0.009148
4 0.343324 0.096321 0.014009 0.021020
4 0.284070 0.815400 0.014458 0.020365
4 0.456011 0.816476 0.015141 0.020829
3 0.159324 0.096318 0.014559 0.021163
3 0.162918 0.174701 0.014579 0.020282
3 0.162894 0.138243 0.014595 0.020345
3 0.289373 0.120509 0.007506 0.010553
3 0.358356 0.137003 0.012442 0.021166
3 0.369986 0.096384 0.014432 0.020724
3 0.787400 0.801153 0.009257 0.012816
3 0.900920 0.798591 0.009192 0.012439
1 0.134787 0.727496 0.005308 0.013995
1 0.549116 0.786050 0.006031 0.007837
1 0.377398 0.789799 0.006114 0.015306
1 0.549213 0.789825 0.005836 0.015284
0 0.137693 0.112504 0.004633 0.011351
0 0.119313 0.081341 0.004641 0.011545
0 0.228900 0.183874 0.008892 0.007127
0 0.241590 0.162662 0.008745 0.006942
0 0.211851 0.162707 0.008662 0.006982
0 0.317516 0.101405 0.013457 0.010425
0 0.705270 0.029201 0.008654 0.007019
0 0.293115 0.392563 0.008676 0.006922
