33 0.137471 0.487660 0.008878 0.018068
35 0.132915 0.749622 0.010745 0.032616
34 0.359167 0.280138 0.026714 0.033311
34 0.719779 0.357618 0.041170 0.026583
34 0.181236 0.593856 0.026815 0.018592
34 0.182107 0.617136 0.026664 0.018837
34 0.071695 0.500137 0.040212 0.025466
34 0.521378 0.504141 0.038977 0.020764
34 0.656493 0.504808 0.037824 0.019362
30 0.517445 0.753773 0.015199 0.025643
30 0.605570 0.778712 0.012953 0.020137
3 0.882628 0.560460 0.017270 0.022174
34 0.527145 0.363387 0.037067 0.013893
34 0.504969 0.344339 0.035800 0.011653
34 0.886455 0.408103 0.024079 0.018293
34 0.883040 0.540361 0.021479 0.017786
3 0.886372 0.428196 0.015854 0.022137
0 0.844349 0.499917 0.003767 0.010208
34 0.559776 0.184565 0.007921 0.025546
25 0.518594 0.109112 0.518384 0.164517
35 0.162971 0.206838 0.024795 0.017182
35 0.163016 0.240197 0.024408 0.016569
35 0.871014 0.206529 0.024607 0.017498
35 0.871059 0.239839 0.024345 0.016503
35 0.073857 0.389129 0.024297 0.014999
35 0.075295 0.448445 0.023769 0.015352
35 0.226381 0.454560 0.011630 0.035492
35 0.240271 0.305956 0.024245 0.015190
35 0.316447 0.327615 0.011090 0.035782
35 0.505120 0.321251 0.011315 0.035212
35 0.521064 0.477086 0.011237 0.035027
35 0.380627 0.303331 0.011317 0.035361
35 0.452254 0.445636 0.011406 0.035437
35 0.528155 0.340306 0.011591 0.034810
35 0.653717 0.303393 0.011330 0.035170
35 0.656758 0.477048 0.011517 0.035007
35 0.718035 0.327598 0.011610 0.035805
35 0.818134 0.355479 0.024841 0.015905
35 0.724266 0.378653 0.024063 0.014896
35 0.817698 0.389835 0.026102 0.016290
35 0.794171 0.306106 0.024015 0.015717
35 0.918168 0.433065 0.024124 0.016640
35 0.174593 0.723686 0.011116 0.034850
35 0.072265 0.519685 0.023801 0.015443
35 0.079937 0.646855 0.024043 0.014742
35 0.233826 0.712294 0.011527 0.034853
35 0.206183 0.563359 0.010931 0.034845
35 0.390267 0.702964 0.011529 0.035178
35 0.472056 0.572536 0.024386 0.015953
35 0.596976 0.597549 0.010778 0.034523
35 0.623897 0.597763 0.011078 0.034454
35 0.795794 0.700238 0.011209 0.035261
35 0.966016 0.642763 0.024373 0.014526
35 0.964850 0.565291 0.024313 0.014412
35 0.245808 0.778520 0.024448 0.015694
35 0.813694 0.778146 0.024216 0.016594
35 0.719681 0.803893 0.023813 0.014944
34 0.839787 0.776580 0.024402 0.013861
34 0.752697 0.804238 0.038259 0.020752
34 0.692816 0.797546 0.014549 0.012043
34 0.302555 0.792620 0.021505 0.018065
34 0.313017 0.235341 0.028447 0.032100
34 0.208702 0.232676 0.019039 0.012579
34 0.333209 0.113223 0.025689 0.083528
34 0.286719 0.113631 0.028564 0.088139
34 0.311325 0.202365 0.026662 0.029644
34 0.249997 0.222970 0.027000 0.027962
34 0.332731 0.212196 0.008189 0.023406
34 0.214802 0.200104 0.019148 0.011602
34 0.202670 0.232834 0.007137 0.012314
34 0.125561 0.242187 0.048697 0.024950
34 0.125351 0.209161 0.049102 0.026119
34 0.606922 0.184929 0.007865 0.017529
34 0.691375 0.207693 0.008378 0.023890
34 0.643018 0.210966 0.026273 0.029262
34 0.649104 0.251924 0.007994 0.022382
34 0.536160 0.208891 0.015915 0.028612
34 0.592171 0.192123 0.008463 0.024531
34 0.580813 0.216982 0.026086 0.030259
34 0.453511 0.218500 0.026974 0.030023
34 0.464582 0.187962 0.008068 0.023579
34 0.551758 0.183396 0.006211 0.020396
34 0.720414 0.204996 0.027468 0.029011
34 0.720179 0.237484 0.026680 0.028373
34 0.827957 0.199849 0.019613 0.011918
34 0.747627 0.110754 0.028614 0.090370
34 0.783971 0.223160 0.026511 0.028048
34 0.563573 0.110440 0.030389 0.078760
34 0.612815 0.110754 0.029946 0.080641
34 0.659507 0.105107 0.013753 0.053029
34 0.703870 0.112636 0.029279 0.086292
34 0.621685 0.187146 0.008120 0.023753
34 0.166019 0.363806 0.021906 0.017729
34 0.075461 0.431230 0.047325 0.019017
34 0.119781 0.338289 0.024688 0.018743
34 0.100564 0.489870 0.019831 0.017888
34 0.115066 0.423273 0.020479 0.017649
34 0.170356 0.476180 0.022452 0.017182
34 0.172988 0.408474 0.021608 0.017797
34 0.156061 0.494260 0.019768 0.016711
34 0.162427 0.441911 0.013574 0.010712
34 0.909121 0.210067 0.048354 0.025417
34 0.908899 0.242545 0.047911 0.023220
34 0.821809 0.232458 0.019234 0.012115
34 0.243773 0.356951 0.026878 0.028475
34 0.179875 0.457864 0.007615 0.017267
34 0.204103 0.305312 0.044281 0.020422
34 0.239543 0.407467 0.008191 0.019652
34 0.226027 0.481892 0.037917 0.019823
34 0.221712 0.411272 0.008570 0.020408
34 0.196995 0.480663 0.007730 0.020772
34 0.112265 0.467756 0.025804 0.021547
34 0.101852 0.358062 0.024345 0.018307
34 0.139308 0.468093 0.022975 0.020684
34 0.145670 0.338182 0.024527 0.018889
34 0.072850 0.371696 0.039764 0.019915
34 0.142202 0.422774 0.020488 0.017951
34 0.172700 0.427154 0.021948 0.017398
34 0.424367 0.381641 0.017446 0.011411
34 0.432261 0.318897 0.008652 0.023591
34 0.464793 0.335990 0.008469 0.023283
34 0.402577 0.302447 0.008199 0.024124
34 0.380767 0.325425 0.035369 0.011225
34 0.240489 0.263113 0.026299 0.027737
34 0.372875 0.325286 0.018932 0.010105
34 0.286250 0.317485 0.008632 0.025765
34 0.315650 0.356827 0.041106 0.027390
34 0.262936 0.346781 0.008556 0.025828
34 0.178917 0.476096 0.005675 0.015908
34 0.332658 0.430674 0.008120 0.023685
34 0.559494 0.335298 0.008143 0.023739
34 0.653860 0.325728 0.035201 0.012066
34 0.581070 0.381726 0.017264 0.010673
34 0.675620 0.280513 0.027095 0.031832
34 0.451790 0.472779 0.038310 0.020792
34 0.393358 0.419333 0.025121 0.019521
34 0.503661 0.426492 0.017625 0.011810
34 0.362864 0.359638 0.021456 0.019003
34 0.392436 0.359550 0.021974 0.018963
34 0.447633 0.407204 0.008191 0.019362
34 0.482340 0.325050 0.007822 0.023522
34 0.516513 0.446862 0.008247 0.016945
34 0.790759 0.260369 0.028006 0.022539
34 0.681046 0.402639 0.023703 0.018832
34 0.591549 0.318790 0.008465 0.023634
34 0.632560 0.402922 0.023840 0.018629
34 0.691234 0.351006 0.008531 0.023522
34 0.581268 0.273923 0.024269 0.028854
34 0.606742 0.426164 0.017073 0.011502
34 0.656761 0.402078 0.023062 0.018655
34 0.621015 0.302562 0.008328 0.024035
34 0.652230 0.446908 0.008263 0.016569
34 0.719569 0.404155 0.026612 0.027335
34 0.796177 0.340881 0.022774 0.019225
34 0.791452 0.375031 0.022764 0.018299
34 0.852472 0.390697 0.043715 0.020561
34 0.737694 0.293702 0.008793 0.026834
34 0.760984 0.330577 0.008427 0.026079
34 0.715623 0.446674 0.008330 0.016985
34 0.858422 0.498937 0.023660 0.018985
34 0.852299 0.453507 0.008501 0.017563
34 0.820540 0.488225 0.008413 0.020245
34 0.852879 0.356689 0.043699 0.020906
34 0.828162 0.307058 0.043270 0.020522
34 0.080458 0.631639 0.036328 0.015794
34 0.169822 0.693594 0.008036 0.022764
34 0.156770 0.639527 0.014108 0.011468
34 0.146378 0.716389 0.022595 0.018900
34 0.954367 0.432498 0.047228 0.026700
34 0.791106 0.446889 0.008525 0.017381
34 0.320483 0.616569 0.022268 0.019151
34 0.250720 0.631620 0.024583 0.018504
34 0.321153 0.677653 0.022033 0.017757
34 0.185601 0.744300 0.019067 0.011610
34 0.220089 0.777249 0.025508 0.015375
34 0.115240 0.621620 0.025657 0.018948
34 0.146860 0.672719 0.022299 0.018336
34 0.104070 0.695412 0.022117 0.019481
34 0.148909 0.694101 0.022625 0.018626
34 0.156883 0.500597 0.019188 0.004899
34 0.176035 0.744630 0.034637 0.011887
34 0.278348 0.667884 0.008159 0.019393
34 0.201711 0.623802 0.008092 0.022924
34 0.205263 0.538527 0.026771 0.012317
34 0.282351 0.615678 0.027111 0.029829
34 0.190382 0.670784 0.025304 0.019082
34 0.223194 0.623324 0.022210 0.028353
34 0.263605 0.667804 0.008137 0.019518
34 0.336805 0.754601 0.022309 0.018458
34 0.376670 0.729692 0.011362 0.020285
34 0.296936 0.677740 0.024214 0.019276
34 0.256851 0.701706 0.025886 0.019040
34 0.229044 0.669168 0.007782 0.020382
34 0.233148 0.739595 0.037907 0.020085
34 0.604950 0.754846 0.023243 0.028666
34 0.592058 0.629614 0.008499 0.019667
34 0.389824 0.730241 0.038100 0.019638
34 0.398694 0.771312 0.018809 0.011476
34 0.501052 0.565712 0.015218 0.012468
34 0.438971 0.572786 0.038227 0.020567
34 0.483805 0.724957 0.027994 0.021855
34 0.360334 0.639592 0.016398 0.012408
34 0.498667 0.753883 0.023084 0.028056
34 0.385420 0.665118 0.008636 0.019920
34 0.483926 0.701211 0.027869 0.020969
34 0.484582 0.677878 0.028185 0.021519
34 0.510958 0.597075 0.009079 0.027834
34 0.440485 0.755563 0.023219 0.028618
34 0.795244 0.727697 0.037990 0.019915
34 0.868609 0.635628 0.016638 0.011422
34 0.857604 0.578911 0.007923 0.015663
34 0.820713 0.614258 0.008026 0.020730
34 0.857998 0.656087 0.008344 0.017566
34 0.834331 0.526555 0.012466 0.010658
34 0.862978 0.558373 0.016892 0.011109
34 0.858049 0.518836 0.023503 0.017660
34 0.688465 0.770922 0.019190 0.011858
34 0.639390 0.761013 0.022881 0.018304
34 0.619218 0.628350 0.008296 0.019858
34 0.561310 0.754779 0.023628 0.028572
34 0.609975 0.569597 0.044116 0.020858
34 0.276671 0.761941 0.021827 0.018239
34 0.133877 0.784526 0.038129 0.036706
34 0.951652 0.591912 0.023892 0.018683
34 0.926646 0.592310 0.024525 0.018367
34 0.925349 0.515058 0.023876 0.018666
34 0.950187 0.514555 0.023928 0.018407
34 0.964196 0.626084 0.044130 0.020103
34 0.963327 0.548559 0.043233 0.019889
34 0.713531 0.753478 0.018521 0.019182
34 0.902539 0.533974 0.015977 0.018926
34 0.904410 0.611104 0.012293 0.019598
34 0.886058 0.617676 0.024440 0.017706
34 0.482885 0.187003 0.005987 0.026985
34 0.517487 0.107459 0.038374 0.069345
34 0.474456 0.111694 0.029057 0.078447
34 0.424660 0.112636 0.034158 0.082211
34 0.377413 0.109185 0.008872 0.053970
34 0.432383 0.192823 0.008409 0.024015
34 0.402645 0.187759 0.007981 0.024221
34 0.418006 0.185654 0.007784 0.017657
34 0.541962 0.185718 0.008155 0.024124
34 0.474835 0.183994 0.007945 0.017233
34 0.375945 0.252410 0.008469 0.022761
34 0.501962 0.208133 0.025467 0.028709
34 0.389969 0.210541 0.028016 0.030088
34 0.451186 0.271864 0.024619 0.029798
34 0.542112 0.264353 0.008141 0.023651
33 0.120770 0.357589 0.008932 0.018843
33 0.144964 0.357796 0.008892 0.018572
33 0.102050 0.377565 0.009204 0.020185
33 0.118161 0.487857 0.008638 0.018324
33 0.361592 0.378615 0.009128 0.018638
33 0.392383 0.378470 0.008884 0.018518
33 0.656624 0.421928 0.009077 0.020727
33 0.632814 0.422635 0.009182 0.020037
33 0.681280 0.422685 0.009007 0.019915
33 0.100935 0.508408 0.009625 0.019900
33 0.297355 0.658639 0.008320 0.017649
33 0.321623 0.658374 0.009152 0.018703
33 0.183887 0.636405 0.008882 0.018561
33 0.321088 0.636184 0.009077 0.018364
33 0.507736 0.702616 0.017236 0.012955
33 0.507748 0.679423 0.016821 0.013420
33 0.507448 0.725084 0.017881 0.013366
33 0.946702 0.534068 0.008828 0.017974
33 0.907274 0.554138 0.009118 0.020251
33 0.910746 0.631680 0.009325 0.020151
33 0.927540 0.534161 0.008977 0.018250
33 0.948102 0.611281 0.008969 0.018806
33 0.929115 0.611443 0.008668 0.018470
30 0.222822 0.646646 0.012031 0.019402
30 0.440238 0.779429 0.018578 0.020140
30 0.561900 0.778558 0.020266 0.019829
22 0.267065 0.239246 0.016164 0.020140
22 0.291193 0.207504 0.014718 0.020821
22 0.290710 0.237029 0.016166 0.019114
22 0.407787 0.231396 0.015441 0.021505
22 0.486803 0.230031 0.018578 0.022183
22 0.437222 0.236858 0.016890 0.022186
22 0.625473 0.232249 0.018578 0.020479
22 0.596642 0.236857 0.016406 0.020821
22 0.547543 0.229862 0.015683 0.021844
22 0.742913 0.207333 0.017131 0.020479
22 0.765712 0.239588 0.015441 0.019456
22 0.742792 0.237368 0.015923 0.021844
22 0.267427 0.270905 0.016406 0.021502
22 0.337757 0.285926 0.015199 0.022180
22 0.469311 0.260494 0.016890 0.022528
22 0.564915 0.260325 0.018094 0.020821
22 0.696407 0.286946 0.017129 0.025600
22 0.765712 0.271247 0.015441 0.021502
21 0.183609 0.489390 0.008733 0.012955
21 0.315415 0.808906 0.008191 0.012362
14 0.132266 0.694906 0.012297 0.017506
6 0.186441 0.389107 0.005135 0.006540
6 0.185952 0.398495 0.004192 0.005626
6 0.201735 0.411680 0.006134 0.008210
6 0.487144 0.416862 0.006521 0.008795
6 0.469532 0.416951 0.006311 0.008669
6 0.523513 0.388649 0.006535 0.008401
6 0.437557 0.373246 0.006211 0.008692
6 0.407957 0.373634 0.005705 0.007751
6 0.597064 0.369198 0.006126 0.008541
6 0.534624 0.433881 0.005816 0.009558
6 0.564687 0.416785 0.006420 0.009057
6 0.547185 0.416926 0.006444 0.008849
6 0.626496 0.369038 0.005905 0.008575
6 0.782432 0.327278 0.004295 0.006127
6 0.844410 0.485909 0.004126 0.005982
6 0.777831 0.361872 0.004027 0.005574
6 0.825231 0.447216 0.006416 0.008122
6 0.838994 0.432814 0.005602 0.009367
6 0.290168 0.747106 0.006114 0.007207
6 0.435184 0.647025 0.005727 0.007033
6 0.654073 0.747375 0.004247 0.005711
6 0.847940 0.565577 0.006299 0.007917
6 0.825375 0.575976 0.006112 0.005762
6 0.506105 0.777687 0.007480 0.007851
4 0.142867 0.443273 0.015359 0.021508
3 0.115503 0.442740 0.015308 0.020966
3 0.165537 0.383856 0.015691 0.021476
3 0.156815 0.514013 0.015661 0.021516
3 0.116179 0.641691 0.015884 0.020989
3 0.171078 0.671136 0.015911 0.020932
3 0.203204 0.595178 0.015888 0.021037
3 0.886999 0.637306 0.013322 0.021148
3 0.336563 0.773661 0.014762 0.020487
3 0.713335 0.773494 0.015022 0.020952
1 0.256423 0.687662 0.010441 0.009367
1 0.251148 0.646372 0.014339 0.012135
0 0.132867 0.377324 0.004089 0.010168
0 0.186132 0.426747 0.004073 0.009960
0 0.186088 0.409953 0.003948 0.010034
0 0.183654 0.475135 0.003872 0.009370
0 0.782480 0.341478 0.004029 0.009920
0 0.777788 0.376076 0.003904 0.009906
0 0.132704 0.716013 0.004204 0.009895
0 0.117608 0.695467 0.004253 0.010091
0 0.132740 0.673039 0.004371 0.010479
0 0.127739 0.507733 0.004273 0.010245
0 0.844263 0.518091 0.003944 0.009974
0 0.938596 0.630883 0.004327 0.010447
0 0.937045 0.553685 0.004243 0.009712
0 0.315434 0.793172 0.003983 0.009239
0 0.290147 0.760694 0.004021 0.009396
0 0.654251 0.761398 0.004089 0.010046
