34 0.650617 0.768679 0.013584 0.013995
34 0.707782 0.450335 0.013872 0.029903
34 0.356038 0.411036 0.014776 0.014155
34 0.484367 0.281828 0.076632 0.017877
34 0.885607 0.245814 0.013439 0.013451
34 0.147980 0.350752 0.013386 0.014221
34 0.881175 0.198069 0.013560 0.013973
34 0.800604 0.788853 0.013316 0.015341
34 0.734565 0.788975 0.013723 0.014696
34 0.347496 0.751381 0.012998 0.014645
34 0.356294 0.797173 0.013233 0.011302
34 0.386339 0.749702 0.013165 0.013055
34 0.484106 0.104667 0.077196 0.019279
33 0.881724 0.211337 0.008856 0.010983
33 0.501011 0.751968 0.008485 0.014736
20 0.184337 0.350628 0.058683 0.125930
33 0.363804 0.339457 0.013616 0.011305
2 0.694760 0.104104 0.013880 0.008606
2 0.632419 0.036093 0.012204 0.008350
2 0.712404 0.139114 0.013402 0.009148
0 0.357238 0.750133 0.006330 0.016651
0 0.283895 0.384685 0.008181 0.005785
34 0.471759 0.180120 0.071382 0.006942
34 0.445932 0.133538 0.007129 0.007099
34 0.524235 0.134845 0.005546 0.005979
18 0.520513 0.035131 0.005018 0.017187
34 0.444321 0.308887 0.007659 0.006164
34 0.443990 0.327753 0.006734 0.006540
34 0.524605 0.312810 0.006604 0.006537
34 0.524935 0.328594 0.007262 0.007099
34 0.449273 0.447960 0.006998 0.006726
34 0.458582 0.447960 0.006338 0.007472
34 0.467693 0.448425 0.006338 0.007287
34 0.476869 0.448333 0.006471 0.006726
34 0.510740 0.448893 0.006340 0.007099
33 0.836104 0.703913 0.008320 0.019801
6 0.401244 0.788478 0.003423 0.005489
34 0.946029 0.203817 0.008590 0.008393
34 0.453650 0.166291 0.006716 0.006250
34 0.352347 0.633004 0.014323 0.014437
35 0.316246 0.103991 0.007105 0.020504
35 0.369520 0.222995 0.007170 0.022246
35 0.926315 0.214534 0.007260 0.022001
35 0.961734 0.214533 0.007301 0.021981
35 0.318562 0.464991 0.014714 0.010416
35 0.318026 0.489970 0.013590 0.009704
35 0.143413 0.641949 0.007151 0.021151
35 0.420775 0.575462 0.015534 0.010182
35 0.173269 0.788259 0.014075 0.008532
35 0.123044 0.767126 0.006672 0.020145
35 0.063353 0.767408 0.014684 0.010017
35 0.105873 0.851582 0.006904 0.020940
35 0.193492 0.852276 0.015925 0.010621
34 0.659950 0.845237 0.013586 0.014662
34 0.659739 0.804387 0.013386 0.014298
34 0.610665 0.798319 0.013312 0.014050
34 0.633720 0.807625 0.023088 0.024580
34 0.704519 0.812082 0.013364 0.014463
34 0.689121 0.797947 0.013455 0.014571
34 0.590311 0.812737 0.013672 0.013773
34 0.445548 0.150581 0.004915 0.005170
34 0.525124 0.150730 0.006428 0.005791
34 0.348559 0.165245 0.004422 0.011009
34 0.206707 0.193782 0.008004 0.006805
34 0.219794 0.213950 0.013640 0.014357
34 0.346242 0.240034 0.009224 0.007501
34 0.288967 0.150124 0.009355 0.006751
34 0.315999 0.081771 0.031543 0.022904
34 0.605390 0.046535 0.013564 0.013998
34 0.629672 0.103961 0.013799 0.014169
34 0.608654 0.133930 0.009210 0.007432
34 0.620831 0.128172 0.013539 0.013904
34 0.651840 0.104102 0.014071 0.014480
34 0.600198 0.288448 0.013668 0.006723
34 0.476520 0.032199 0.007589 0.006164
34 0.554169 0.075678 0.008503 0.014657
34 0.675306 0.128719 0.014017 0.013619
34 0.642837 0.128579 0.013548 0.013636
34 0.572114 0.092068 0.013975 0.014223
34 0.589798 0.152474 0.023805 0.017213
34 0.574601 0.168118 0.013658 0.014218
34 0.606518 0.194092 0.013326 0.014124
34 0.536844 0.249719 0.013697 0.014155
34 0.594584 0.114454 0.013878 0.014620
34 0.856224 0.198813 0.014027 0.014355
34 0.694161 0.119993 0.013822 0.013340
34 0.632726 0.172263 0.013473 0.014112
34 0.570822 0.031466 0.062514 0.006820
34 0.568020 0.209768 0.064327 0.009099
34 0.632754 0.025455 0.013658 0.013639
34 0.632601 0.202729 0.013795 0.013722
34 0.604358 0.226398 0.013656 0.013850
34 0.694955 0.092704 0.013926 0.014141
34 0.539972 0.172928 0.013066 0.013802
34 0.832150 0.218948 0.013580 0.013930
34 0.789035 0.122903 0.014452 0.028718
34 0.712849 0.128319 0.013824 0.013725
34 0.761009 0.120182 0.013961 0.013873
34 0.744339 0.178605 0.008372 0.007874
34 0.731726 0.121851 0.013932 0.029145
34 0.847042 0.223059 0.013245 0.014030
34 0.744331 0.208936 0.008223 0.007418
34 0.811861 0.248377 0.013521 0.013870
34 0.712829 0.099060 0.007939 0.007740
34 0.809843 0.223557 0.013687 0.013782
34 0.950033 0.108729 0.010203 0.007843
34 0.930735 0.097276 0.054122 0.011924
34 0.779166 0.149732 0.013852 0.014124
34 0.872363 0.223591 0.013159 0.014112
34 0.759241 0.088266 0.029138 0.015500
34 0.726081 0.031234 0.008342 0.006976
34 0.124458 0.350712 0.013989 0.014283
34 0.141928 0.290938 0.005629 0.013696
34 0.162901 0.427913 0.005105 0.014047
34 0.139310 0.375306 0.013390 0.013970
34 0.115426 0.375294 0.013632 0.013984
34 0.932225 0.165118 0.007105 0.068510
34 0.910300 0.245141 0.013731 0.014169
34 0.892489 0.229751 0.007432 0.006945
34 0.914684 0.108515 0.008276 0.007603
34 0.895578 0.168662 0.008650 0.078760
34 0.224849 0.334769 0.013356 0.013722
34 0.339871 0.306362 0.013368 0.013317
34 0.339886 0.352954 0.013314 0.013448
34 0.224916 0.473339 0.007834 0.007298
34 0.303639 0.324370 0.044680 0.020043
34 0.282608 0.446968 0.005139 0.013896
34 0.220430 0.352385 0.013358 0.013822
34 0.297452 0.485531 0.007804 0.007757
34 0.298783 0.461023 0.008018 0.007278
34 0.261634 0.290861 0.005423 0.013354
34 0.184265 0.324545 0.043582 0.020570
34 0.371344 0.397739 0.008284 0.006689
34 0.479736 0.370979 0.070185 0.006825
34 0.310862 0.430248 0.013135 0.014705
34 0.244091 0.297170 0.013070 0.014129
34 0.337445 0.257053 0.013548 0.013993
34 0.198144 0.415889 0.004998 0.010958
34 0.344574 0.335104 0.013527 0.014346
34 0.247312 0.326475 0.013439 0.014483
34 0.191483 0.429024 0.013251 0.013990
34 0.317062 0.416801 0.005232 0.010918
34 0.220266 0.306143 0.013074 0.013864
34 0.243773 0.380831 0.013187 0.014645
34 0.474528 0.476623 0.004833 0.013622
34 0.374979 0.362921 0.004708 0.013861
34 0.480060 0.402176 0.084492 0.012012
34 0.427611 0.354263 0.050745 0.013702
34 0.465114 0.476265 0.004841 0.013123
34 0.363798 0.381037 0.013153 0.013787
34 0.400946 0.441009 0.014007 0.014625
34 0.399063 0.308289 0.013940 0.014252
34 0.363404 0.297256 0.013133 0.013827
34 0.608389 0.312663 0.007577 0.006882
34 0.583615 0.473967 0.005099 0.010949
34 0.595562 0.330586 0.024299 0.017797
34 0.609714 0.455351 0.013711 0.013739
34 0.536014 0.253266 0.012927 0.007079
34 0.632242 0.455412 0.014065 0.014226
34 0.366479 0.326949 0.013566 0.014098
34 0.555740 0.292541 0.013584 0.014970
34 0.562100 0.260742 0.013809 0.014662
34 0.649194 0.487040 0.009331 0.006979
34 0.600359 0.292394 0.013489 0.014608
34 0.663718 0.462494 0.009309 0.006817
34 0.545806 0.409062 0.014154 0.014289
34 0.619869 0.306406 0.013360 0.013998
34 0.602535 0.388584 0.013527 0.013901
34 0.672819 0.306362 0.013894 0.013574
34 0.672148 0.278310 0.008346 0.007940
34 0.640330 0.306486 0.013239 0.013901
34 0.567921 0.442028 0.013477 0.013990
34 0.632439 0.479875 0.014100 0.013719
34 0.632498 0.362991 0.014029 0.013956
34 0.557877 0.363745 0.013509 0.014032
34 0.578136 0.269769 0.014039 0.014374
34 0.588814 0.454972 0.013882 0.013505
34 0.541958 0.442199 0.013695 0.014588
34 0.576734 0.487160 0.013586 0.013762
34 0.545270 0.488975 0.023985 0.018145
34 0.649192 0.281230 0.014049 0.014275
34 0.618671 0.429856 0.014108 0.014417
34 0.590255 0.358943 0.014031 0.014260
34 0.692172 0.272167 0.014069 0.013944
34 0.597962 0.429795 0.014095 0.014374
34 0.543042 0.329588 0.013328 0.014121
34 0.832331 0.439478 0.013376 0.014454
34 0.760102 0.298517 0.014128 0.014024
34 0.719130 0.370653 0.008316 0.006914
34 0.851576 0.493232 0.013668 0.013941
34 0.808393 0.392102 0.013455 0.013756
34 0.811417 0.252211 0.012794 0.006275
34 0.729827 0.299919 0.013904 0.028843
34 0.764844 0.449970 0.014668 0.028894
34 0.628907 0.281337 0.014067 0.014101
34 0.692109 0.297994 0.014041 0.013571
34 0.567144 0.339269 0.013539 0.014144
34 0.808599 0.412167 0.013584 0.013465
34 0.833136 0.495375 0.013523 0.013229
34 0.758011 0.267116 0.029241 0.015241
34 0.808900 0.371086 0.013606 0.013839
34 0.819522 0.454478 0.013286 0.013973
34 0.808663 0.431042 0.013495 0.013511
34 0.736852 0.448511 0.013991 0.013864
34 0.832959 0.402653 0.013711 0.014477
34 0.873329 0.462287 0.013680 0.014064
34 0.823538 0.293334 0.013491 0.014129
34 0.851571 0.463510 0.013622 0.013967
34 0.876111 0.270484 0.013539 0.013787
34 0.833260 0.420811 0.013689 0.014634
34 0.796281 0.268081 0.004795 0.013175
34 0.819227 0.471143 0.007246 0.007501
34 0.890220 0.494933 0.013872 0.014078
34 0.900519 0.471130 0.007049 0.007435
34 0.788384 0.300160 0.014275 0.028829
34 0.736119 0.416720 0.029341 0.014944
34 0.900947 0.270349 0.013453 0.014565
34 0.833450 0.465566 0.013568 0.013252
34 0.854051 0.265945 0.013965 0.013941
34 0.873577 0.491519 0.013580 0.013901
34 0.710790 0.305839 0.013038 0.014865
34 0.809742 0.270298 0.013598 0.013642
34 0.890150 0.465500 0.013733 0.013651
34 0.832949 0.382065 0.013731 0.014594
34 0.142488 0.670788 0.035234 0.036201
34 0.095934 0.722355 0.013588 0.014041
34 0.088295 0.683574 0.013604 0.014625
34 0.132509 0.746368 0.013741 0.014759
34 0.176003 0.557699 0.013384 0.013118
34 0.133618 0.726139 0.013304 0.014272
34 0.088104 0.660408 0.013997 0.014819
34 0.925599 0.276451 0.007979 0.007333
34 0.133168 0.602300 0.013938 0.014511
34 0.140487 0.575573 0.004720 0.012656
34 0.162886 0.601915 0.004950 0.013143
34 0.089411 0.597971 0.020731 0.017703
34 0.175101 0.680108 0.009291 0.006423
34 0.092758 0.619705 0.013771 0.013705
34 0.175752 0.722112 0.004942 0.011382
34 0.065236 0.601553 0.013650 0.014773
34 0.095247 0.519384 0.013761 0.014620
34 0.094779 0.739765 0.013781 0.013904
34 0.312701 0.604993 0.013695 0.013844
34 0.177880 0.612021 0.003624 0.006053
34 0.202933 0.623092 0.005592 0.011063
34 0.102371 0.546478 0.005210 0.011029
34 0.175034 0.612006 0.009287 0.006606
34 0.150131 0.527512 0.014065 0.014112
34 0.093084 0.568394 0.013948 0.014320
34 0.272590 0.605325 0.013483 0.014258
34 0.281284 0.580352 0.013950 0.014024
34 0.347406 0.591243 0.013539 0.013884
34 0.249078 0.674072 0.013229 0.013742
34 0.248215 0.605732 0.013042 0.013750
34 0.199165 0.566359 0.013253 0.014434
34 0.295504 0.672952 0.013803 0.013719
34 0.264673 0.740717 0.013362 0.013591
34 0.256456 0.581140 0.013852 0.014112
34 0.325826 0.590704 0.013533 0.013987
34 0.312776 0.673368 0.013638 0.013816
34 0.272591 0.674575 0.013413 0.014263
34 0.329467 0.721714 0.012883 0.014474
34 0.199155 0.586862 0.013306 0.014483
34 0.203543 0.690936 0.004934 0.010764
34 0.321299 0.642412 0.004940 0.013460
34 0.295147 0.605406 0.013743 0.014004
34 0.335618 0.565751 0.013747 0.014209
34 0.257870 0.649054 0.014132 0.014357
34 0.189831 0.605888 0.013932 0.013577
34 0.197489 0.703206 0.013495 0.013879
34 0.242472 0.747149 0.010201 0.007692
34 0.340521 0.649919 0.013427 0.014349
34 0.188206 0.736428 0.013358 0.014172
34 0.230849 0.590871 0.024011 0.025138
34 0.189988 0.673698 0.013896 0.013728
34 0.281275 0.648854 0.014001 0.014266
34 0.408724 0.640453 0.009108 0.006771
34 0.195953 0.634905 0.013481 0.014232
34 0.179292 0.557840 0.006432 0.013143
34 0.352645 0.616486 0.013614 0.014608
34 0.329401 0.661191 0.005292 0.012129
34 0.179468 0.578159 0.006789 0.013571
34 0.231840 0.659275 0.023983 0.024357
34 0.411059 0.666496 0.009865 0.006512
34 0.516430 0.688407 0.013852 0.013822
34 0.501331 0.737144 0.013906 0.014015
34 0.516533 0.633980 0.013956 0.013796
34 0.485227 0.640512 0.009112 0.006626
34 0.424183 0.632596 0.013697 0.014021
34 0.467235 0.683805 0.022842 0.024263
34 0.413525 0.721680 0.009879 0.006386
34 0.404542 0.570999 0.007846 0.007310
34 0.527201 0.726496 0.005195 0.013277
34 0.466058 0.743121 0.022345 0.031793
34 0.406730 0.695194 0.008936 0.006614
34 0.467575 0.627261 0.022808 0.024446
34 0.448419 0.575797 0.037151 0.022263
34 0.413843 0.653698 0.013370 0.013785
34 0.413849 0.708406 0.013338 0.013876
34 0.424071 0.687770 0.013634 0.013984
34 0.390565 0.634322 0.014007 0.013887
34 0.464548 0.597142 0.013834 0.013337
34 0.358058 0.565745 0.011845 0.014631
34 0.353225 0.589751 0.002180 0.010564
34 0.414370 0.603343 0.009361 0.007273
34 0.499122 0.677126 0.013763 0.014457
34 0.498644 0.622093 0.014251 0.014098
34 0.393383 0.689124 0.013922 0.013802
34 0.392221 0.564131 0.013842 0.014246
34 0.481856 0.695423 0.008459 0.006059
34 0.369726 0.658963 0.004984 0.013480
34 0.473899 0.708705 0.013411 0.013283
34 0.419103 0.748036 0.013326 0.014203
34 0.484204 0.545141 0.007413 0.006845
34 0.480331 0.653832 0.013523 0.013745
34 0.660035 0.741204 0.013729 0.014480
34 0.532530 0.589860 0.008654 0.014044
34 0.704402 0.604916 0.013872 0.013901
34 0.610582 0.694064 0.013614 0.014078
34 0.590440 0.708427 0.013817 0.013656
34 0.590305 0.605409 0.013830 0.013918
34 0.608197 0.713970 0.009263 0.007717
34 0.632621 0.504105 0.014343 0.011915
34 0.650990 0.510504 0.014212 0.014095
34 0.536030 0.665918 0.008338 0.007002
34 0.688513 0.611798 0.009347 0.006754
34 0.613564 0.510798 0.014089 0.013936
34 0.659555 0.596801 0.013558 0.014315
34 0.556206 0.563586 0.004430 0.014349
34 0.649901 0.562652 0.013872 0.014166
34 0.659588 0.699744 0.013652 0.014095
34 0.635987 0.702999 0.023751 0.024705
34 0.659970 0.637790 0.013646 0.014429
34 0.605773 0.612082 0.008914 0.006603
34 0.635067 0.600133 0.024079 0.024819
34 0.550315 0.619268 0.013507 0.014779
34 0.704450 0.707751 0.013739 0.013970
34 0.550876 0.590597 0.013497 0.014189
34 0.540294 0.563465 0.013832 0.014032
34 0.689712 0.590279 0.013658 0.014614
34 0.567475 0.661140 0.005353 0.013719
34 0.609803 0.590919 0.013731 0.014394
34 0.560770 0.563500 0.013787 0.013839
34 0.836229 0.570382 0.007707 0.007751
34 0.826934 0.702982 0.009960 0.019461
34 0.828834 0.734186 0.010721 0.021562
34 0.878568 0.697122 0.020197 0.025249
34 0.829114 0.651553 0.010548 0.021750
34 0.876949 0.719202 0.013842 0.013822
34 0.818732 0.501275 0.007508 0.006255
34 0.550080 0.638837 0.013378 0.014067
34 0.689765 0.693401 0.013527 0.014554
34 0.688622 0.714021 0.009178 0.007694
34 0.650227 0.662479 0.013693 0.013953
34 0.539951 0.518066 0.009152 0.006671
34 0.549060 0.679588 0.013612 0.014149
34 0.815739 0.625311 0.005121 0.011317
34 0.844242 0.676200 0.013455 0.014075
34 0.769995 0.619789 0.013922 0.014306
34 0.761100 0.765673 0.014162 0.013807
34 0.765263 0.704897 0.014156 0.014554
34 0.734109 0.672747 0.005465 0.011223
34 0.768788 0.590721 0.013946 0.013753
34 0.835807 0.768961 0.013809 0.014132
34 0.779895 0.772496 0.007816 0.007694
34 0.769624 0.676803 0.013838 0.014084
34 0.830933 0.551161 0.007421 0.007977
34 0.919085 0.599303 0.013533 0.014583
34 0.845510 0.743903 0.013586 0.014280
34 0.715457 0.671472 0.005286 0.013859
34 0.807709 0.598019 0.013813 0.014625
34 0.750218 0.647635 0.013787 0.014785
34 0.757288 0.728880 0.014061 0.014095
34 0.840522 0.598387 0.013646 0.014369
34 0.810289 0.684981 0.015066 0.014756
34 0.854153 0.617485 0.005022 0.011129
34 0.745757 0.600188 0.013340 0.014648
34 0.799036 0.645450 0.023068 0.018122
34 0.867421 0.757414 0.013296 0.014269
34 0.174325 0.777253 0.023280 0.014209
34 0.095012 0.803279 0.013578 0.014372
34 0.898249 0.650929 0.010753 0.021225
34 0.895959 0.727921 0.006213 0.021120
34 0.959371 0.697157 0.021551 0.025959
34 0.922992 0.743695 0.013815 0.013870
34 0.888397 0.748158 0.014071 0.014662
34 0.970775 0.747877 0.013374 0.014084
34 0.933918 0.624570 0.005169 0.011653
34 0.921998 0.672629 0.013731 0.014235
34 0.896431 0.700902 0.010280 0.019798
34 0.230843 0.846707 0.010332 0.007504
34 0.263609 0.766076 0.013080 0.014243
34 0.091732 0.756421 0.013517 0.013582
34 0.079106 0.763081 0.007792 0.007392
34 0.062526 0.758780 0.022707 0.008036
34 0.132316 0.750410 0.011344 0.006378
34 0.095435 0.822293 0.013670 0.014007
34 0.123189 0.783720 0.019234 0.013420
34 0.105657 0.872149 0.024927 0.021904
34 0.102576 0.785429 0.005018 0.011582
34 0.516211 0.751661 0.013537 0.008880
34 0.415528 0.823220 0.012941 0.013252
34 0.319858 0.783641 0.010232 0.006871
34 0.192934 0.840530 0.023850 0.014129
34 0.189193 0.783380 0.011050 0.007125
34 0.269988 0.828051 0.013038 0.013548
34 0.239311 0.776453 0.013143 0.013836
34 0.291540 0.835882 0.013370 0.014050
34 0.215184 0.763316 0.013229 0.014024
34 0.199911 0.762958 0.013199 0.014335
34 0.288584 0.776441 0.013276 0.013833
34 0.248360 0.827700 0.013429 0.014152
34 0.345373 0.840909 0.013807 0.011804
34 0.351836 0.810352 0.011066 0.007025
34 0.607089 0.818615 0.009114 0.007649
34 0.688216 0.818330 0.008918 0.007843
34 0.394906 0.829166 0.010312 0.006814
34 0.394906 0.847254 0.010292 0.007122
34 0.442966 0.841744 0.012967 0.013326
34 0.399310 0.769028 0.013511 0.014101
34 0.464956 0.770227 0.013316 0.013346
34 0.501608 0.835161 0.013215 0.013599
34 0.500102 0.790577 0.012979 0.013767
34 0.394020 0.804048 0.013334 0.013471
34 0.401263 0.755261 0.009033 0.007045
34 0.462312 0.788376 0.013145 0.013480
34 0.379739 0.777300 0.013177 0.013796
34 0.354720 0.810093 0.005161 0.006740
34 0.472522 0.263913 0.007885 0.007033
34 0.485789 0.219933 0.007250 0.006267
34 0.400788 0.130013 0.014154 0.014024
34 0.539729 0.233444 0.013362 0.014645
34 0.539823 0.049698 0.013348 0.014471
34 0.456662 0.085255 0.009416 0.007552
34 0.548530 0.147079 0.013274 0.013440
34 0.556769 0.260791 0.003304 0.014714
34 0.549957 0.114538 0.013576 0.014269
34 0.555966 0.179262 0.004809 0.006703
34 0.369372 0.201255 0.031336 0.022249
34 0.381435 0.168368 0.050207 0.012274
34 0.535441 0.065581 0.013566 0.013562
34 0.947183 0.758360 0.013479 0.014531
34 0.913995 0.768916 0.013425 0.013973
33 0.401195 0.145284 0.008429 0.016483
33 0.572345 0.105278 0.015306 0.012237
33 0.629350 0.116503 0.008286 0.010926
33 0.548639 0.160717 0.008129 0.014429
33 0.651695 0.116938 0.008133 0.011812
33 0.545139 0.074930 0.007961 0.011479
33 0.759143 0.280702 0.009446 0.012382
33 0.759850 0.102801 0.009519 0.012459
33 0.855991 0.212435 0.009093 0.011294
33 0.124371 0.363638 0.008070 0.011317
33 0.148307 0.363703 0.008274 0.011186
33 0.363846 0.339444 0.013558 0.011376
33 0.244325 0.339336 0.013215 0.011411
33 0.546555 0.421972 0.015971 0.012551
33 0.472819 0.492384 0.004531 0.005885
33 0.401219 0.456907 0.008509 0.017261
33 0.399386 0.323339 0.008348 0.016104
33 0.598437 0.442931 0.007905 0.012525
33 0.618885 0.442796 0.008004 0.012408
33 0.629054 0.294563 0.008294 0.011713
33 0.649677 0.294709 0.008322 0.011938
33 0.549742 0.258897 0.008288 0.011559
33 0.578223 0.282494 0.015085 0.011610
33 0.736244 0.430249 0.009164 0.012354
33 0.821343 0.380648 0.008028 0.011727
33 0.821255 0.440231 0.008360 0.011753
33 0.821416 0.402002 0.008207 0.011624
33 0.806170 0.454511 0.012844 0.011969
33 0.821342 0.421164 0.008191 0.011499
33 0.910163 0.258722 0.008304 0.012314
33 0.885079 0.258430 0.008243 0.011496
33 0.076631 0.604035 0.008120 0.016176
33 0.281442 0.592685 0.007998 0.011228
33 0.256742 0.594149 0.008016 0.012596
33 0.257685 0.662677 0.008251 0.012257
33 0.281307 0.662548 0.008388 0.012647
33 0.188572 0.587519 0.008191 0.011602
33 0.188600 0.567005 0.008211 0.011696
33 0.499143 0.636552 0.008334 0.014449
33 0.366194 0.615644 0.011831 0.011921
33 0.499667 0.691465 0.008112 0.014437
33 0.366161 0.632042 0.011714 0.011698
33 0.356615 0.579166 0.008527 0.011812
33 0.651088 0.575654 0.021072 0.011924
33 0.651310 0.675281 0.021960 0.012237
33 0.560213 0.577774 0.008261 0.013896
33 0.539786 0.577657 0.007973 0.013343
33 0.537538 0.619337 0.011809 0.012143
33 0.537499 0.639219 0.011726 0.011924
33 0.757136 0.600208 0.008580 0.011280
33 0.905338 0.702110 0.009093 0.015061
33 0.923136 0.756824 0.008350 0.011653
33 0.215534 0.778606 0.008179 0.016768
33 0.270138 0.842780 0.008209 0.016093
33 0.200249 0.778682 0.008233 0.016805
33 0.248235 0.842579 0.008259 0.016381
33 0.650646 0.781596 0.018830 0.011416
33 0.845595 0.757431 0.008048 0.012268
22 0.572951 0.140151 0.017707 0.027421
22 0.578576 0.317286 0.017470 0.026067
22 0.545790 0.465903 0.018429 0.026067
22 0.106058 0.601637 0.015927 0.021878
22 0.650641 0.615856 0.017953 0.024412
22 0.649770 0.718364 0.015794 0.024714
22 0.779291 0.647100 0.017470 0.024374
22 0.650368 0.823525 0.016033 0.024714
21 0.210961 0.226351 0.006406 0.010519
21 0.614510 0.238162 0.006829 0.010328
21 0.616476 0.205390 0.006376 0.009316
21 0.614702 0.059404 0.006684 0.010442
21 0.788266 0.161988 0.007180 0.013203
21 0.145308 0.322962 0.006579 0.010775
21 0.265209 0.323210 0.007419 0.010154
21 0.200585 0.441973 0.009116 0.011801
21 0.320058 0.441946 0.006837 0.011012
21 0.328674 0.269125 0.006281 0.010465
21 0.365893 0.425281 0.006461 0.011850
21 0.586750 0.498651 0.007198 0.010946
21 0.610934 0.401528 0.006481 0.010271
21 0.552122 0.341751 0.006585 0.010541
21 0.832447 0.306261 0.006553 0.010242
21 0.821842 0.259661 0.006896 0.010841
21 0.906471 0.483494 0.005991 0.011188
21 0.204796 0.716100 0.002979 0.010975
21 0.206238 0.715523 0.006984 0.010835
21 0.205594 0.648438 0.006934 0.010824
21 0.178896 0.747961 0.005657 0.010279
21 0.471531 0.664749 0.005387 0.009738
21 0.465516 0.719795 0.005983 0.009877
21 0.422456 0.719369 0.006060 0.009174
21 0.422236 0.664729 0.006164 0.009356
21 0.650108 0.649050 0.006573 0.010262
21 0.540380 0.693011 0.006525 0.010160
21 0.801293 0.695962 0.005786 0.009456
21 0.509837 0.808366 0.006700 0.010217
21 0.364757 0.807679 0.006267 0.009772
21 0.470363 0.805908 0.006120 0.010123
21 0.513325 0.852227 0.006702 0.010484
21 0.408276 0.781475 0.006350 0.009972
21 0.473595 0.780480 0.006207 0.010245
21 0.650148 0.856327 0.006537 0.010202
21 0.650141 0.752112 0.006442 0.009781
21 0.743785 0.802072 0.006543 0.010390
21 0.879692 0.760751 0.006648 0.010752
21 0.809790 0.801278 0.007381 0.011995
21 0.962018 0.761284 0.006960 0.010376
20 0.304335 0.350801 0.059827 0.122890
18 0.520061 0.223153 0.004398 0.015489
18 0.520325 0.183464 0.005884 0.016366
18 0.425318 0.134459 0.010774 0.005925
18 0.540367 0.126580 0.011886 0.008498
18 0.520660 0.374514 0.005183 0.015680
18 0.433246 0.453414 0.012693 0.006070
18 0.425107 0.321037 0.010387 0.007022
18 0.540046 0.304761 0.014118 0.009139
18 0.575107 0.453273 0.010814 0.007868
18 0.125994 0.538767 0.005981 0.018282
18 0.865323 0.678643 0.012444 0.007330
18 0.944920 0.678267 0.011843 0.007848
15 0.526815 0.050735 0.011930 0.016153
15 0.526884 0.235078 0.011801 0.016113
15 0.574564 0.183994 0.011682 0.017022
15 0.832651 0.234541 0.011459 0.016537
15 0.760914 0.139766 0.016299 0.023608
15 0.590115 0.374926 0.011644 0.017085
15 0.854367 0.281785 0.011446 0.017187
15 0.736988 0.467286 0.016358 0.024078
15 0.760081 0.317742 0.016140 0.023673
15 0.779500 0.703331 0.011777 0.016734
15 0.291408 0.852076 0.011483 0.017216
11 0.231655 0.616748 0.019692 0.026874
11 0.231699 0.684806 0.019801 0.027196
6 0.780009 0.035881 0.004547 0.008803
6 0.166557 0.458966 0.004786 0.006771
6 0.858120 0.474970 0.003799 0.004429
6 0.878424 0.475443 0.003874 0.004953
6 0.867583 0.474917 0.004247 0.004534
6 0.844113 0.475076 0.003950 0.004639
6 0.812243 0.475274 0.004559 0.005514
6 0.331848 0.639724 0.003249 0.004343
6 0.214978 0.684290 0.005056 0.006267
6 0.214983 0.616020 0.005191 0.006438
6 0.243197 0.615801 0.004988 0.006067
6 0.219806 0.616506 0.005485 0.006349
6 0.220105 0.684373 0.005689 0.006221
6 0.242949 0.684557 0.005000 0.006828
6 0.432251 0.623250 0.003789 0.004374
6 0.432667 0.678532 0.003328 0.004263
6 0.427414 0.739070 0.004656 0.003782
6 0.650144 0.585965 0.003592 0.004560
6 0.650018 0.688780 0.003485 0.004902
6 0.812682 0.504823 0.004619 0.004409
6 0.858375 0.504862 0.004732 0.003859
6 0.867865 0.504429 0.004452 0.005198
6 0.852432 0.666133 0.003243 0.004406
6 0.759908 0.555695 0.006940 0.008803
6 0.878634 0.505020 0.004174 0.005275
6 0.844406 0.504469 0.004730 0.004959
6 0.931734 0.656456 0.004879 0.009099
6 0.105790 0.775061 0.004678 0.007609
6 0.354488 0.830389 0.003131 0.004175
6 0.650121 0.793517 0.003610 0.004696
5 0.122494 0.746736 0.007297 0.007606
5 0.105780 0.739065 0.007369 0.007774
5 0.105787 0.802476 0.007021 0.006623
4 0.263334 0.783346 0.014045 0.019835
3 0.693936 0.135037 0.012671 0.016999
3 0.692022 0.313142 0.012500 0.017039
3 0.102864 0.659607 0.015115 0.019675
3 0.103053 0.682964 0.015357 0.019350
3 0.632379 0.518042 0.012381 0.017344
3 0.854827 0.598767 0.015048 0.019598
3 0.934574 0.598749 0.015590 0.019806
2 0.632697 0.184007 0.012329 0.010368
2 0.632826 0.213641 0.011551 0.009635
2 0.809804 0.234772 0.012444 0.009818
2 0.632899 0.375346 0.013163 0.013542
2 0.692231 0.283981 0.012419 0.009256
2 0.632525 0.491485 0.011638 0.009513
2 0.632826 0.467214 0.011898 0.010245
2 0.710133 0.317454 0.011724 0.011510
2 0.809773 0.281016 0.012242 0.009755
2 0.851117 0.475285 0.011847 0.009276
2 0.392083 0.575657 0.012369 0.008891
2 0.650989 0.522318 0.011970 0.010160
2 0.851196 0.505137 0.011521 0.009134
2 0.757275 0.740876 0.013161 0.010832
1 0.295425 0.684557 0.012260 0.009724
1 0.295439 0.616505 0.012160 0.009687
0 0.210813 0.213629 0.003789 0.010445
0 0.557583 0.114144 0.001676 0.010128
0 0.558714 0.114316 0.004067 0.010137
0 0.535223 0.074651 0.007593 0.005289
0 0.614329 0.225191 0.003997 0.010547
0 0.548789 0.172851 0.004150 0.010559
0 0.585352 0.114312 0.003979 0.010231
0 0.616422 0.192908 0.003993 0.010313
0 0.629446 0.128353 0.003973 0.010294
0 0.614308 0.046485 0.003886 0.010422
0 0.674898 0.139527 0.011795 0.009416
0 0.651558 0.128699 0.003942 0.010274
0 0.779476 0.120654 0.003965 0.010308
0 0.821861 0.246961 0.004081 0.010638
0 0.740655 0.120654 0.004021 0.010502
0 0.856127 0.223316 0.003971 0.010017
0 0.788048 0.149158 0.004017 0.010450
0 0.881200 0.223280 0.003983 0.010105
0 0.148095 0.375509 0.004051 0.010533
0 0.124500 0.375415 0.003928 0.010299
0 0.164500 0.385832 0.007780 0.005925
0 0.320025 0.429107 0.004011 0.010769
0 0.200242 0.429203 0.003985 0.010530
0 0.235286 0.297040 0.004093 0.010695
0 0.328671 0.256184 0.003987 0.010294
0 0.220113 0.315561 0.007099 0.005190
0 0.235268 0.381217 0.004069 0.010653
0 0.220145 0.361982 0.007526 0.005583
0 0.339723 0.362048 0.007468 0.005338
0 0.339779 0.315560 0.007170 0.005227
0 0.354970 0.297008 0.003896 0.010442
0 0.354996 0.381225 0.003952 0.010242
0 0.365559 0.411483 0.003668 0.009858
0 0.557691 0.441810 0.001459 0.011097
0 0.552039 0.328958 0.004017 0.010348
0 0.564503 0.292377 0.004079 0.010618
0 0.591294 0.292381 0.003942 0.010541
0 0.628805 0.306218 0.004037 0.010202
0 0.532420 0.441915 0.004067 0.010715
0 0.536595 0.259292 0.007554 0.005697
0 0.598323 0.454984 0.003934 0.010248
0 0.558991 0.441948 0.004073 0.010655
0 0.672816 0.317345 0.011869 0.009219
0 0.618862 0.454960 0.003952 0.010182
0 0.567158 0.363472 0.003912 0.010222
0 0.649320 0.306254 0.004051 0.010245
0 0.586824 0.485710 0.003995 0.010142
0 0.611238 0.388510 0.003991 0.010681
0 0.832217 0.293534 0.003858 0.010772
0 0.808584 0.440141 0.007542 0.005429
0 0.739711 0.298762 0.004152 0.011106
0 0.808680 0.421312 0.007172 0.005400
0 0.833152 0.475221 0.007665 0.005825
0 0.808561 0.380413 0.007419 0.005056
0 0.778763 0.298702 0.004114 0.010929
0 0.821802 0.250621 0.003926 0.003089
0 0.808486 0.401589 0.007581 0.005566
0 0.716774 0.448286 0.004011 0.010912
0 0.755763 0.448347 0.004210 0.010972
0 0.885017 0.270247 0.004196 0.010108
0 0.890083 0.475202 0.007276 0.005765
0 0.909971 0.270255 0.004003 0.010165
0 0.143316 0.602676 0.007663 0.018729
0 0.105822 0.520346 0.006523 0.016606
0 0.176210 0.588116 0.007673 0.007694
0 0.093262 0.629524 0.007432 0.005483
0 0.105832 0.721982 0.006664 0.016885
0 0.123012 0.724570 0.006797 0.017130
0 0.093261 0.578125 0.007051 0.005107
0 0.149946 0.538951 0.011511 0.008795
0 0.176148 0.566909 0.007699 0.005925
0 0.206184 0.702660 0.003797 0.010570
0 0.189624 0.684782 0.011847 0.008743
0 0.312546 0.684773 0.011640 0.008977
0 0.312561 0.616394 0.011602 0.009265
0 0.189660 0.616660 0.011974 0.009011
0 0.335402 0.591124 0.004325 0.011003
0 0.281377 0.605285 0.003910 0.010610
0 0.256573 0.605926 0.003932 0.010239
0 0.377834 0.786897 0.009037 0.006053
0 0.178358 0.735067 0.003711 0.009997
0 0.281080 0.674446 0.003856 0.010436
0 0.257621 0.674708 0.003727 0.010020
0 0.331777 0.649506 0.003795 0.010023
0 0.339047 0.722891 0.006434 0.016646
0 0.205418 0.635443 0.003963 0.010088
0 0.356734 0.591156 0.004013 0.010866
0 0.422257 0.653411 0.003878 0.010145
0 0.432733 0.633185 0.003983 0.010285
0 0.427594 0.747999 0.003894 0.010618
0 0.422506 0.708302 0.004057 0.010579
0 0.432715 0.687828 0.003890 0.009712
0 0.465100 0.708247 0.004277 0.010721
0 0.471194 0.653356 0.004269 0.010308
0 0.516248 0.645510 0.011884 0.009356
0 0.516241 0.700083 0.011898 0.009467
0 0.464575 0.608464 0.011857 0.009661
0 0.393315 0.700187 0.011787 0.009299
0 0.390247 0.645546 0.011803 0.009336
0 0.704169 0.616532 0.011859 0.009325
0 0.590089 0.719366 0.011737 0.009042
0 0.704148 0.719191 0.011797 0.009387
0 0.619703 0.590061 0.004104 0.010473
0 0.680609 0.590054 0.004136 0.010328
0 0.650011 0.596020 0.003930 0.010234
0 0.650030 0.698584 0.003977 0.010294
0 0.649997 0.738780 0.004043 0.010356
0 0.560202 0.590061 0.004071 0.010245
0 0.619750 0.692760 0.004061 0.010165
0 0.649989 0.636445 0.004228 0.010861
0 0.539664 0.590004 0.004057 0.010234
0 0.680611 0.692699 0.004281 0.010265
0 0.613225 0.522455 0.011910 0.009744
0 0.590036 0.616576 0.011950 0.009156
0 0.540267 0.680110 0.003644 0.009590
0 0.835638 0.651659 0.003789 0.010037
0 0.835633 0.734360 0.003944 0.010829
0 0.769853 0.666710 0.007538 0.005953
0 0.876941 0.728964 0.007846 0.005959
0 0.833160 0.504749 0.007689 0.005606
0 0.852459 0.676689 0.003817 0.010447
0 0.818879 0.598280 0.006730 0.016902
0 0.770452 0.629189 0.007371 0.005315
0 0.769320 0.600019 0.007391 0.005292
0 0.801026 0.683330 0.003765 0.009766
0 0.879607 0.747746 0.004146 0.010225
0 0.931905 0.671590 0.004075 0.010727
0 0.890120 0.504755 0.007399 0.005571
0 0.905153 0.650674 0.003952 0.010792
0 0.956587 0.728941 0.007538 0.005782
0 0.905108 0.728398 0.004027 0.010721
0 0.105810 0.820968 0.006563 0.016697
0 0.091599 0.767709 0.012057 0.010083
0 0.264867 0.752300 0.012119 0.009456
0 0.288599 0.788425 0.011984 0.009812
0 0.239444 0.788246 0.012099 0.009880
0 0.379291 0.788745 0.011773 0.008763
0 0.415216 0.833966 0.011906 0.009527
0 0.442719 0.852391 0.012049 0.009410
0 0.386674 0.760258 0.011749 0.009293
0 0.501900 0.843921 0.007454 0.005227
0 0.473575 0.769406 0.003942 0.010291
0 0.462502 0.797744 0.007667 0.005788
0 0.516235 0.760306 0.011781 0.009453
0 0.500276 0.799830 0.007119 0.005081
0 0.393850 0.815432 0.011793 0.009450
0 0.364681 0.797288 0.003991 0.010085
0 0.354445 0.840559 0.004140 0.010465
0 0.408372 0.769380 0.004271 0.010598
0 0.590079 0.823886 0.012015 0.009732
0 0.619698 0.797400 0.004126 0.010490
0 0.650004 0.803374 0.004106 0.010453
0 0.680573 0.797333 0.004027 0.010180
0 0.704221 0.823779 0.012105 0.009849
0 0.650143 0.843360 0.003824 0.010681
0 0.857443 0.757343 0.006376 0.016161
0 0.761822 0.777348 0.011537 0.009065
0 0.845411 0.768736 0.003791 0.010103
0 0.809566 0.788480 0.003926 0.010205
0 0.743671 0.789114 0.004011 0.010710
0 0.962031 0.750319 0.003606 0.006184
0 0.936929 0.757488 0.007073 0.016452
0 0.923115 0.768746 0.004285 0.010402
