34 0.820406 0.155085 0.042166 0.013933
34 0.810570 0.239233 0.014774 0.012659
34 0.714871 0.227545 0.014932 0.012018
34 0.897347 0.239732 0.026076 0.023671
34 0.959058 0.189922 0.052669 0.033289
34 0.119154 0.416703 0.045097 0.014124
34 0.140577 0.282913 0.014563 0.012203
34 0.191537 0.416919 0.029496 0.013343
34 0.119670 0.390908 0.045693 0.016315
34 0.119558 0.366275 0.048133 0.017258
34 0.281199 0.416681 0.046732 0.013921
34 0.291443 0.299369 0.014273 0.011231
34 0.251739 0.299474 0.014182 0.011374
34 0.344231 0.282370 0.014692 0.012639
34 0.258891 0.316255 0.014611 0.011331
34 0.282254 0.316020 0.014444 0.011186
34 0.281209 0.389496 0.049021 0.016005
34 0.281873 0.366589 0.048135 0.016005
34 0.200025 0.418207 0.046803 0.016945
34 0.201022 0.391063 0.047911 0.017885
34 0.200913 0.364706 0.048578 0.014748
34 0.531361 0.390594 0.048133 0.013807
34 0.448293 0.391221 0.051904 0.014434
34 0.530827 0.417069 0.046767 0.014326
34 0.531164 0.365987 0.047429 0.015019
34 0.447063 0.417152 0.048743 0.014127
34 0.446424 0.365896 0.047752 0.015024
34 0.629081 0.357211 0.042635 0.014406
34 0.629575 0.382561 0.043312 0.014184
34 0.600863 0.283118 0.014394 0.011832
34 0.640491 0.282942 0.014728 0.011892
34 0.603302 0.258703 0.016172 0.012978
34 0.717747 0.381023 0.026952 0.018512
34 0.853536 0.368368 0.028076 0.012975
34 0.751504 0.366309 0.008854 0.021168
34 0.806715 0.428066 0.043294 0.015546
34 0.806438 0.328688 0.043139 0.016121
34 0.806196 0.355449 0.043475 0.018826
34 0.807193 0.379141 0.044140 0.015375
34 0.806639 0.402360 0.042145 0.016632
34 0.718301 0.357333 0.028060 0.018199
34 0.935361 0.348451 0.024182 0.024517
34 0.897771 0.313444 0.027649 0.024129
34 0.965948 0.367647 0.040244 0.013819
34 0.895308 0.283138 0.027015 0.023916
34 0.154548 0.730171 0.014502 0.012180
34 0.300702 0.551371 0.009124 0.021431
34 0.356402 0.624762 0.045471 0.021026
34 0.256229 0.694695 0.028352 0.024386
34 0.195045 0.730225 0.014365 0.011627
34 0.202042 0.710465 0.014732 0.012704
34 0.348463 0.736654 0.014585 0.011832
34 0.488435 0.579610 0.041801 0.014933
34 0.353923 0.736627 0.003576 0.010855
34 0.488622 0.604903 0.042587 0.015369
34 0.488939 0.554859 0.042315 0.015315
34 0.389264 0.736499 0.014321 0.012115
34 0.460374 0.687464 0.014442 0.012192
34 0.500264 0.687314 0.014533 0.012251
34 0.409052 0.695125 0.027895 0.024602
34 0.628827 0.687327 0.014833 0.011633
34 0.588278 0.710771 0.015979 0.012360
34 0.658895 0.604763 0.046585 0.015266
34 0.668666 0.687177 0.014408 0.011989
34 0.567270 0.554642 0.041741 0.015178
34 0.567036 0.604838 0.041807 0.014776
34 0.658230 0.527767 0.045111 0.015164
34 0.566807 0.579658 0.041015 0.014659
34 0.658741 0.580362 0.046579 0.015691
34 0.656855 0.556200 0.042808 0.015688
34 0.737543 0.578635 0.047689 0.017258
34 0.775719 0.697498 0.028167 0.024691
34 0.879538 0.697287 0.028298 0.024087
34 0.732343 0.694883 0.028247 0.024158
34 0.814899 0.741089 0.027260 0.024412
34 0.738174 0.527692 0.046521 0.016107
34 0.737102 0.554863 0.044337 0.015323
34 0.738099 0.604994 0.047468 0.014121
34 0.928698 0.693276 0.044502 0.031744
34 0.265175 0.796546 0.047458 0.013046
34 0.265559 0.821689 0.048225 0.015494
34 0.264810 0.846422 0.047073 0.014406
34 0.265771 0.871020 0.048225 0.014677
34 0.264426 0.895892 0.045153 0.016036
34 0.192714 0.797361 0.033292 0.017395
34 0.193002 0.820873 0.033868 0.016036
34 0.190984 0.846559 0.029833 0.012502
34 0.191753 0.871157 0.031370 0.012773
34 0.191081 0.896435 0.030026 0.012773
34 0.190792 0.920489 0.029448 0.013591
34 0.264086 0.920570 0.044188 0.013964
34 0.377837 0.839491 0.042846 0.011961
34 0.378177 0.864497 0.041600 0.014939
34 0.456842 0.839791 0.041013 0.015027
34 0.378698 0.814608 0.042609 0.015725
34 0.457022 0.864459 0.041666 0.014771
34 0.457315 0.814615 0.042103 0.015591
33 0.110941 0.164695 0.024742 0.021422
33 0.111054 0.189944 0.024843 0.021319
33 0.199342 0.115319 0.024986 0.020886
33 0.199421 0.090214 0.024595 0.021516
33 0.308947 0.116818 0.024913 0.020522
33 0.308846 0.189645 0.024823 0.020613
33 0.217659 0.216827 0.019077 0.020710
33 0.308937 0.215050 0.025207 0.021026
33 0.308917 0.042706 0.025091 0.021166
33 0.308980 0.141401 0.024925 0.020909
33 0.308980 0.165117 0.025075 0.020869
33 0.199329 0.138800 0.025024 0.020524
33 0.308950 0.068267 0.025113 0.020980
33 0.199403 0.188531 0.024982 0.021217
33 0.308936 0.092643 0.025125 0.020955
33 0.199413 0.163384 0.024913 0.020755
33 0.455331 0.141194 0.024990 0.021277
33 0.397622 0.167739 0.025175 0.020909
33 0.455336 0.214849 0.025093 0.021074
33 0.455392 0.165000 0.024921 0.020744
33 0.455308 0.189681 0.025036 0.020450
0 0.279381 0.226543 0.011847 0.010299
0 0.186107 0.245087 0.006747 0.016096
0 0.277695 0.045540 0.006612 0.016215
0 0.442150 0.248574 0.007339 0.016606
0 0.403256 0.088968 0.006823 0.015845
0 0.527221 0.245469 0.006819 0.016090
0 0.384069 0.245455 0.007010 0.016107
0 0.425833 0.226388 0.011730 0.010262
0 0.483682 0.083280 0.007057 0.016050
0 0.400556 0.196445 0.011974 0.010866
0 0.407892 0.287925 0.014837 0.007791
0 0.692681 0.208973 0.007587 0.016993
0 0.676460 0.182073 0.011843 0.010279
0 0.629267 0.194275 0.011483 0.010043
0 0.543420 0.208864 0.011912 0.010000
0 0.612956 0.221080 0.007262 0.016261
0 0.547339 0.048488 0.007067 0.016429
0 0.851225 0.221052 0.006882 0.016318
0 0.771513 0.208963 0.007164 0.016683
0 0.834933 0.194374 0.012149 0.010732
0 0.787840 0.182095 0.012260 0.010801
0 0.977088 0.089810 0.006674 0.015768
0 0.950075 0.090437 0.006402 0.016224
0 0.963950 0.090419 0.006664 0.015936
0 0.937329 0.089460 0.006958 0.016161
0 0.917150 0.240175 0.010199 0.023554
0 0.133077 0.323527 0.012319 0.010747
0 0.149300 0.439141 0.006827 0.016178
0 0.068978 0.439162 0.006815 0.016101
0 0.075422 0.267056 0.007037 0.016632
0 0.095602 0.290202 0.013163 0.010493
0 0.310365 0.439155 0.006402 0.015831
0 0.243074 0.322759 0.011616 0.010744
0 0.213926 0.343735 0.012220 0.010399
0 0.326737 0.343696 0.011926 0.010419
0 0.230346 0.439205 0.006886 0.016062
0 0.340570 0.306392 0.011684 0.010180
0 0.200454 0.306639 0.011352 0.009886
0 0.297691 0.322864 0.011765 0.010858
0 0.395062 0.439176 0.006938 0.016181
0 0.407413 0.291388 0.013880 0.010835
0 0.496225 0.321636 0.012284 0.009969
0 0.479744 0.439031 0.006990 0.016341
0 0.659042 0.405130 0.006807 0.016597
0 0.658844 0.315500 0.007135 0.016290
0 0.580198 0.405167 0.006803 0.016472
0 0.563850 0.334146 0.012131 0.010698
0 0.580143 0.315499 0.006636 0.016121
0 0.703182 0.471391 0.011497 0.009986
0 0.639499 0.471374 0.011215 0.009855
0 0.624103 0.471379 0.011557 0.010003
0 0.675351 0.334185 0.011946 0.010291
0 0.757277 0.287999 0.006871 0.016335
0 0.757249 0.449513 0.006626 0.016466
0 0.718518 0.471482 0.011581 0.009900
33 0.540668 0.100832 0.024631 0.020821
33 0.626405 0.153272 0.024531 0.020963
33 0.540687 0.174746 0.024641 0.021211
34 0.899892 0.100256 0.043499 0.016945
34 0.900416 0.147638 0.042895 0.016318
34 0.899750 0.172270 0.041563 0.014121
34 0.900305 0.122535 0.042673 0.015061
34 0.896078 0.198652 0.042961 0.012665
34 0.362644 0.365020 0.048415 0.016002
34 0.362814 0.391064 0.047627 0.016002
34 0.362956 0.417109 0.049563 0.014748
34 0.883959 0.349858 0.023678 0.025266
34 0.167980 0.543963 0.109486 0.026985
34 0.357130 0.575497 0.046130 0.016005
34 0.356768 0.599659 0.045969 0.017256
4 0.884427 0.375691 0.019136 0.026401
0 0.773779 0.305091 0.012091 0.010234
0 0.917158 0.314714 0.009867 0.023477
0 0.322723 0.661355 0.011859 0.010296
0 0.337652 0.521778 0.011239 0.010048
0 0.322381 0.521878 0.011499 0.009758
0 0.306463 0.687334 0.006974 0.016606
0 0.455377 0.502585 0.011535 0.008829
0 0.439601 0.669581 0.007131 0.016472
0 0.423407 0.639317 0.012256 0.010114
0 0.518814 0.669488 0.006859 0.016213
0 0.470752 0.502559 0.011783 0.008823
0 0.608082 0.669612 0.007264 0.016375
0 0.534968 0.639203 0.012035 0.010370
0 0.703697 0.639159 0.011825 0.010750
0 0.550058 0.502548 0.011350 0.008743
0 0.687146 0.669544 0.006936 0.016250
0 0.591885 0.639131 0.011996 0.010459
0 0.534774 0.502590 0.011720 0.008857
0 0.879594 0.718425 0.016517 0.013881
0 0.832314 0.744535 0.006775 0.016589
0 0.775695 0.718299 0.016813 0.014078
0 0.105849 0.937683 0.011231 0.009729
0 0.119015 0.776012 0.012188 0.010775
0 0.135378 0.754359 0.007186 0.014275
0 0.121566 0.937951 0.012444 0.012528
0 0.230459 0.942447 0.011869 0.010388
0 0.245792 0.942588 0.011563 0.010066
0 0.313348 0.791036 0.012268 0.010285
0 0.214412 0.754685 0.007127 0.014927
0 0.345520 0.887025 0.011708 0.010527
0 0.230951 0.776140 0.012357 0.011163
0 0.329485 0.768547 0.007226 0.016398
0 0.424964 0.791073 0.011886 0.009897
0 0.424716 0.887070 0.011829 0.010647
0 0.408633 0.768574 0.007162 0.016384
0 0.361009 0.887192 0.011636 0.010000
0 0.440053 0.887147 0.012045 0.010396
33 0.082121 0.364796 0.024936 0.021499
33 0.784644 0.156032 0.024893 0.021109
33 0.784590 0.106267 0.024893 0.020331
33 0.864515 0.148515 0.024927 0.020553
33 0.864446 0.099960 0.024944 0.020872
33 0.784657 0.082568 0.024921 0.021402
33 0.711425 0.127685 0.014152 0.021177
33 0.711366 0.079402 0.014150 0.021026
33 0.626357 0.127821 0.024656 0.021034
34 0.146661 0.188416 0.044083 0.019367
33 0.540592 0.124581 0.024722 0.020493
33 0.626265 0.103118 0.024746 0.020883
33 0.626311 0.079360 0.024754 0.020920
33 0.540693 0.149282 0.024694 0.020809
33 0.864519 0.173723 0.024984 0.021205
33 0.784698 0.130806 0.024831 0.020969
33 0.864520 0.123820 0.024929 0.020271
33 0.711420 0.103008 0.014186 0.020687
0 0.295553 0.248492 0.007101 0.016785
0 0.202234 0.215439 0.012135 0.010593
0 0.168139 0.093418 0.006898 0.016218
0 0.066650 0.141797 0.006809 0.016121
0 0.097601 0.245142 0.006922 0.016218
0 0.113996 0.223537 0.011686 0.010624
3 0.936368 0.375416 0.018550 0.026512
5 0.732406 0.718068 0.010026 0.020747
5 0.409323 0.717877 0.009940 0.020946
5 0.256536 0.717799 0.009708 0.021622
5 0.917417 0.283515 0.015850 0.012941
6 0.439960 0.777991 0.009573 0.010157
6 0.298550 0.778414 0.007373 0.009892
6 0.246063 0.763095 0.006940 0.012864
6 0.104254 0.763612 0.007609 0.010296
6 0.718220 0.626500 0.007327 0.011160
6 0.549978 0.626788 0.008614 0.012864
6 0.576906 0.626847 0.007434 0.010234
6 0.408555 0.626791 0.007012 0.010162
6 0.220665 0.717887 0.009569 0.009025
6 0.230359 0.718002 0.010008 0.009279
6 0.337270 0.648810 0.007216 0.010131
6 0.788625 0.292742 0.007419 0.012186
6 0.549140 0.321644 0.007236 0.010288
6 0.689985 0.321486 0.007186 0.010063
6 0.510795 0.309839 0.007657 0.009818
6 0.199346 0.330942 0.006863 0.009675
6 0.341372 0.330966 0.007083 0.009860
6 0.144693 0.266698 0.010010 0.010695
6 0.118456 0.310007 0.007657 0.010832
6 0.802439 0.169644 0.007117 0.010071
6 0.820141 0.181795 0.007325 0.009957
6 0.557755 0.196518 0.008854 0.011171
6 0.661532 0.169454 0.007456 0.010473
6 0.644004 0.181793 0.007355 0.009900
6 0.414832 0.183653 0.007657 0.012528
6 0.411019 0.213951 0.007413 0.010308
6 0.264570 0.214105 0.007012 0.009726
6 0.128386 0.211415 0.007897 0.013203
6 0.075472 0.243160 0.006964 0.009644
21 0.832342 0.779424 0.011287 0.025056
21 0.454171 0.907947 0.011485 0.024323
21 0.375345 0.909514 0.011964 0.022682
21 0.259790 0.962555 0.011398 0.024716
21 0.090456 0.959279 0.012444 0.021328
21 0.565173 0.524382 0.014597 0.023360
21 0.484996 0.524064 0.011563 0.021966
21 0.351896 0.543696 0.012071 0.021904
21 0.757335 0.477334 0.011249 0.024198
21 0.732727 0.492153 0.011033 0.022927
21 0.653637 0.492246 0.011303 0.022531
21 0.580130 0.432897 0.010530 0.020311
21 0.658921 0.432883 0.011368 0.021650
21 0.394730 0.466582 0.011966 0.023360
21 0.479747 0.465275 0.011150 0.025181
21 0.310548 0.465301 0.011128 0.025192
21 0.230434 0.465148 0.011610 0.025155
21 0.068936 0.465237 0.011241 0.024962
21 0.149447 0.465239 0.011561 0.024916
21 0.937058 0.118145 0.011090 0.023534
21 0.977019 0.116208 0.010995 0.024044
21 0.964031 0.117303 0.010963 0.022995
21 0.950367 0.117987 0.011535 0.022590
21 0.547484 0.074741 0.011990 0.025224
21 0.483861 0.109967 0.011303 0.023679
21 0.403070 0.116629 0.010681 0.021334
21 0.278011 0.073967 0.011009 0.023357
21 0.067003 0.167066 0.012923 0.026067
21 0.168035 0.120190 0.011553 0.024471
33 0.422131 0.840100 0.025000 0.020923
33 0.422097 0.814956 0.025016 0.021049
33 0.422027 0.865322 0.024940 0.020949
33 0.227647 0.872563 0.024649 0.020846
33 0.227678 0.822526 0.024704 0.020806
33 0.227653 0.847525 0.024742 0.020698
33 0.342769 0.839997 0.025163 0.021100
33 0.227622 0.797529 0.024805 0.021106
33 0.342723 0.865289 0.025143 0.021197
33 0.227564 0.921029 0.024835 0.020467
33 0.342785 0.814809 0.025260 0.021302
33 0.227598 0.897714 0.024732 0.020787
33 0.148485 0.872581 0.024674 0.020938
33 0.148503 0.897626 0.024666 0.020992
33 0.148669 0.822438 0.024611 0.020972
33 0.148473 0.847401 0.024839 0.020889
33 0.148507 0.797271 0.024859 0.021565
33 0.148597 0.921166 0.024692 0.020576
33 0.536298 0.555097 0.016138 0.021468
33 0.621305 0.555120 0.025024 0.021473
33 0.536295 0.605469 0.016084 0.021419
33 0.621262 0.605365 0.025135 0.021183
33 0.621286 0.528269 0.025159 0.021587
33 0.700601 0.605430 0.024841 0.021371
33 0.700437 0.555228 0.025189 0.020995
33 0.700582 0.528428 0.025109 0.021211
33 0.700549 0.580097 0.025018 0.020997
33 0.621357 0.580017 0.024885 0.020963
33 0.536316 0.580009 0.016037 0.021248
33 0.452820 0.580078 0.025024 0.021160
33 0.452813 0.605368 0.025139 0.021240
33 0.452710 0.555050 0.025117 0.021613
33 0.319720 0.574843 0.024718 0.021131
33 0.319670 0.625084 0.024641 0.021282
33 0.319633 0.599654 0.024746 0.020573
33 0.770565 0.401443 0.024934 0.020755
33 0.770619 0.426862 0.024986 0.020838
33 0.770658 0.327773 0.024865 0.021223
33 0.770582 0.377998 0.024899 0.020402
33 0.770620 0.353002 0.024940 0.020362
33 0.672279 0.356210 0.024805 0.021134
33 0.672133 0.381436 0.024831 0.020445
33 0.593321 0.356120 0.024635 0.021154
33 0.593370 0.381466 0.024895 0.020590
33 0.492963 0.364843 0.025246 0.021542
33 0.408230 0.364799 0.024865 0.021613
33 0.492867 0.415824 0.025242 0.021205
33 0.408151 0.415950 0.024803 0.021123
33 0.408262 0.390001 0.024817 0.020738
33 0.492976 0.390088 0.025163 0.020695
33 0.243614 0.390000 0.025093 0.020581
33 0.323656 0.390041 0.025012 0.020556
33 0.323561 0.415852 0.025232 0.021257
33 0.243558 0.364860 0.025177 0.021565
33 0.323671 0.364962 0.025159 0.021163
33 0.243495 0.415720 0.025258 0.020918
33 0.082170 0.390038 0.024899 0.020784
33 0.082124 0.415854 0.024905 0.021009
33 0.162658 0.415851 0.025079 0.021043
33 0.162703 0.389996 0.025048 0.020732
33 0.162673 0.364765 0.025081 0.021624
33 0.711370 0.153254 0.014182 0.020718
35 0.898200 0.212344 0.022049 0.013847
35 0.959615 0.212457 0.022401 0.013861
35 0.855900 0.381518 0.021688 0.013790
35 0.965998 0.381493 0.022448 0.014124
35 0.927071 0.717598 0.022168 0.014420
34 0.145940 0.164507 0.041501 0.015665
34 0.115898 0.050365 0.108687 0.029809
34 0.092267 0.184762 0.008668 0.021584
34 0.242038 0.214892 0.027544 0.025178
34 0.237622 0.089117 0.048354 0.016318
34 0.237622 0.113592 0.048354 0.014434
34 0.237399 0.139166 0.049686 0.014748
34 0.237289 0.162230 0.048133 0.013807
34 0.236180 0.187803 0.048578 0.015378
34 0.345866 0.190313 0.046579 0.015378
34 0.345755 0.163954 0.045028 0.014121
34 0.346754 0.140892 0.047468 0.015064
34 0.346088 0.116103 0.046579 0.014434
34 0.346089 0.092097 0.047468 0.016632
34 0.344424 0.066996 0.040592 0.017258
34 0.344646 0.042364 0.042810 0.015688
34 0.345567 0.214678 0.044567 0.015192
34 0.180295 0.143048 0.008455 0.021371
34 0.289325 0.143099 0.009009 0.021342
34 0.492988 0.188588 0.045028 0.015688
34 0.490957 0.141211 0.041849 0.015087
34 0.492664 0.214584 0.045228 0.015090
34 0.406890 0.150805 0.041958 0.013745
34 0.378043 0.151545 0.008753 0.020684
34 0.435978 0.142999 0.008596 0.021103
34 0.521718 0.121224 0.009013 0.021109
34 0.493432 0.164897 0.047689 0.015375
34 0.660737 0.152189 0.041700 0.013491
34 0.661402 0.127086 0.040814 0.015375
34 0.660959 0.102924 0.041700 0.016632
34 0.660405 0.079233 0.041035 0.016318
34 0.578666 0.149521 0.048356 0.015064
34 0.578112 0.123162 0.046358 0.015061
34 0.577835 0.173598 0.046356 0.014924
34 0.575943 0.100376 0.042478 0.015298
34 0.661909 0.239397 0.014502 0.012257
34 0.748777 0.227468 0.015741 0.012069
34 0.741204 0.077978 0.042589 0.016315
34 0.741536 0.126928 0.042367 0.016945
34 0.742535 0.151404 0.043918 0.015688
34 0.819614 0.129910 0.043253 0.014121
34 0.820503 0.106375 0.043253 0.016632
34 0.821057 0.081899 0.042589 0.015375
34 0.741032 0.102512 0.041537 0.014639
