34 0.874221 0.721187 0.011505 0.008598
34 0.122766 0.643200 0.019919 0.015218
34 0.067792 0.638635 0.011837 0.042445
34 0.105151 0.540693 0.017466 0.014779
34 0.155290 0.710477 0.024597 0.024471
34 0.737749 0.739635 0.018999 0.014756
34 0.160287 0.620088 0.020957 0.015343
34 0.082706 0.722675 0.018435 0.015312
34 0.726054 0.314540 0.006398 0.016860
34 0.720183 0.497106 0.012107 0.008963
34 0.743308 0.455046 0.020459 0.014708
34 0.763877 0.313619 0.006577 0.016518
34 0.826926 0.380445 0.011334 0.007974
34 0.879669 0.352149 0.006839 0.017156
34 0.830954 0.306969 0.010925 0.008387
34 0.838350 0.354905 0.006056 0.016050
34 0.793107 0.296144 0.006654 0.016318
34 0.859609 0.355891 0.006120 0.013075
34 0.478495 0.314571 0.007063 0.017167
34 0.536351 0.333485 0.018523 0.012807
34 0.594908 0.313735 0.006166 0.016646
34 0.617081 0.351502 0.012462 0.009005
34 0.684682 0.260191 0.006761 0.013662
34 0.642401 0.251763 0.006837 0.005338
34 0.697417 0.468713 0.011793 0.009561
34 0.539180 0.273356 0.011930 0.009749
34 0.681914 0.332227 0.018787 0.013197
34 0.577416 0.399185 0.011968 0.009718
34 0.629477 0.313626 0.006094 0.016549
34 0.753921 0.439675 0.005868 0.012767
34 0.240889 0.333773 0.015147 0.012653
34 0.337944 0.314867 0.006662 0.016973
34 0.199956 0.314494 0.006193 0.016580
34 0.231627 0.476584 0.019410 0.015249
34 0.377590 0.334014 0.009527 0.012759
34 0.237201 0.400170 0.011654 0.008056
34 0.307057 0.439208 0.009895 0.009473
34 0.189584 0.351657 0.011493 0.009025
34 0.276558 0.334363 0.015054 0.012266
34 0.423579 0.334238 0.016823 0.012482
34 0.450403 0.314892 0.007051 0.016680
34 0.499400 0.334262 0.016696 0.012360
34 0.169532 0.315268 0.006610 0.016686
34 0.198790 0.429873 0.014990 0.014725
34 0.057006 0.315755 0.007764 0.014121
34 0.143010 0.458512 0.010258 0.009285
34 0.066722 0.355554 0.006495 0.016842
34 0.138316 0.400144 0.011712 0.008227
34 0.120275 0.351760 0.009845 0.009111
34 0.302607 0.314611 0.006660 0.017184
34 0.250884 0.430975 0.019476 0.014460
34 0.816903 0.192662 0.005627 0.013229
34 0.974830 0.165730 0.019313 0.017689
34 0.895526 0.198417 0.016938 0.012724
34 0.940828 0.023693 0.029057 0.010356
34 0.917981 0.104336 0.021958 0.010353
34 0.917766 0.189369 0.023876 0.026939
34 0.950958 0.126932 0.017214 0.012992
34 0.173405 0.490858 0.018425 0.014614
34 0.147311 0.496646 0.007619 0.007438
34 0.169904 0.442931 0.026372 0.028347
34 0.739762 0.103708 0.023292 0.010356
34 0.716452 0.171505 0.006237 0.013086
34 0.783313 0.207629 0.005784 0.014716
34 0.857597 0.147256 0.009424 0.008686
34 0.778128 0.231736 0.006714 0.014534
34 0.850048 0.216632 0.005959 0.013582
34 0.752844 0.241630 0.015403 0.013639
34 0.792735 0.170218 0.017907 0.015050
34 0.838097 0.184905 0.018334 0.015264
34 0.832860 0.206369 0.016094 0.012590
34 0.823973 0.247189 0.006092 0.013733
34 0.746854 0.191700 0.015385 0.013272
34 0.810423 0.153849 0.017180 0.013465
34 0.807623 0.135990 0.017164 0.013958
34 0.688374 0.198548 0.039069 0.039399
34 0.657445 0.170276 0.018225 0.015150
34 0.617844 0.249299 0.015234 0.013064
34 0.582220 0.174649 0.006257 0.013363
34 0.642281 0.247429 0.006384 0.013953
34 0.684011 0.104228 0.024553 0.010456
34 0.548094 0.103944 0.024609 0.010972
34 0.649345 0.224756 0.006068 0.013411
34 0.613758 0.206396 0.015788 0.013357
34 0.872296 0.103552 0.022182 0.009413
34 0.842018 0.103081 0.022403 0.007216
34 0.803977 0.104649 0.020850 0.010980
34 0.764162 0.103396 0.021072 0.008472
34 0.460492 0.103472 0.023143 0.008735
34 0.505232 0.227437 0.006789 0.013836
34 0.438154 0.182885 0.006247 0.013180
34 0.463737 0.206706 0.014770 0.013246
34 0.520285 0.170247 0.018068 0.014885
34 0.538348 0.154030 0.017583 0.013975
34 0.473889 0.036345 0.078253 0.020715
34 0.473097 0.232702 0.014684 0.013354
34 0.603953 0.103237 0.023068 0.010670
34 0.627909 0.103552 0.021293 0.009413
34 0.675546 0.153964 0.017478 0.014067
34 0.918903 0.812619 0.017242 0.014506
34 0.176786 0.102924 0.022846 0.010043
34 0.080092 0.209570 0.015731 0.012237
34 0.086225 0.187495 0.006048 0.013189
34 0.154985 0.184614 0.006251 0.013360
34 0.052404 0.226781 0.006332 0.013728
34 0.070535 0.103404 0.021549 0.008535
34 0.121981 0.103366 0.022915 0.010356
34 0.079628 0.156419 0.014837 0.012439
34 0.184680 0.207573 0.014988 0.013596
34 0.214156 0.216644 0.006515 0.013927
34 0.244861 0.155349 0.016265 0.012824
34 0.321685 0.206656 0.017049 0.013693
34 0.865789 0.868834 0.015143 0.013223
34 0.820323 0.888933 0.012464 0.009276
34 0.817129 0.811566 0.017252 0.014719
34 0.762072 0.812106 0.017170 0.014557
34 0.868878 0.812338 0.017244 0.014976
34 0.949348 0.868658 0.014938 0.012756
34 0.957822 0.750490 0.007043 0.006537
34 0.927895 0.883266 0.017284 0.013947
34 0.969727 0.876238 0.028229 0.021277
35 0.972541 0.834531 0.019535 0.017133
35 0.972059 0.894674 0.019790 0.016865
35 0.631567 0.970500 0.016793 0.013802
35 0.396379 0.850636 0.009990 0.025004
35 0.198260 0.901597 0.023129 0.014736
35 0.070221 0.765648 0.010429 0.035908
35 0.077039 0.883165 0.009299 0.023685
35 0.168804 0.859208 0.009132 0.030208
35 0.121550 0.895801 0.009039 0.024050
35 0.063088 0.842421 0.017695 0.011089
35 0.945081 0.701015 0.016942 0.012881
35 0.837918 0.700916 0.016614 0.013089
35 0.736593 0.700983 0.016515 0.013069
35 0.552662 0.568197 0.009289 0.023782
35 0.589708 0.616515 0.017216 0.013064
34 0.861478 0.664496 0.020284 0.014850
34 0.720303 0.690824 0.017943 0.013577
34 0.822315 0.599949 0.022655 0.015286
34 0.873202 0.693722 0.011763 0.008738
34 0.791874 0.647505 0.026408 0.026483
34 0.719603 0.599647 0.021330 0.014756
34 0.922284 0.746697 0.018928 0.014198
34 0.899288 0.647526 0.026360 0.026771
34 0.975506 0.694262 0.019597 0.015130
34 0.943592 0.716580 0.031015 0.017960
34 0.814040 0.624942 0.020449 0.014665
34 0.770154 0.745928 0.018817 0.014260
34 0.825824 0.655970 0.017063 0.014540
34 0.815222 0.746634 0.018904 0.014648
34 0.724709 0.656013 0.018620 0.014694
34 0.714181 0.746603 0.019196 0.014386
34 0.821417 0.691046 0.018382 0.013805
34 0.773416 0.772043 0.022601 0.014534
34 0.754340 0.664534 0.020425 0.014671
34 0.088230 0.820916 0.020840 0.014320
34 0.123968 0.926834 0.037037 0.025608
34 0.169240 0.877506 0.033270 0.010459
34 0.063845 0.828575 0.026485 0.016489
34 0.166058 0.902578 0.040556 0.012428
34 0.070849 0.786649 0.036215 0.008874
34 0.135071 0.874541 0.020387 0.014531
34 0.957752 0.745650 0.006672 0.016087
34 0.930083 0.599513 0.022188 0.015053
34 0.933093 0.655935 0.017496 0.014617
34 0.918731 0.625386 0.020766 0.015241
34 0.912020 0.580929 0.012242 0.009518
34 0.928437 0.690959 0.018501 0.013916
34 0.222521 0.828900 0.020079 0.014449
34 0.221650 0.890284 0.020197 0.014041
34 0.320800 0.854151 0.019263 0.014771
34 0.246130 0.828425 0.020020 0.014611
34 0.222892 0.875117 0.010199 0.009202
34 0.133879 0.808185 0.005163 0.013913
34 0.090487 0.862001 0.020312 0.014882
34 0.155783 0.830370 0.018600 0.014751
34 0.077454 0.908464 0.036604 0.026389
34 0.123811 0.825078 0.020415 0.014363
34 0.165439 0.811064 0.005423 0.013557
34 0.382568 0.864218 0.005677 0.012203
34 0.368684 0.868093 0.019353 0.014745
34 0.372828 0.839823 0.019239 0.014853
34 0.431379 0.875148 0.010167 0.009669
34 0.434066 0.892419 0.018084 0.013867
34 0.456984 0.897461 0.009879 0.009125
34 0.381043 0.864340 0.002621 0.012813
34 0.263006 0.868163 0.019500 0.014315
34 0.351570 0.875868 0.008580 0.007774
34 0.297865 0.856857 0.025218 0.026822
34 0.877151 0.745943 0.018783 0.014298
34 0.764562 0.693679 0.011702 0.008270
34 0.839091 0.716888 0.030866 0.017469
34 0.767301 0.721391 0.011543 0.008629
34 0.735536 0.716941 0.031015 0.018544
34 0.844343 0.740484 0.019380 0.014773
34 0.653082 0.664486 0.019512 0.014665
34 0.633682 0.739744 0.019208 0.014431
34 0.665415 0.693703 0.011559 0.008284
34 0.668747 0.745946 0.018944 0.014332
34 0.593679 0.555825 0.026352 0.026640
34 0.665853 0.721368 0.011811 0.008777
34 0.549058 0.587545 0.006074 0.013836
34 0.720214 0.499882 0.013135 0.003468
34 0.526132 0.657942 0.021914 0.017509
34 0.552821 0.549632 0.029704 0.014437
34 0.690695 0.647340 0.026309 0.026552
34 0.648483 0.543833 0.017127 0.013605
34 0.615776 0.603534 0.019154 0.014557
34 0.648769 0.567495 0.016708 0.012602
34 0.633719 0.611164 0.010697 0.008552
34 0.546891 0.690301 0.017891 0.014839
34 0.540691 0.606043 0.017377 0.015295
33 0.336212 0.206405 0.010514 0.013243
33 0.061985 0.155876 0.015155 0.012881
33 0.077649 0.222230 0.012164 0.012303
34 0.066293 0.172636 0.017252 0.014905
34 0.903127 0.846314 0.017393 0.014241
34 0.928748 0.768682 0.006432 0.016230
34 0.907267 0.874132 0.017524 0.014272
34 0.947700 0.808190 0.015054 0.013160
34 0.972315 0.816187 0.028151 0.021915
34 0.199804 0.104179 0.023290 0.009413
34 0.326219 0.232459 0.016962 0.013143
34 0.191951 0.232707 0.015030 0.013628
34 0.376989 0.150700 0.010711 0.013961
34 0.230116 0.172274 0.017722 0.015480
34 0.365485 0.172377 0.018364 0.015269
34 0.289688 0.182877 0.006487 0.013192
34 0.311937 0.103501 0.022951 0.008210
34 0.336656 0.103695 0.020657 0.008227
34 0.258410 0.104323 0.024571 0.010710
34 0.357111 0.204085 0.005911 0.012958
34 0.349643 0.229082 0.006563 0.013742
34 0.245155 0.272910 0.011136 0.008510
34 0.487443 0.103237 0.022846 0.010670
34 0.589069 0.602153 0.021031 0.016173
34 0.514196 0.203330 0.006313 0.013254
34 0.669270 0.771590 0.020550 0.014905
34 0.546639 0.902947 0.017774 0.014779
34 0.621227 0.935420 0.018554 0.014335
34 0.721078 0.768729 0.006176 0.016056
34 0.554804 0.960829 0.017609 0.014352
34 0.713231 0.811764 0.017264 0.014614
34 0.697172 0.907686 0.017119 0.014654
34 0.570794 0.915876 0.024182 0.027843
34 0.825260 0.768736 0.006080 0.015911
34 0.770163 0.846949 0.017474 0.014731
34 0.840142 0.828406 0.012109 0.009020
34 0.512524 0.890577 0.018288 0.014959
34 0.408116 0.827863 0.018127 0.014249
34 0.427490 0.811572 0.019198 0.015198
34 0.376289 0.767093 0.019222 0.014677
34 0.426623 0.784524 0.019378 0.015586
34 0.546092 0.815698 0.020907 0.015044
34 0.419285 0.850821 0.035757 0.022434
34 0.353954 0.875836 0.003638 0.007324
34 0.570127 0.850410 0.025355 0.027626
34 0.629949 0.805697 0.021799 0.015480
34 0.625805 0.884644 0.021098 0.014953
34 0.668989 0.906117 0.012228 0.008786
34 0.659703 0.967139 0.035763 0.022246
34 0.237177 0.891847 0.006505 0.014061
34 0.191830 0.820762 0.005723 0.012143
34 0.338807 0.905368 0.012337 0.009641
34 0.115966 0.800832 0.025320 0.008367
0 0.352997 0.172793 0.005993 0.015041
20 0.245506 0.747298 0.237409 0.107900
21 0.910525 0.756583 0.006227 0.010858
25 0.684287 0.103663 0.053384 0.074634
34 0.887546 0.882511 0.017236 0.014152
34 0.882614 0.771629 0.022520 0.014634
34 0.358763 0.798538 0.021273 0.028709
34 0.712107 0.624773 0.019944 0.015133
34 0.118834 0.718277 0.009432 0.024112
34 0.778737 0.399934 0.026245 0.026919
34 0.896577 0.253702 0.025125 0.031200
34 0.520937 0.605626 0.016950 0.014654
35 0.688433 0.231557 0.009847 0.029766
35 0.068151 0.603266 0.009778 0.028139
35 0.093039 0.599910 0.009337 0.024078
35 0.391396 0.630909 0.016805 0.012579
35 0.420780 0.703136 0.016608 0.013021
35 0.391490 0.652957 0.017021 0.013802
0 0.932940 0.812884 0.007190 0.017264
0 0.903115 0.858289 0.012145 0.009476
0 0.928755 0.894561 0.011990 0.009219
0 0.887618 0.894394 0.011920 0.009513
0 0.750159 0.812425 0.006579 0.017036
0 0.708237 0.907506 0.004190 0.010767
0 0.856417 0.811946 0.007004 0.017384
0 0.829274 0.812471 0.006956 0.017196
0 0.759265 0.772729 0.006442 0.016726
0 0.725267 0.812414 0.006779 0.016848
0 0.866498 0.771773 0.007194 0.017310
0 0.781195 0.847001 0.004508 0.010274
0 0.609613 0.935114 0.004134 0.009595
0 0.535267 0.903311 0.004192 0.010094
0 0.544138 0.960021 0.003751 0.009236
0 0.644397 0.805939 0.006839 0.016973
0 0.655707 0.771926 0.006978 0.017162
0 0.524002 0.890754 0.004039 0.009573
0 0.386154 0.840336 0.007200 0.017441
0 0.396738 0.827703 0.003959 0.009946
0 0.389816 0.766644 0.006992 0.017153
0 0.368797 0.881046 0.012051 0.010054
0 0.433727 0.903433 0.011841 0.009293
0 0.222220 0.902026 0.012224 0.009370
0 0.263679 0.880697 0.011932 0.009641
0 0.121557 0.875081 0.004182 0.009838
0 0.137336 0.825594 0.007012 0.016888
0 0.168783 0.830804 0.007272 0.017418
0 0.077036 0.862445 0.004120 0.009444
0 0.118212 0.793099 0.008306 0.007224
0 0.910146 0.745546 0.003777 0.009741
0 0.944529 0.600261 0.007087 0.016760
0 0.962151 0.695747 0.006797 0.017033
0 0.929583 0.701225 0.006994 0.005848
0 0.921430 0.656119 0.003956 0.009575
0 0.889181 0.745529 0.004116 0.009746
0 0.766658 0.664030 0.003779 0.008840
0 0.873920 0.664114 0.003783 0.009077
0 0.814270 0.656148 0.004216 0.009698
0 0.721307 0.701268 0.007043 0.005922
0 0.735567 0.600898 0.007105 0.017361
0 0.782118 0.745533 0.003922 0.009783
0 0.837422 0.600359 0.006984 0.017167
0 0.713029 0.656177 0.003902 0.009561
0 0.822432 0.701288 0.006684 0.005660
0 0.803023 0.745500 0.004071 0.009803
0 0.552698 0.605969 0.007021 0.017164
0 0.535850 0.690068 0.004323 0.010413
0 0.615678 0.616483 0.012025 0.009769
0 0.680787 0.745453 0.003930 0.009744
0 0.701727 0.745507 0.003999 0.009909
0 0.665466 0.664088 0.003809 0.009208
0 0.400033 0.703283 0.012125 0.010362
0 0.422036 0.607803 0.012093 0.010066
0 0.500628 0.605929 0.006984 0.017341
0 0.378446 0.703165 0.012012 0.010541
0 0.509230 0.605862 0.006732 0.017344
0 0.310190 0.568960 0.012133 0.009991
0 0.197418 0.548273 0.012472 0.010128
0 0.178060 0.599091 0.003965 0.017281
0 0.259426 0.622585 0.007147 0.017606
0 0.284364 0.538782 0.007149 0.017250
0 0.214154 0.599001 0.007079 0.017398
0 0.138193 0.564719 0.011942 0.010180
0 0.080776 0.570576 0.011930 0.009912
0 0.139016 0.598987 0.006976 0.017278
0 0.093039 0.540487 0.006706 0.017276
0 0.079292 0.524047 0.011992 0.009855
0 0.070308 0.722985 0.006934 0.016982
0 0.068107 0.541005 0.006553 0.016737
0 0.757472 0.455549 0.006608 0.017144
0 0.188653 0.430070 0.004402 0.009949
0 0.250487 0.444829 0.011968 0.010148
0 0.161607 0.490939 0.004700 0.011453
0 0.962023 0.165046 0.007397 0.019233
0 0.921998 0.060685 0.005721 0.013956
0 0.826343 0.185024 0.006360 0.015509
0 0.766978 0.060239 0.005520 0.013822
0 0.780825 0.170402 0.006146 0.015514
0 0.735370 0.060282 0.006001 0.014141
0 0.845830 0.060228 0.005608 0.013793
0 0.599982 0.060222 0.006088 0.013861
0 0.645367 0.170443 0.006241 0.015711
0 0.631945 0.060289 0.005872 0.013887
0 0.508217 0.170402 0.006100 0.015611
0 0.491921 0.054476 0.005703 0.014132
0 0.455647 0.060262 0.005685 0.014027
0 0.339824 0.060255 0.006114 0.013904
0 0.307604 0.060256 0.005909 0.013879
0 0.218405 0.172853 0.005947 0.015058
0 0.204724 0.060302 0.005572 0.013805
0 0.074493 0.060507 0.005844 0.014591
0 0.172529 0.060247 0.005747 0.013944
0 0.054864 0.172771 0.006094 0.015335
1 0.214386 0.644632 0.006970 0.017330
1 0.214399 0.621835 0.006964 0.017817
1 0.177975 0.644476 0.003815 0.017979
1 0.139029 0.644628 0.007083 0.017304
1 0.139000 0.621821 0.007129 0.017686
1 0.176429 0.621834 0.007141 0.017358
3 0.906014 0.890222 0.009083 0.018923
3 0.088182 0.838075 0.012746 0.018869
4 0.907726 0.890026 0.012820 0.018877
5 0.336858 0.623185 0.011332 0.009664
5 0.305523 0.623216 0.011239 0.009288
6 0.796745 0.834288 0.005701 0.006062
6 0.721605 0.894672 0.005522 0.006455
6 0.413670 0.880670 0.006148 0.007883
6 0.281307 0.881109 0.005645 0.006150
6 0.921427 0.646010 0.004136 0.004981
6 0.873797 0.654000 0.003658 0.005229
6 0.814195 0.646027 0.004176 0.004930
6 0.713060 0.646121 0.004118 0.004987
6 0.766969 0.654017 0.003636 0.004842
6 0.665166 0.653993 0.004265 0.005170
6 0.636113 0.588484 0.005163 0.005375
6 0.687687 0.501988 0.005987 0.009413
6 0.188705 0.419516 0.004243 0.005785
6 0.279948 0.405480 0.006019 0.007062
6 0.254417 0.357696 0.005820 0.006683
6 0.146226 0.357623 0.005953 0.006230
6 0.161592 0.405812 0.006211 0.006592
6 0.941052 0.033156 0.004710 0.008427
8 0.618482 0.557612 0.021074 0.017258
11 0.297857 0.881485 0.014795 0.020929
11 0.214554 0.746824 0.010647 0.014121
11 0.176690 0.747541 0.010725 0.012818
11 0.139156 0.747213 0.010355 0.013212
12 0.940496 0.189999 0.021737 0.031066
13 0.738331 0.758357 0.011142 0.021473
13 0.846600 0.758900 0.009416 0.020929
13 0.634123 0.758629 0.010759 0.020929
20 0.197850 0.465091 0.027367 0.053112
21 0.889116 0.756404 0.006193 0.009376
21 0.708011 0.921656 0.006465 0.011684
21 0.802820 0.756331 0.006213 0.009516
21 0.782013 0.756408 0.006328 0.009242
21 0.729397 0.774802 0.006726 0.010328
21 0.838385 0.774865 0.006714 0.010311
21 0.781171 0.861166 0.006041 0.012226
21 0.626627 0.774632 0.006521 0.010935
21 0.701731 0.756386 0.006235 0.009524
21 0.680852 0.756449 0.006221 0.009547
21 0.535956 0.701810 0.005510 0.008988
21 0.193149 0.455861 0.008650 0.016315
22 0.554451 0.872572 0.022669 0.033129
22 0.554193 0.937069 0.022673 0.030986
22 0.336993 0.666025 0.018189 0.021966
22 0.305386 0.666025 0.017967 0.021966
24 0.896473 0.284062 0.015971 0.027298
25 0.551919 0.104028 0.047222 0.074788
25 0.400616 0.103860 0.071978 0.064984
25 0.256558 0.104040 0.051505 0.075278
25 0.121048 0.104520 0.055141 0.076050
32 0.863200 0.265078 0.010647 0.015691
32 0.841019 0.265237 0.011092 0.014121
32 0.767932 0.265237 0.010868 0.014121
32 0.730003 0.265863 0.010868 0.015375
32 0.633898 0.265707 0.012421 0.013807
32 0.598519 0.265237 0.011757 0.015375
32 0.484005 0.265707 0.011978 0.013807
32 0.456056 0.265707 0.013751 0.013807
32 0.203352 0.265078 0.011313 0.012551
32 0.341541 0.265707 0.010870 0.013180
32 0.307049 0.265550 0.009315 0.016002
32 0.173015 0.265080 0.010868 0.014434
32 0.071313 0.265235 0.012865 0.012864
33 0.948065 0.824370 0.008995 0.018207
33 0.949625 0.884796 0.008940 0.018330
33 0.866211 0.884850 0.008924 0.018022
33 0.625846 0.902153 0.009291 0.017922
33 0.550831 0.830657 0.017101 0.011687
33 0.408598 0.785073 0.015342 0.012813
33 0.408700 0.811490 0.015558 0.012807
33 0.221638 0.810443 0.009730 0.022522
33 0.245241 0.815121 0.015723 0.012887
33 0.320943 0.871074 0.009150 0.017908
33 0.936702 0.625188 0.013912 0.012890
33 0.830918 0.625211 0.012299 0.012964
33 0.728463 0.625285 0.012337 0.013078
33 0.633103 0.567764 0.014273 0.012325
33 0.632762 0.544336 0.013521 0.012838
33 0.205882 0.675437 0.015201 0.012072
33 0.325165 0.669846 0.010334 0.012562
33 0.293444 0.670197 0.011207 0.012619
33 0.123022 0.745450 0.008783 0.033750
33 0.130466 0.675446 0.014934 0.011975
33 0.167914 0.675493 0.015071 0.012012
33 0.113916 0.749377 0.008691 0.026694
33 0.946067 0.257521 0.013104 0.012767
33 0.681496 0.347814 0.009019 0.017469
33 0.535888 0.348577 0.009069 0.016247
33 0.424176 0.348833 0.009146 0.015614
33 0.499745 0.348777 0.009051 0.015680
33 0.381573 0.348691 0.009118 0.015916
33 0.216192 0.477257 0.011332 0.012878
33 0.241020 0.348534 0.009079 0.015899
33 0.276454 0.348887 0.009057 0.015529
33 0.895357 0.182468 0.010870 0.016005
33 0.946343 0.140171 0.013137 0.012630
33 0.835323 0.220422 0.011867 0.012551
33 0.761383 0.192558 0.011670 0.012838
33 0.736415 0.243777 0.011690 0.013163
33 0.813863 0.167079 0.011456 0.012300
33 0.792954 0.135241 0.011094 0.012596
33 0.627383 0.206321 0.010230 0.013035
33 0.660359 0.153579 0.012490 0.012699
33 0.604544 0.249283 0.009768 0.012474
33 0.477334 0.206384 0.010800 0.013331
33 0.460733 0.233088 0.009585 0.012981
33 0.366111 0.150306 0.010425 0.013807
33 0.523818 0.153914 0.010425 0.013494
33 0.312258 0.232717 0.010359 0.012867
33 0.231209 0.154902 0.010902 0.012368
33 0.198028 0.206811 0.010085 0.012967
33 0.180006 0.232988 0.007877 0.014748
34 0.375076 0.626284 0.010083 0.009211
34 0.400825 0.689393 0.019692 0.016597
34 0.421593 0.593901 0.019734 0.016466
34 0.420147 0.506010 0.012071 0.009934
34 0.517289 0.731724 0.011666 0.008709
34 0.377191 0.647838 0.009748 0.009669
34 0.424478 0.632968 0.043787 0.018327
34 0.377645 0.689124 0.019275 0.015956
34 0.389455 0.698293 0.009055 0.008179
34 0.517209 0.746559 0.011916 0.008997
34 0.438317 0.703960 0.017290 0.015540
34 0.319976 0.710003 0.045052 0.024970
34 0.310312 0.556556 0.018594 0.014400
34 0.198027 0.620221 0.020808 0.015170
34 0.197994 0.643102 0.020955 0.015175
34 0.325192 0.683036 0.016759 0.012063
34 0.197875 0.534892 0.019359 0.014674
34 0.197956 0.597743 0.021207 0.015338
34 0.293859 0.683748 0.016581 0.012260
34 0.322555 0.645291 0.023890 0.026119
34 0.189393 0.674934 0.017593 0.012867
34 0.487881 0.606117 0.017812 0.014839
34 0.424226 0.654258 0.045915 0.019139
34 0.388360 0.562182 0.010040 0.010114
34 0.079203 0.540598 0.016271 0.014876
34 0.151726 0.674745 0.017599 0.013200
34 0.122688 0.620366 0.020071 0.015067
34 0.160287 0.597751 0.020872 0.015264
34 0.122825 0.597863 0.019788 0.015247
34 0.229474 0.710539 0.024561 0.025295
34 0.291156 0.645251 0.024637 0.026694
34 0.201568 0.559427 0.009833 0.009558
34 0.268410 0.538474 0.021650 0.015683
34 0.210471 0.661951 0.006189 0.016036
34 0.192806 0.710348 0.024561 0.025038
34 0.349352 0.601915 0.009974 0.009655
34 0.243884 0.621864 0.019130 0.015645
34 0.098607 0.721348 0.006432 0.017093
34 0.054756 0.553691 0.006837 0.013850
34 0.092284 0.632922 0.012023 0.038755
34 0.114168 0.674886 0.016326 0.012924
34 0.134782 0.662749 0.005975 0.016042
34 0.066836 0.738887 0.006557 0.014423
34 0.080572 0.559057 0.018207 0.013879
34 0.160188 0.643182 0.020663 0.015198
34 0.138378 0.551550 0.019198 0.014414
34 0.079232 0.511858 0.019198 0.014363
34 0.930699 0.272894 0.010512 0.008364
34 0.961706 0.258592 0.017260 0.014129
34 0.904443 0.360942 0.009087 0.008940
34 0.893241 0.433126 0.006072 0.013599
34 0.108467 0.726594 0.009271 0.024241
34 0.172573 0.662605 0.006128 0.015970
34 0.159025 0.573257 0.010721 0.008071
