34 0.739795 0.621671 0.020399 0.008894
34 0.709456 0.565151 0.010318 0.014696
34 0.164856 0.802011 0.015840 0.013705
34 0.148356 0.810214 0.009960 0.008150
34 0.147756 0.755088 0.009782 0.008267
34 0.165338 0.750181 0.012454 0.005919
34 0.126942 0.803738 0.016144 0.014486
34 0.127332 0.751639 0.015949 0.008834
34 0.127233 0.777840 0.016513 0.013850
34 0.164686 0.775731 0.016535 0.013577
34 0.929746 0.557186 0.015778 0.014936
34 0.962368 0.706486 0.021009 0.023973
34 0.929564 0.590526 0.015856 0.015147
34 0.907161 0.547675 0.016678 0.014956
34 0.897057 0.564902 0.015637 0.014973
34 0.543084 0.820928 0.009492 0.008022
34 0.523982 0.762183 0.009627 0.008099
34 0.385656 0.778842 0.017254 0.022647
34 0.501430 0.783232 0.015898 0.014625
34 0.512717 0.816252 0.021328 0.009513
34 0.332216 0.804852 0.014992 0.014947
34 0.342574 0.841288 0.047000 0.010903
34 0.354537 0.759709 0.015524 0.014859
34 0.104380 0.809664 0.010177 0.008105
34 0.148332 0.784057 0.009823 0.008136
34 0.104386 0.783703 0.010165 0.008324
34 0.103695 0.754822 0.010052 0.008675
34 0.287436 0.206589 0.012937 0.009672
34 0.271939 0.253507 0.016996 0.015415
34 0.219531 0.127070 0.015504 0.014477
34 0.309405 0.228890 0.006364 0.015500
34 0.241497 0.284829 0.017168 0.013984
34 0.238384 0.186915 0.016926 0.015665
34 0.300844 0.250499 0.006499 0.015520
34 0.200942 0.108021 0.009559 0.008638
34 0.223596 0.211157 0.005947 0.014682
34 0.241317 0.256248 0.016857 0.015979
34 0.255971 0.186972 0.017188 0.015671
34 0.255583 0.234027 0.006138 0.017321
34 0.231480 0.114185 0.006130 0.017221
34 0.274036 0.148041 0.005707 0.013465
34 0.080101 0.119548 0.017691 0.022283
34 0.080024 0.168246 0.017937 0.023172
34 0.841519 0.813930 0.010145 0.008128
34 0.872427 0.814327 0.009899 0.008022
34 0.817771 0.754544 0.009917 0.008056
34 0.725888 0.792702 0.020536 0.009045
34 0.793463 0.778658 0.016233 0.015520
34 0.817196 0.778756 0.016394 0.014810
34 0.896173 0.762116 0.009555 0.007931
34 0.919713 0.779436 0.015719 0.015389
34 0.895570 0.779926 0.016454 0.015674
34 0.118597 0.071399 0.009498 0.008253
33 0.254630 0.203708 0.008153 0.017122
33 0.239933 0.203651 0.008193 0.016848
33 0.132951 0.409674 0.008304 0.017330
33 0.154211 0.409627 0.008282 0.017184
33 0.102272 0.620791 0.006753 0.012730
33 0.121162 0.620965 0.006632 0.012439
33 0.158340 0.621164 0.006503 0.013004
33 0.178292 0.621164 0.004448 0.012901
33 0.462504 0.665882 0.012550 0.011707
33 0.507376 0.665741 0.013310 0.011784
33 0.355004 0.773716 0.005737 0.012773
21 0.122435 0.102270 0.005755 0.008917
21 0.214052 0.202489 0.006199 0.009584
21 0.209392 0.140241 0.005959 0.008928
21 0.404404 0.134018 0.009065 0.013428
21 0.542175 0.145483 0.008511 0.013303
21 0.702749 0.145493 0.008729 0.013340
21 0.225851 0.390019 0.009116 0.014263
21 0.284248 0.270879 0.009051 0.013693
21 0.463024 0.408757 0.008489 0.013012
21 0.450684 0.304588 0.007395 0.010379
21 0.404373 0.408826 0.008646 0.013314
21 0.520926 0.408716 0.008370 0.012924
21 0.599004 0.346339 0.008411 0.012286
21 0.585855 0.404337 0.008471 0.012294
21 0.762859 0.404245 0.008042 0.012662
21 0.753054 0.346537 0.008409 0.012579
21 0.797956 0.463450 0.008830 0.013175
21 0.867663 0.463435 0.008872 0.013317
21 0.940646 0.463450 0.008668 0.013351
21 0.420407 0.607522 0.008259 0.013842
21 0.618042 0.610734 0.009226 0.013608
21 0.676367 0.610903 0.009063 0.013930
21 0.866787 0.610691 0.009093 0.013311
21 0.740033 0.610714 0.008519 0.013511
21 0.800782 0.610715 0.008920 0.013537
21 0.940021 0.610645 0.008963 0.013380
21 0.512764 0.804973 0.008670 0.013445
21 0.725933 0.781871 0.008872 0.013539
21 0.906891 0.803007 0.008539 0.013246
17 0.606948 0.717486 0.017522 0.024474
17 0.801980 0.730507 0.015971 0.024161
17 0.960901 0.731292 0.018189 0.025104
15 0.407078 0.237103 0.011815 0.016292
15 0.325127 0.683598 0.011757 0.015688
15 0.514059 0.587264 0.008207 0.011924
15 0.469142 0.587264 0.008429 0.011924
13 0.143717 0.531217 0.007168 0.014226
13 0.173449 0.531328 0.007788 0.015720
13 0.306317 0.531201 0.007768 0.015831
13 0.271130 0.531690 0.007639 0.014551
13 0.206923 0.531518 0.007448 0.015033
13 0.340603 0.531423 0.007665 0.015130
13 0.240929 0.531453 0.007804 0.015133
13 0.409700 0.531348 0.007865 0.015309
13 0.375372 0.531435 0.007617 0.015341
11 0.081074 0.189842 0.014194 0.021337
11 0.080741 0.140420 0.015306 0.020396
11 0.081185 0.094766 0.015306 0.020083
11 0.383079 0.236439 0.015083 0.020396
11 0.422944 0.320335 0.014998 0.021314
11 0.481557 0.320105 0.014891 0.021129
11 0.633490 0.476334 0.015481 0.021718
11 0.695399 0.477454 0.015568 0.022186
11 0.539615 0.320356 0.015157 0.021385
11 0.853491 0.258101 0.015205 0.017905
11 0.816755 0.477504 0.015346 0.021812
11 0.754062 0.258062 0.015248 0.017754
11 0.757075 0.477447 0.015330 0.022040
11 0.887173 0.477278 0.013668 0.020889
11 0.959460 0.477653 0.015004 0.021770
11 0.139077 0.627586 0.012643 0.016632
11 0.469643 0.705248 0.014730 0.020824
11 0.514025 0.705208 0.014593 0.020299
11 0.368346 0.780373 0.014218 0.021744
11 0.907309 0.814213 0.020943 0.010598
6 0.318336 0.211964 0.003940 0.005335
6 0.321922 0.212633 0.004283 0.004298
6 0.393727 0.236596 0.004436 0.007532
6 0.383191 0.251032 0.003771 0.005021
6 0.434318 0.069506 0.005324 0.005332
6 0.695838 0.396597 0.004331 0.005369
6 0.652749 0.396362 0.004277 0.004882
6 0.817008 0.457630 0.003541 0.006130
6 0.886622 0.457779 0.003791 0.005936
6 0.959668 0.457807 0.003513 0.005896
6 0.206543 0.581613 0.005093 0.005403
6 0.514252 0.675138 0.003040 0.005095
6 0.469488 0.675019 0.003042 0.004970
6 0.690775 0.721435 0.004575 0.005315
5 0.450621 0.249933 0.009982 0.009099
5 0.165251 0.702930 0.006775 0.013645
5 0.165278 0.675997 0.006914 0.013631
5 0.165244 0.731753 0.007103 0.014420
5 0.522834 0.630750 0.006688 0.013024
5 0.480948 0.642985 0.006569 0.014047
5 0.165301 0.788480 0.007290 0.014121
5 0.165187 0.814809 0.006857 0.014064
5 0.165237 0.759820 0.006948 0.013787
5 0.343524 0.788518 0.009853 0.009376
4 0.553214 0.086195 0.010780 0.016569
4 0.719345 0.085704 0.011076 0.017330
3 0.442026 0.232525 0.010365 0.016033
3 0.534768 0.197620 0.011990 0.015167
3 0.534809 0.238685 0.011938 0.015101
3 0.633154 0.238490 0.012089 0.014659
3 0.633097 0.197478 0.012286 0.014848
3 0.830097 0.238673 0.011849 0.014976
3 0.830067 0.197622 0.011956 0.015141
3 0.730736 0.238622 0.012170 0.014828
3 0.730720 0.197620 0.012101 0.015036
3 0.930387 0.238588 0.012051 0.014987
3 0.930362 0.197531 0.012190 0.015192
3 0.256148 0.286855 0.013078 0.016007
3 0.269234 0.392870 0.011712 0.018490
3 0.256139 0.257154 0.013225 0.016161
3 0.630042 0.345878 0.011926 0.014725
3 0.630141 0.382287 0.011551 0.014662
3 0.713227 0.382276 0.012293 0.014714
3 0.713323 0.346015 0.012145 0.014913
3 0.322293 0.704178 0.012055 0.014950
3 0.511440 0.553463 0.011724 0.014146
3 0.492553 0.534382 0.010349 0.016287
3 0.528409 0.534346 0.010786 0.016438
3 0.466776 0.553437 0.011444 0.013993
3 0.630438 0.565499 0.012359 0.015626
3 0.692350 0.565497 0.012822 0.015606
3 0.754093 0.565482 0.012724 0.015814
3 0.883351 0.565457 0.012714 0.015218
3 0.813980 0.565467 0.012238 0.015375
3 0.956381 0.565614 0.012846 0.015457
3 0.934226 0.779622 0.012607 0.015671
1 0.425116 0.236576 0.010353 0.007937
1 0.880860 0.086640 0.011346 0.009969
1 0.156878 0.497123 0.005915 0.014976
1 0.127244 0.497219 0.006039 0.014699
1 0.222968 0.497194 0.006001 0.014639
1 0.189429 0.497182 0.006211 0.014990
1 0.254723 0.497209 0.006178 0.014805
1 0.322344 0.497137 0.006195 0.014810
1 0.356540 0.497149 0.006666 0.015050
1 0.391305 0.497045 0.006289 0.014910
1 0.817146 0.409791 0.005953 0.015512
1 0.776616 0.439186 0.006378 0.015466
1 0.886477 0.409963 0.005399 0.015549
1 0.213420 0.608367 0.005655 0.014682
1 0.324929 0.733608 0.005874 0.014745
1 0.469499 0.571349 0.005598 0.014121
1 0.514139 0.571345 0.005796 0.014323
1 0.537532 0.646763 0.006039 0.014665
1 0.579460 0.768215 0.006873 0.016463
1 0.343645 0.805255 0.005985 0.014488
0 0.137040 0.231520 0.006295 0.015483
0 0.098956 0.141204 0.010024 0.008803
0 0.099123 0.095016 0.010409 0.008783
0 0.098923 0.190201 0.010139 0.008529
0 0.122370 0.086634 0.004502 0.010909
0 0.113109 0.121352 0.005695 0.014320
0 0.209463 0.126877 0.004156 0.010693
0 0.214078 0.188819 0.004108 0.010821
0 0.404687 0.112539 0.005981 0.015024
0 0.466089 0.203417 0.005498 0.013702
0 0.509355 0.198146 0.005766 0.013813
0 0.525969 0.089862 0.010222 0.008359
0 0.487876 0.198203 0.005816 0.013927
0 0.360574 0.096784 0.011527 0.009772
0 0.510094 0.113381 0.011344 0.010074
0 0.685201 0.089583 0.010661 0.008814
0 0.564356 0.207170 0.005735 0.013964
0 0.586128 0.198108 0.005661 0.014192
0 0.683957 0.198113 0.005747 0.014078
0 0.607769 0.198166 0.005792 0.014092
0 0.668067 0.113482 0.011368 0.010322
0 0.542077 0.126586 0.006048 0.014905
0 0.702715 0.126616 0.005868 0.014976
0 0.661931 0.207086 0.005711 0.013978
0 0.706200 0.198091 0.003830 0.014095
0 0.862922 0.147551 0.010618 0.008176
0 0.804864 0.198158 0.005763 0.014115
0 0.866507 0.121412 0.010532 0.008518
0 0.861589 0.207116 0.005721 0.014061
0 0.783152 0.198111 0.005759 0.014198
0 0.761461 0.207133 0.005629 0.014061
0 0.904888 0.198139 0.005759 0.014055
0 0.883529 0.198203 0.005528 0.014178
0 0.905171 0.121451 0.010576 0.008287
0 0.150286 0.342251 0.009855 0.007831
0 0.175087 0.342220 0.009964 0.007649
0 0.215497 0.390241 0.004378 0.011037
0 0.178092 0.342096 0.004049 0.008199
0 0.304651 0.304909 0.005878 0.015215
0 0.243133 0.446899 0.007015 0.016728
0 0.234370 0.360265 0.011408 0.010322
0 0.287154 0.497144 0.005999 0.014813
0 0.521083 0.388217 0.006275 0.014976
0 0.382778 0.282325 0.005645 0.013998
0 0.463102 0.388346 0.005882 0.015038
0 0.404573 0.388170 0.006116 0.015207
0 0.389467 0.355966 0.006831 0.015591
0 0.470811 0.281317 0.011062 0.009849
0 0.494698 0.492724 0.011245 0.009541
0 0.505977 0.355955 0.006720 0.015597
0 0.447940 0.355976 0.006573 0.015777
0 0.382826 0.262203 0.005576 0.013668
0 0.450697 0.266885 0.004331 0.010995
0 0.450713 0.291733 0.004259 0.011103
0 0.609379 0.329072 0.009986 0.008233
0 0.608628 0.395174 0.006301 0.015751
0 0.659250 0.418681 0.005792 0.014226
0 0.586028 0.382479 0.005723 0.014466
0 0.689432 0.418682 0.005774 0.014081
0 0.846088 0.438889 0.006035 0.015566
0 0.798080 0.438860 0.005987 0.015304
0 0.867653 0.438930 0.005878 0.015329
0 0.762777 0.382504 0.006050 0.014736
0 0.840419 0.409953 0.006019 0.015591
0 0.739432 0.329065 0.010463 0.008663
0 0.739366 0.394943 0.006183 0.015762
0 0.918043 0.438880 0.006606 0.015714
0 0.907884 0.409916 0.006041 0.015375
0 0.980485 0.409949 0.006265 0.015406
0 0.940819 0.438840 0.005872 0.015406
0 0.127267 0.702868 0.010095 0.008074
0 0.127312 0.561252 0.005824 0.014628
0 0.157024 0.561201 0.006106 0.014987
0 0.127541 0.676214 0.010175 0.008176
0 0.127419 0.731946 0.009899 0.008082
0 0.198054 0.659642 0.005959 0.014617
0 0.222957 0.561879 0.005894 0.014229
0 0.287190 0.561926 0.005770 0.014107
0 0.322264 0.561965 0.005790 0.014195
0 0.254820 0.561277 0.005663 0.014563
0 0.189601 0.561869 0.005761 0.014397
0 0.379586 0.721441 0.010256 0.007880
0 0.457129 0.627804 0.010774 0.008911
0 0.457092 0.604795 0.010824 0.009179
0 0.382230 0.668028 0.010286 0.008430
0 0.379481 0.748532 0.010425 0.008464
0 0.391347 0.561964 0.005977 0.014169
0 0.356552 0.561855 0.006066 0.014392
0 0.594722 0.548853 0.006595 0.015842
0 0.654548 0.548178 0.006489 0.015175
0 0.676617 0.559108 0.005828 0.014694
0 0.676584 0.590708 0.005900 0.014469
0 0.618130 0.559175 0.005643 0.014451
0 0.618183 0.590772 0.005592 0.014414
0 0.800722 0.559122 0.005481 0.014431
0 0.867052 0.590618 0.005848 0.014392
0 0.867074 0.559141 0.005840 0.014759
0 0.800760 0.590782 0.005558 0.014440
0 0.778799 0.548585 0.006507 0.015158
0 0.717362 0.548800 0.006408 0.015549
0 0.845049 0.548783 0.006835 0.015771
0 0.740080 0.590705 0.005792 0.014440
0 0.740000 0.559148 0.006035 0.014677
0 0.918459 0.548752 0.006398 0.015531
0 0.940201 0.590684 0.005882 0.014517
0 0.940215 0.557781 0.005820 0.014520
0 0.127435 0.788685 0.009893 0.008353
0 0.127447 0.759885 0.010062 0.007999
0 0.127539 0.815013 0.009986 0.008019
0 0.512574 0.783236 0.005651 0.014104
0 0.579501 0.768175 0.006799 0.016099
0 0.534102 0.783416 0.005898 0.014320
0 0.603143 0.767687 0.005637 0.014543
0 0.805593 0.779125 0.005828 0.014175
0 0.829481 0.779030 0.006763 0.016287
0 0.906908 0.779709 0.005919 0.014620
0 0.884291 0.791354 0.006624 0.016649
34 0.531644 0.706019 0.017881 0.024303
34 0.330870 0.788604 0.016535 0.014312
34 0.796014 0.748206 0.005175 0.013197
34 0.903664 0.747806 0.005975 0.015417
34 0.933760 0.750903 0.005917 0.013861
29 0.178921 0.290839 0.099611 0.038173
14 0.883741 0.121751 0.014138 0.020396
11 0.557976 0.255920 0.014986 0.022243
11 0.656509 0.255966 0.015355 0.021821
11 0.953760 0.255245 0.015212 0.023400
3 0.177435 0.413618 0.011275 0.017786
1 0.367774 0.291790 0.006350 0.015378
0 0.284263 0.253186 0.005987 0.015121
0 0.354915 0.721495 0.011080 0.010194
0 0.753318 0.751767 0.006148 0.016443
0 0.725898 0.751620 0.006104 0.015295
34 0.334997 0.775416 0.010707 0.008034
6 0.235227 0.418178 0.005195 0.006267
1 0.959644 0.410074 0.005957 0.015993
34 0.939936 0.621452 0.021237 0.009077
34 0.179961 0.207164 0.011976 0.008293
34 0.881329 0.075412 0.016041 0.013748
34 0.179950 0.295017 0.030326 0.017244
34 0.176942 0.497243 0.017019 0.015341
34 0.177351 0.396583 0.017232 0.015663
34 0.357001 0.292028 0.015534 0.014531
34 0.544891 0.251693 0.011313 0.008259
34 0.555424 0.317709 0.017315 0.022388
34 0.674252 0.250523 0.016195 0.024956
34 0.574223 0.251329 0.015377 0.022636
34 0.537615 0.400923 0.024585 0.013810
34 0.871133 0.251056 0.016485 0.023400
34 0.971270 0.252018 0.015824 0.021334
34 0.177665 0.561555 0.016652 0.015671
34 0.354312 0.709688 0.016561 0.014486
34 0.355323 0.663545 0.010042 0.008390
34 0.419577 0.576915 0.010250 0.009003
34 0.180100 0.232803 0.012012 0.008775
35 0.465887 0.184957 0.007149 0.021319
35 0.662028 0.184805 0.006936 0.021168
35 0.564508 0.184711 0.006724 0.020952
35 0.861714 0.184852 0.006886 0.021490
35 0.761490 0.184922 0.006936 0.021550
35 0.127344 0.473558 0.007319 0.022505
35 0.157155 0.473635 0.007573 0.022476
35 0.120572 0.342119 0.015379 0.010108
35 0.111197 0.418230 0.015391 0.009758
35 0.189591 0.473562 0.006966 0.022645
35 0.287974 0.397358 0.015207 0.010636
35 0.222857 0.474372 0.007151 0.022154
35 0.291825 0.418160 0.015520 0.010462
35 0.422876 0.382694 0.007053 0.022476
35 0.481491 0.382394 0.006906 0.022194
35 0.486943 0.280865 0.015566 0.009669
35 0.382865 0.303926 0.007458 0.022613
35 0.539536 0.382628 0.007093 0.022536
35 0.324997 0.653961 0.007073 0.022548
35 0.423956 0.648559 0.007417 0.022898
35 0.491656 0.679840 0.007143 0.021647
35 0.469576 0.521309 0.007492 0.022351
35 0.542271 0.507043 0.007222 0.017791
35 0.537463 0.667692 0.007045 0.022331
35 0.343680 0.826325 0.006882 0.022380
35 0.602971 0.794745 0.007671 0.022838
35 0.805493 0.805834 0.007822 0.023038
34 0.765425 0.813950 0.009915 0.008270
34 0.806657 0.825131 0.032766 0.015175
34 0.871737 0.791639 0.017204 0.015868
34 0.566724 0.802891 0.009641 0.007794
34 0.603638 0.813715 0.032317 0.015227
34 0.099025 0.178886 0.015568 0.014124
34 0.099637 0.128944 0.015931 0.014184
34 0.123393 0.121406 0.015518 0.014850
34 0.080157 0.073223 0.018268 0.022952
34 0.099142 0.082974 0.016060 0.014429
34 0.153940 0.194981 0.012728 0.008948
34 0.151501 0.052561 0.017663 0.024830
34 0.132286 0.087268 0.014903 0.014189
34 0.133402 0.213666 0.005645 0.014041
34 0.124872 0.231123 0.016344 0.014853
34 0.296094 0.148612 0.005870 0.014477
34 0.267321 0.148088 0.005814 0.013115
34 0.194531 0.065882 0.010060 0.007894
34 0.253736 0.050873 0.018104 0.021713
34 0.260550 0.148189 0.005717 0.013306
34 0.271461 0.227066 0.010846 0.009510
34 0.281213 0.147816 0.005943 0.014235
34 0.238148 0.148481 0.005993 0.014027
34 0.210724 0.170309 0.006275 0.014725
34 0.203829 0.188790 0.016146 0.014936
34 0.455573 0.203341 0.014817 0.014155
34 0.441877 0.217521 0.016078 0.014209
34 0.477432 0.197828 0.014887 0.014152
34 0.459414 0.231812 0.011934 0.008008
34 0.420434 0.080084 0.005896 0.016743
34 0.521056 0.236244 0.014702 0.013816
34 0.245489 0.148420 0.005751 0.013950
34 0.253182 0.148468 0.005900 0.013995
34 0.330799 0.206770 0.011041 0.009464
34 0.288454 0.148475 0.005892 0.014278
34 0.342785 0.091711 0.009515 0.008056
34 0.499167 0.198082 0.014454 0.013457
34 0.384281 0.091656 0.009843 0.007957
34 0.406694 0.221671 0.016076 0.014548
34 0.520472 0.198360 0.014623 0.013733
34 0.526512 0.078400 0.015993 0.014081
34 0.424660 0.225898 0.016136 0.014280
34 0.393663 0.112162 0.016424 0.014383
34 0.486360 0.067739 0.018477 0.021981
34 0.401462 0.083267 0.005949 0.013534
34 0.445143 0.064863 0.012039 0.008421
34 0.596935 0.198205 0.015018 0.013354
34 0.552760 0.126388 0.015717 0.013967
34 0.360807 0.085517 0.015715 0.013451
34 0.493241 0.108182 0.009597 0.008282
34 0.388659 0.064946 0.013270 0.008495
34 0.382726 0.216838 0.017236 0.020379
34 0.510430 0.102140 0.015598 0.013491
34 0.466467 0.171186 0.014875 0.007313
34 0.699306 0.101703 0.005941 0.014007
34 0.538706 0.102170 0.005900 0.013232
34 0.673084 0.197968 0.014847 0.013525
34 0.553118 0.070778 0.015979 0.014181
34 0.595952 0.067421 0.018407 0.022616
34 0.575150 0.197799 0.015481 0.013899
34 0.619719 0.236309 0.014938 0.013879
34 0.650661 0.206260 0.014504 0.013642
34 0.570172 0.085416 0.011706 0.007868
34 0.685345 0.077732 0.015675 0.014084
34 0.619105 0.198311 0.014845 0.013836
34 0.850297 0.206285 0.015042 0.013819
34 0.872712 0.197979 0.014887 0.013611
34 0.854473 0.081686 0.009559 0.008227
34 0.741386 0.251406 0.009142 0.007771
34 0.824202 0.061676 0.011942 0.008247
34 0.643862 0.108434 0.009996 0.008461
34 0.557289 0.159268 0.009196 0.007957
34 0.667956 0.102429 0.015763 0.013950
34 0.643495 0.251163 0.009359 0.007911
34 0.553323 0.206227 0.015095 0.013611
34 0.661925 0.171237 0.014917 0.007381
34 0.564356 0.171325 0.014841 0.007045
34 0.694606 0.198068 0.014656 0.013508
34 0.641834 0.068522 0.017625 0.022898
34 0.763797 0.066191 0.017566 0.023468
34 0.716786 0.198155 0.014849 0.014172
34 0.866927 0.110195 0.014942 0.013870
34 0.840212 0.251188 0.009077 0.007786
34 0.751322 0.206728 0.014637 0.014107
34 0.713286 0.126017 0.015367 0.014258
34 0.726581 0.032535 0.009662 0.007942
34 0.718541 0.069501 0.015500 0.014289
34 0.736429 0.085551 0.011606 0.008122
34 0.863558 0.136841 0.014722 0.013414
34 0.816410 0.198250 0.015145 0.013987
34 0.894297 0.198032 0.014799 0.013511
34 0.916976 0.236228 0.014799 0.013802
34 0.916304 0.198207 0.014639 0.014072
34 0.940676 0.251233 0.009551 0.008085
34 0.905448 0.110432 0.014881 0.014127
34 0.905701 0.081542 0.009831 0.008435
34 0.816867 0.236287 0.015141 0.013622
34 0.861380 0.171258 0.014936 0.007236
34 0.761289 0.171230 0.014629 0.007196
34 0.717330 0.236240 0.014986 0.013853
34 0.843700 0.116178 0.009732 0.008219
34 0.772438 0.198066 0.014670 0.013425
34 0.885464 0.103453 0.014913 0.013978
34 0.794129 0.198065 0.014917 0.013463
34 0.144808 0.497649 0.016170 0.014745
34 0.131853 0.392818 0.017844 0.015965
34 0.153581 0.393176 0.017774 0.016304
34 0.115307 0.497405 0.016195 0.015272
34 0.110627 0.405351 0.021656 0.016423
34 0.262132 0.355453 0.010405 0.008564
34 0.273185 0.463682 0.009871 0.008173
34 0.284327 0.281713 0.020653 0.008715
34 0.211905 0.405868 0.006561 0.015663
34 0.105409 0.342313 0.013614 0.010217
34 0.134741 0.337060 0.011501 0.008906
34 0.127439 0.458383 0.015276 0.008085
34 0.167046 0.316482 0.011638 0.008410
34 0.157070 0.458370 0.015163 0.008008
34 0.175590 0.331394 0.016430 0.014209
34 0.149933 0.331059 0.016275 0.014725
34 0.230754 0.445993 0.016191 0.015007
34 0.292255 0.304872 0.017520 0.015700
34 0.211179 0.496973 0.016299 0.015001
34 0.306238 0.397934 0.019809 0.016107
34 0.239568 0.429330 0.006183 0.015355
34 0.310043 0.497287 0.016251 0.015161
34 0.297386 0.452097 0.010022 0.008219
34 0.242700 0.496582 0.016303 0.014913
34 0.306979 0.417942 0.014861 0.016575
34 0.179935 0.331448 0.007705 0.014357
34 0.274972 0.497038 0.016269 0.014930
34 0.222957 0.459320 0.015121 0.007692
34 0.204448 0.389791 0.017716 0.016116
34 0.234465 0.348433 0.016320 0.014528
34 0.189555 0.458286 0.015488 0.008017
34 0.344068 0.497311 0.016211 0.015249
34 0.444124 0.452367 0.010234 0.007766
34 0.511049 0.487945 0.009220 0.007797
34 0.404211 0.419534 0.020393 0.008649
34 0.482330 0.400403 0.026541 0.014149
34 0.255794 0.391939 0.013054 0.009008
34 0.192608 0.412985 0.013290 0.009168
34 0.300749 0.328319 0.006741 0.015366
34 0.268845 0.374849 0.018535 0.016116
34 0.268442 0.413129 0.013435 0.009097
34 0.396634 0.367816 0.009045 0.007481
34 0.476242 0.488014 0.009071 0.007797
34 0.458095 0.276355 0.008950 0.007541
34 0.374369 0.267314 0.009061 0.007635
34 0.472355 0.350590 0.009525 0.007774
34 0.461907 0.333673 0.010034 0.008435
34 0.495079 0.481545 0.016237 0.013765
34 0.494716 0.355794 0.015427 0.014061
34 0.470762 0.269956 0.015647 0.014241
34 0.438558 0.318586 0.016144 0.021824
34 0.487816 0.272620 0.015064 0.007669
34 0.423731 0.400675 0.025947 0.014095
34 0.393396 0.281879 0.015693 0.015192
34 0.451976 0.388548 0.015097 0.014024
34 0.383440 0.324346 0.026610 0.021459
34 0.393455 0.388500 0.015093 0.014052
34 0.378891 0.497250 0.016606 0.015264
34 0.455595 0.367964 0.009204 0.007566
34 0.436603 0.355989 0.015526 0.013910
34 0.413721 0.350576 0.009351 0.007940
34 0.520159 0.419618 0.020407 0.009729
34 0.463043 0.419933 0.021960 0.009099
34 0.514267 0.367873 0.009371 0.007435
34 0.438710 0.290948 0.018745 0.014936
34 0.617264 0.382093 0.014255 0.013796
34 0.678520 0.418643 0.015115 0.013371
34 0.609476 0.318001 0.015016 0.013477
34 0.623400 0.324470 0.009150 0.007885
34 0.438989 0.266868 0.018807 0.014420
34 0.378249 0.356392 0.015363 0.013953
34 0.393745 0.261355 0.015270 0.014372
34 0.497146 0.317847 0.016275 0.022129
34 0.436232 0.253420 0.017339 0.008692
34 0.510128 0.388879 0.015095 0.014087
34 0.676709 0.473756 0.018809 0.024782
34 0.585869 0.414437 0.019253 0.007843
34 0.599088 0.356047 0.019059 0.008190
34 0.656115 0.405037 0.005514 0.011841
34 0.531980 0.350745 0.007510 0.007834
34 0.686264 0.403649 0.005622 0.012223
34 0.542436 0.488096 0.015355 0.008698
34 0.614655 0.474382 0.018773 0.024927
34 0.618592 0.359990 0.009271 0.007874
34 0.671754 0.438233 0.009144 0.007905
34 0.605492 0.420326 0.005032 0.013249
34 0.699521 0.346754 0.014956 0.013445
34 0.574280 0.381785 0.014643 0.013511
34 0.616096 0.345911 0.014504 0.013577
34 0.597509 0.394216 0.014728 0.013494
34 0.648108 0.418624 0.014774 0.013229
34 0.605390 0.375549 0.005199 0.012682
34 0.698808 0.381959 0.015377 0.013916
34 0.677608 0.315264 0.011388 0.007603
34 0.641895 0.303809 0.011424 0.007675
34 0.856255 0.408520 0.009629 0.007999
34 0.808145 0.389105 0.009561 0.008259
34 0.787381 0.408762 0.009400 0.007806
34 0.829604 0.381103 0.009672 0.008726
34 0.762798 0.414374 0.018916 0.007883
34 0.798346 0.474065 0.019795 0.008626
34 0.829806 0.409689 0.015530 0.014927
34 0.813776 0.440872 0.005667 0.016979
34 0.753182 0.356234 0.019962 0.010353
34 0.727757 0.324429 0.009112 0.008242
34 0.773183 0.492753 0.005669 0.013833
34 0.764699 0.439081 0.017129 0.015455
34 0.751801 0.383160 0.015173 0.013360
34 0.771624 0.255836 0.016241 0.013525
34 0.876169 0.409782 0.015622 0.015534
34 0.738820 0.474887 0.018106 0.024765
34 0.740292 0.317427 0.015351 0.013400
34 0.727651 0.360198 0.009549 0.007942
34 0.876848 0.389064 0.009474 0.008113
34 0.914563 0.492026 0.005834 0.013377
34 0.930204 0.438977 0.015872 0.015816
34 0.883354 0.441441 0.005693 0.016532
34 0.948970 0.409917 0.015691 0.015571
34 0.735481 0.424218 0.005673 0.013297
34 0.813620 0.497880 0.005709 0.016751
34 0.735816 0.375815 0.005649 0.013351
34 0.753809 0.497777 0.005705 0.016649
34 0.727990 0.393682 0.014923 0.013805
34 0.787778 0.439082 0.015282 0.015121
34 0.834727 0.439064 0.016686 0.015341
34 0.857115 0.438924 0.015709 0.015369
34 0.842565 0.496288 0.005647 0.013471
34 0.831716 0.473021 0.016656 0.024058
34 0.806586 0.409852 0.015163 0.015531
34 0.153914 0.530155 0.005580 0.013209
34 0.940991 0.473866 0.019919 0.008547
34 0.895778 0.381170 0.009879 0.008336
34 0.971170 0.381446 0.009718 0.008518
34 0.930405 0.408605 0.009790 0.008068
34 0.976336 0.474957 0.018497 0.025121
34 0.903254 0.473008 0.018145 0.024164
34 0.883484 0.496871 0.005631 0.016751
34 0.970041 0.409706 0.015582 0.014984
34 0.950100 0.389571 0.009668 0.008159
34 0.956246 0.442505 0.005868 0.016871
34 0.906739 0.438351 0.016700 0.015335
34 0.897130 0.409223 0.015727 0.014999
34 0.143613 0.515774 0.016428 0.014591
34 0.146143 0.671575 0.010026 0.008461
34 0.147290 0.698290 0.010020 0.008396
34 0.101923 0.671251 0.010058 0.008082
34 0.147445 0.727358 0.009869 0.008259
34 0.103238 0.726878 0.009889 0.008022
34 0.103182 0.697746 0.010199 0.008515
34 0.115442 0.561369 0.016046 0.015472
34 0.126705 0.665178 0.016428 0.014631
34 0.121089 0.606936 0.016461 0.014466
34 0.127107 0.720873 0.016378 0.014474
34 0.102244 0.607274 0.016450 0.014771
34 0.165201 0.689803 0.016450 0.013896
34 0.165434 0.661586 0.016348 0.014332
34 0.165197 0.717280 0.016527 0.014047
34 0.145048 0.561519 0.016297 0.014933
34 0.138732 0.607991 0.016219 0.021784
34 0.173164 0.515969 0.016533 0.014469
34 0.158235 0.607086 0.015971 0.014753
34 0.325371 0.635665 0.024319 0.014836
34 0.350694 0.743401 0.009603 0.007840
34 0.277400 0.588380 0.009889 0.008108
34 0.124256 0.530117 0.005776 0.013816
34 0.164957 0.746210 0.016195 0.013685
34 0.126657 0.691764 0.016307 0.014357
34 0.186657 0.530948 0.005671 0.013785
34 0.211037 0.561976 0.016414 0.015107
34 0.339123 0.516600 0.016485 0.014682
34 0.344155 0.561825 0.016428 0.014799
34 0.310023 0.561810 0.016029 0.014540
34 0.307468 0.705021 0.015004 0.014836
34 0.180637 0.606895 0.009138 0.015386
34 0.312281 0.622794 0.010280 0.008683
34 0.336660 0.716666 0.009287 0.007962
34 0.224363 0.608185 0.015898 0.015013
34 0.251738 0.530208 0.005538 0.013474
34 0.310776 0.683649 0.015040 0.015346
34 0.242827 0.561154 0.016247 0.015161
34 0.272261 0.517173 0.016400 0.014243
34 0.319217 0.530190 0.005236 0.013443
34 0.275554 0.561567 0.016350 0.014996
34 0.312415 0.734108 0.015109 0.015489
34 0.206238 0.516094 0.016759 0.014930
34 0.209448 0.659587 0.016579 0.014984
34 0.240384 0.516237 0.016545 0.014856
34 0.446277 0.622630 0.008751 0.007022
34 0.353780 0.742955 0.003286 0.007182
34 0.404562 0.743277 0.009780 0.008339
34 0.466657 0.683802 0.005502 0.012881
34 0.354178 0.530600 0.004069 0.013140
34 0.525604 0.647019 0.015375 0.014796
34 0.504010 0.651633 0.016996 0.015908
34 0.447731 0.665725 0.016658 0.016785
34 0.452822 0.703293 0.017240 0.024602
34 0.304985 0.515523 0.016779 0.014642
34 0.219831 0.530801 0.005608 0.013793
34 0.283952 0.530178 0.005580 0.013408
34 0.409865 0.516727 0.016511 0.014463
34 0.456845 0.617260 0.015902 0.013676
34 0.491906 0.518253 0.015572 0.015286
34 0.469130 0.504414 0.030056 0.012533
34 0.404669 0.663505 0.009406 0.008299
34 0.506350 0.533997 0.010524 0.007925
34 0.499277 0.600556 0.009210 0.007877
34 0.424090 0.633155 0.015397 0.008139
34 0.466396 0.655358 0.005592 0.014414
34 0.402894 0.716626 0.009458 0.008230
34 0.378933 0.561703 0.016537 0.014651
34 0.526450 0.586842 0.015238 0.015480
34 0.501515 0.571054 0.015475 0.014996
34 0.379627 0.710651 0.017047 0.014714
34 0.511063 0.684376 0.005546 0.013688
34 0.480954 0.629199 0.015083 0.014152
34 0.452693 0.554064 0.015496 0.014414
34 0.457736 0.571455 0.015516 0.014696
34 0.481639 0.586865 0.015393 0.015258
34 0.491492 0.697260 0.017258 0.014867
34 0.373987 0.516557 0.016189 0.014768
34 0.505422 0.738056 0.018785 0.021721
34 0.510392 0.624429 0.005784 0.015258
34 0.509362 0.758440 0.006025 0.013021
34 0.527988 0.518832 0.015878 0.014374
34 0.681452 0.716178 0.013384 0.008635
34 0.661381 0.507135 0.009603 0.008125
34 0.529613 0.783014 0.002800 0.013671
34 0.676374 0.621804 0.020193 0.008527
34 0.607246 0.736060 0.005979 0.013648
34 0.530757 0.646895 0.005068 0.015306
34 0.496798 0.553601 0.015606 0.014315
34 0.523118 0.782977 0.015814 0.013984
34 0.523360 0.617203 0.015036 0.014189
34 0.388349 0.530172 0.005558 0.013380
34 0.455959 0.592777 0.016116 0.014936
34 0.382094 0.656260 0.016650 0.014605
34 0.379591 0.737325 0.016398 0.014907
34 0.481330 0.658970 0.015278 0.014406
34 0.665252 0.590523 0.016595 0.015135
34 0.607060 0.590519 0.016191 0.015076
34 0.537416 0.684836 0.016904 0.014032
34 0.698067 0.735987 0.005824 0.019134
34 0.583046 0.548585 0.016418 0.015221
34 0.566890 0.767737 0.016994 0.015987
34 0.683698 0.534517 0.009470 0.008327
34 0.548727 0.572988 0.005689 0.014286
34 0.591299 0.744618 0.009492 0.007549
34 0.623674 0.534494 0.009339 0.008276
34 0.600105 0.735074 0.005556 0.013015
34 0.842631 0.500590 0.005451 0.004850
34 0.746256 0.534550 0.009365 0.008125
34 0.618149 0.621153 0.021737 0.008159
34 0.606978 0.693930 0.018570 0.023323
34 0.607139 0.559108 0.016221 0.014853
34 0.665884 0.559194 0.016148 0.014819
34 0.630128 0.502548 0.005888 0.008760
34 0.644039 0.565519 0.015774 0.014662
34 0.643817 0.548574 0.016273 0.015021
34 0.691955 0.502769 0.006146 0.009139
34 0.592224 0.768269 0.016064 0.015107
34 0.802136 0.706475 0.018701 0.022810
34 0.789858 0.590730 0.015582 0.014825
34 0.856648 0.559139 0.015588 0.014642
34 0.875083 0.534067 0.009714 0.008270
34 0.856312 0.591181 0.015997 0.014822
34 0.740784 0.750690 0.016600 0.014825
34 0.827591 0.565191 0.015528 0.014639
34 0.748229 0.716174 0.013771 0.008712
34 0.738598 0.519072 0.009984 0.008279
34 0.802753 0.747521 0.005240 0.012579
34 0.806784 0.534501 0.009647 0.008262
34 0.741579 0.732378 0.009843 0.008262
34 0.813800 0.502009 0.005824 0.007717
34 0.753912 0.502023 0.005399 0.007638
34 0.847805 0.741193 0.006174 0.014320
34 0.767741 0.548783 0.016561 0.015383
34 0.729167 0.558725 0.016452 0.014788
34 0.790492 0.559215 0.015282 0.014828
34 0.832802 0.548581 0.016708 0.015030
34 0.728770 0.590358 0.016585 0.014885
34 0.768397 0.565409 0.016714 0.014956
34 0.856299 0.709659 0.006261 0.014155
34 0.713812 0.751294 0.016811 0.015355
34 0.709413 0.548661 0.010272 0.015161
34 0.970506 0.565315 0.015798 0.015184
34 0.894094 0.726794 0.012323 0.008202
34 0.930621 0.570199 0.009466 0.007301
34 0.956296 0.508896 0.005941 0.016800
34 0.883620 0.501442 0.005572 0.006589
34 0.949922 0.534380 0.009345 0.008464
34 0.941156 0.719521 0.006011 0.014306
34 0.871779 0.786754 0.017325 0.006429
34 0.719827 0.698629 0.010040 0.008886
34 0.800982 0.621624 0.022846 0.013491
34 0.866700 0.621547 0.020262 0.008817
