35 0.397054 0.146069 0.021739 0.014121
35 0.419568 0.081116 0.022403 0.012867
35 0.493209 0.056640 0.009093 0.029809
35 0.686246 0.053031 0.009760 0.031379
35 0.557040 0.201922 0.010425 0.031693
35 0.871186 0.226084 0.022625 0.013491
35 0.871186 0.163641 0.022182 0.014748
35 0.845012 0.134773 0.021737 0.015378
35 0.853107 0.102452 0.022403 0.013494
35 0.775142 0.056955 0.010203 0.031693
35 0.844125 0.195490 0.022182 0.014434
35 0.935726 0.055385 0.009539 0.030439
35 0.156711 0.301007 0.010647 0.043616
35 0.208011 0.302263 0.009982 0.042360
35 0.655636 0.342897 0.009317 0.032633
35 0.871407 0.283592 0.022182 0.015688
35 0.788228 0.374276 0.009760 0.032006
35 0.871296 0.341486 0.022403 0.016002
35 0.844568 0.315285 0.022182 0.015061
35 0.845345 0.257219 0.021960 0.012585
35 0.104697 0.733490 0.021517 0.014434
35 0.284293 0.774122 0.022671 0.015494
35 0.213990 0.832559 0.009990 0.029627
35 0.284966 0.816797 0.020943 0.016580
35 0.606551 0.924295 0.022095 0.013046
35 0.937281 0.873331 0.021328 0.013861
34 0.492585 0.036223 0.039013 0.010593
34 0.488471 0.112667 0.007119 0.015172
34 0.816336 0.255141 0.031982 0.027524
34 0.455326 0.107763 0.019230 0.034135
34 0.419640 0.070685 0.029216 0.009681
34 0.442105 0.075983 0.008691 0.008763
34 0.455373 0.059699 0.017474 0.032696
34 0.475157 0.140852 0.010262 0.009547
34 0.475481 0.164329 0.009799 0.008891
34 0.469519 0.219585 0.017474 0.032565
34 0.442892 0.195651 0.018398 0.031781
34 0.580250 0.365341 0.006164 0.015497
34 0.209733 0.265674 0.033539 0.026264
34 0.442568 0.224752 0.009799 0.009156
17 0.182140 0.528173 0.017343 0.026537
31 0.179669 0.643242 0.026380 0.040527
34 0.255481 0.754802 0.026027 0.026788
34 0.210194 0.751636 0.006565 0.016580
34 0.553044 0.583970 0.057901 0.045500
34 0.179944 0.670950 0.030757 0.015563
34 0.413399 0.181200 0.018584 0.031912
34 0.395879 0.126401 0.044192 0.026156
34 0.685322 0.028168 0.034577 0.017133
34 0.662393 0.119585 0.016088 0.033089
34 0.681300 0.091402 0.007488 0.016740
34 0.662532 0.163857 0.016732 0.033482
34 0.658280 0.199497 0.015995 0.034657
34 0.671362 0.232914 0.015346 0.033482
34 0.671222 0.283621 0.018213 0.016401
34 0.541655 0.226542 0.016062 0.033910
34 0.553600 0.233662 0.006551 0.014243
34 0.558914 0.175167 0.044347 0.018649
34 0.697802 0.074922 0.010355 0.009678
34 0.836772 0.226294 0.043149 0.015939
34 0.853991 0.087484 0.024210 0.016164
34 0.816676 0.194642 0.030604 0.024303
34 0.721190 0.109074 0.016380 0.034927
34 0.718393 0.134339 0.010949 0.009721
34 0.739848 0.143719 0.016142 0.033685
34 0.759264 0.090876 0.015502 0.035380
34 0.774446 0.031869 0.036595 0.017521
34 0.794063 0.085336 0.017659 0.015261
34 0.807607 0.096754 0.009907 0.009382
34 0.826065 0.072451 0.017738 0.015486
34 0.816876 0.133886 0.030685 0.027127
34 0.871650 0.120831 0.020536 0.017068
34 0.836932 0.165140 0.043948 0.017296
34 0.869573 0.182717 0.019577 0.016275
34 0.712520 0.177234 0.015181 0.033346
34 0.751433 0.181022 0.017419 0.034816
34 0.712071 0.215329 0.015600 0.034249
34 0.750515 0.288418 0.016859 0.006805
34 0.770970 0.245566 0.005832 0.014015
34 0.759664 0.227253 0.015342 0.035041
34 0.935140 0.030522 0.028475 0.017002
34 0.948269 0.111281 0.018491 0.016349
34 0.948731 0.128022 0.009613 0.009547
34 0.930934 0.120241 0.007488 0.012553
34 0.917528 0.149667 0.020987 0.016740
34 0.892659 0.149994 0.006934 0.015041
34 0.917944 0.210680 0.022190 0.016087
34 0.892798 0.211064 0.007027 0.015289
34 0.159487 0.265569 0.034531 0.024862
34 0.137518 0.375697 0.028219 0.019960
34 0.121800 0.342082 0.030695 0.012605
34 0.125081 0.461053 0.029085 0.021536
34 0.152062 0.475147 0.006311 0.015759
34 0.242965 0.356455 0.032180 0.012431
34 0.241975 0.327304 0.031436 0.011907
34 0.243460 0.392348 0.028217 0.018034
34 0.192096 0.374315 0.025743 0.016985
34 0.216293 0.421587 0.009778 0.010681
34 0.238261 0.417562 0.006684 0.014531
34 0.238632 0.459319 0.029456 0.016107
34 0.203793 0.474290 0.007055 0.015232
34 0.456974 0.497338 0.006873 0.015799
34 0.442368 0.487411 0.007448 0.017016
34 0.461629 0.435348 0.026207 0.035249
34 0.469147 0.387843 0.018902 0.035856
34 0.463133 0.346416 0.017756 0.035249
34 0.463633 0.303367 0.019333 0.032616
34 0.514399 0.267308 0.011456 0.009117
34 0.522275 0.297998 0.012029 0.010536
34 0.635904 0.390643 0.074559 0.008324
34 0.655318 0.366808 0.043215 0.018461
34 0.671257 0.291070 0.018828 0.033443
34 0.674305 0.259823 0.009521 0.009986
34 0.643927 0.275788 0.017222 0.034654
34 0.543584 0.281462 0.017639 0.032989
34 0.642784 0.314907 0.019045 0.034266
34 0.585944 0.471223 0.052726 0.008173
34 0.594983 0.454880 0.054329 0.008170
34 0.659116 0.469558 0.010375 0.008475
34 0.659010 0.453669 0.010804 0.009687
34 0.661683 0.425447 0.025139 0.034047
34 0.742880 0.494950 0.006098 0.015435
34 0.714586 0.290359 0.018826 0.033594
34 0.750528 0.302012 0.015830 0.032687
34 0.770532 0.279011 0.006418 0.017253
34 0.789090 0.346124 0.033910 0.025574
34 0.745501 0.377675 0.016046 0.032989
34 0.724160 0.353765 0.009948 0.009684
34 0.749779 0.433210 0.016473 0.033899
34 0.773420 0.425114 0.015832 0.034047
34 0.784385 0.401205 0.006311 0.014374
34 0.811501 0.394849 0.016475 0.032536
34 0.818934 0.438507 0.007168 0.015133
34 0.796792 0.441760 0.008664 0.009533
34 0.763792 0.496010 0.006203 0.015133
34 0.882476 0.426250 0.035407 0.018159
34 0.838520 0.342749 0.043858 0.019068
34 0.817502 0.316493 0.030915 0.027087
34 0.870131 0.301436 0.020004 0.015435
34 0.837077 0.284716 0.043324 0.016797
34 0.920252 0.397029 0.020431 0.017404
34 0.963015 0.325620 0.018306 0.017133
34 0.917575 0.327449 0.020987 0.016347
34 0.917575 0.268988 0.022280 0.015304
34 0.892843 0.269969 0.007210 0.014648
34 0.926885 0.436070 0.010163 0.008624
34 0.912390 0.427293 0.019039 0.016495
34 0.892975 0.327646 0.006954 0.014226
34 0.151504 0.704363 0.029095 0.015435
34 0.103850 0.712458 0.046745 0.026483
34 0.125157 0.568111 0.035407 0.021186
34 0.128881 0.749064 0.006311 0.012257
34 0.125318 0.590885 0.033376 0.018008
34 0.125907 0.613280 0.036906 0.018005
34 0.123339 0.525209 0.030058 0.018917
34 0.201193 0.728564 0.009706 0.009678
34 0.248297 0.570050 0.030324 0.017786
34 0.247927 0.592348 0.028658 0.016871
34 0.248805 0.618964 0.029863 0.017786
34 0.311441 0.707048 0.028290 0.017133
34 0.247649 0.526955 0.029585 0.016874
34 0.242611 0.648390 0.029492 0.017264
34 0.388432 0.687817 0.006392 0.014357
34 0.364251 0.729300 0.024230 0.009156
34 0.419115 0.687533 0.007033 0.014018
34 0.363891 0.705959 0.023511 0.016728
34 0.477206 0.729188 0.010548 0.009382
34 0.450797 0.687874 0.006154 0.013565
34 0.546948 0.530000 0.029722 0.017258
34 0.547868 0.656938 0.029309 0.017250
34 0.544284 0.741982 0.010377 0.011197
34 0.652479 0.742512 0.035095 0.009231
34 0.752638 0.696089 0.006565 0.014258
34 0.780929 0.685560 0.007490 0.014124
34 0.815274 0.695370 0.006285 0.013340
34 0.855953 0.692361 0.038276 0.017786
34 0.120531 0.772337 0.018306 0.015400
34 0.226491 0.767743 0.010330 0.009518
34 0.203029 0.794236 0.016888 0.033705
34 0.214845 0.862459 0.032490 0.028812
34 0.313781 0.817193 0.035637 0.014842
34 0.254961 0.799011 0.023382 0.024924
34 0.316545 0.773973 0.036998 0.016540
34 0.391632 0.849366 0.030298 0.017563
34 0.440833 0.890066 0.028447 0.016911
34 0.455612 0.910514 0.006301 0.012975
34 0.472290 0.883708 0.010008 0.009439
34 0.514172 0.910449 0.027240 0.018350
34 0.483048 0.762461 0.030113 0.017563
34 0.410450 0.769997 0.011303 0.009832
34 0.384506 0.774127 0.011305 0.049023
34 0.544239 0.890752 0.017538 0.017561
34 0.547285 0.795323 0.011509 0.010328
34 0.635654 0.923041 0.029631 0.026623
34 0.572028 0.890638 0.018499 0.016198
34 0.847238 0.761874 0.030032 0.016087
34 0.864621 0.857598 0.027981 0.019008
34 0.830384 0.867494 0.010284 0.009174
34 0.755608 0.850977 0.031225 0.018615
34 0.884460 0.770456 0.008243 0.008914
34 0.911236 0.839469 0.018253 0.016908
34 0.964700 0.871780 0.032337 0.030673
33 0.676043 0.198628 0.018189 0.013807
33 0.147395 0.342428 0.017301 0.017258
33 0.147946 0.458277 0.015312 0.018641
0 0.655677 0.279109 0.005463 0.013870
0 0.655976 0.311882 0.006364 0.015460
0 0.701525 0.291139 0.005463 0.015141
0 0.544104 0.304058 0.011386 0.009518
0 0.870446 0.257791 0.010961 0.010282
0 0.870223 0.315180 0.010961 0.008307
0 0.788416 0.423889 0.007693 0.016327
33 0.217215 0.327994 0.017303 0.017258
33 0.216218 0.458685 0.014861 0.021337
33 0.216883 0.356862 0.017081 0.017885
33 0.483006 0.434211 0.017079 0.020710
33 0.482895 0.345094 0.018187 0.019456
33 0.482784 0.303988 0.018856 0.018829
33 0.678371 0.424168 0.013088 0.015688
33 0.731666 0.434681 0.015528 0.013494
33 0.097453 0.610859 0.012943 0.017706
33 0.097131 0.588311 0.011873 0.015586
33 0.096758 0.565992 0.011767 0.016948
33 0.097078 0.522940 0.011980 0.017706
33 0.220763 0.568594 0.015971 0.021023
33 0.220431 0.590403 0.012643 0.018829
33 0.221652 0.616290 0.012421 0.019139
33 0.240949 0.669156 0.013308 0.025745
33 0.219766 0.524977 0.013529 0.020396
33 0.383745 0.706347 0.015971 0.017258
33 0.549832 0.678420 0.014196 0.023537
33 0.547158 0.509131 0.014662 0.021966
33 0.826380 0.692697 0.016414 0.018829
33 0.544894 0.912199 0.012488 0.024192
33 0.571793 0.911793 0.012490 0.024463
33 0.910479 0.860420 0.012297 0.023377
0 0.733478 0.377972 0.006493 0.016327
0 0.912964 0.441215 0.010614 0.007766
0 0.950060 0.325275 0.006459 0.017390
0 0.935475 0.397345 0.006044 0.014736
0 0.917659 0.341783 0.011253 0.007960
0 0.917555 0.284007 0.011046 0.009729
0 0.132585 0.772419 0.005419 0.015645
0 0.254683 0.774119 0.011541 0.010883
0 0.213930 0.795036 0.006491 0.015304
0 0.254442 0.817144 0.011539 0.010544
0 0.514442 0.924269 0.010157 0.008515
0 0.483067 0.776304 0.010107 0.008578
0 0.862917 0.872797 0.010109 0.008923
0 0.844853 0.776163 0.010483 0.007327
32 0.423010 0.712632 0.013505 0.018299
32 0.785523 0.709394 0.014357 0.017296
22 0.493005 0.385152 0.022899 0.033018
21 0.725789 0.239962 0.009982 0.015232
34 0.181788 0.555140 0.035574 0.019359
35 0.885687 0.441426 0.021334 0.013807
13 0.532887 0.250231 0.013034 0.024759
3 0.681665 0.165272 0.019474 0.022719
3 0.682003 0.119037 0.019700 0.022400
3 0.826374 0.094856 0.015238 0.025962
3 0.770197 0.180312 0.019927 0.023360
21 0.242954 0.439040 0.010570 0.016820
21 0.823217 0.459741 0.010657 0.017498
21 0.733205 0.406304 0.011418 0.017230
21 0.950453 0.349503 0.008884 0.015557
21 0.132683 0.799568 0.009444 0.016691
21 0.480863 0.907053 0.012738 0.018022
21 0.915627 0.763936 0.010205 0.014620
3 0.769519 0.300601 0.018570 0.022400
3 0.152810 0.725976 0.015814 0.026879
1 0.685726 0.291083 0.008185 0.023408
0 0.455515 0.080603 0.011541 0.008843
0 0.454793 0.195561 0.005290 0.017005
0 0.426302 0.181448 0.006009 0.016666
0 0.870796 0.133991 0.011080 0.007942
0 0.870422 0.195992 0.010929 0.009533
0 0.725256 0.214597 0.006237 0.015315
0 0.725169 0.176798 0.006237 0.015192
0 0.708785 0.110396 0.007035 0.015999
0 0.917612 0.225767 0.011996 0.009863
0 0.961051 0.111302 0.005703 0.015822
0 0.917697 0.164662 0.010697 0.010259
0 0.156252 0.374524 0.005631 0.014702
0 0.207757 0.374614 0.005091 0.014825
17 0.421636 0.836677 0.026229 0.038359
17 0.785260 0.837276 0.027828 0.040809
15 0.686089 0.232303 0.013270 0.018250
13 0.226120 0.402669 0.010210 0.019684
13 0.460469 0.888199 0.010165 0.019954
10 0.310788 0.730258 0.015814 0.025292
6 0.774510 0.211207 0.005919 0.012115
6 0.961477 0.090591 0.007095 0.009265
6 0.523710 0.475490 0.008773 0.009692
6 0.523709 0.459203 0.009154 0.008347
6 0.774310 0.262680 0.007230 0.011037
6 0.733141 0.401023 0.005806 0.007712
6 0.805932 0.422704 0.011102 0.019339
5 0.774310 0.089659 0.012178 0.008615
5 0.725262 0.151240 0.011201 0.011000
5 0.774335 0.226218 0.012611 0.010031
5 0.794433 0.101926 0.008314 0.015309
3 0.489210 0.218857 0.019678 0.021733
3 0.455530 0.137804 0.015290 0.026016
