34 0.797048 0.253806 0.018322 0.015905
34 0.335174 0.411173 0.017979 0.016526
34 0.205989 0.317786 0.022063 0.018849
34 0.469392 0.318448 0.023026 0.019553
34 0.393621 0.411260 0.017685 0.016791
34 0.354991 0.368484 0.005655 0.008709
34 0.509614 0.335058 0.010324 0.009250
34 0.518096 0.493011 0.010359 0.009367
34 0.520349 0.385778 0.006112 0.013973
34 0.369621 0.402533 0.018554 0.017002
34 0.472331 0.355862 0.006176 0.013520
34 0.512584 0.404564 0.018241 0.016469
34 0.464927 0.404138 0.018082 0.016609
34 0.464186 0.469900 0.022824 0.019567
34 0.369222 0.468649 0.022587 0.020399
34 0.379371 0.318447 0.022474 0.019476
34 0.487510 0.403946 0.018066 0.016623
34 0.510645 0.470057 0.023614 0.019065
34 0.423378 0.318481 0.022901 0.019510
34 0.536817 0.404101 0.017228 0.016803
34 0.625016 0.404486 0.017977 0.015805
34 0.684883 0.468931 0.022256 0.020165
34 0.600280 0.403993 0.017990 0.016728
34 0.584808 0.356408 0.006114 0.013779
34 0.648869 0.404413 0.017859 0.016025
34 0.669399 0.317471 0.022254 0.018891
34 0.632503 0.385975 0.006223 0.013836
34 0.692581 0.365420 0.006342 0.013787
34 0.576519 0.404105 0.018239 0.016560
34 0.623951 0.318538 0.021908 0.019687
34 0.685085 0.403562 0.017840 0.016364
34 0.623843 0.469164 0.023576 0.019262
34 0.576034 0.469246 0.023427 0.019102
34 0.826830 0.403790 0.017863 0.016307
34 0.795524 0.318430 0.022434 0.019783
34 0.711115 0.403504 0.013689 0.015979
34 0.802479 0.468531 0.022859 0.020014
34 0.856799 0.385088 0.006148 0.013899
34 0.849489 0.403428 0.017508 0.015531
34 0.743988 0.403904 0.018286 0.017036
34 0.767795 0.403661 0.018201 0.016247
34 0.871889 0.403467 0.017593 0.015512
34 0.848119 0.468401 0.022907 0.019772
34 0.751754 0.365445 0.006485 0.013750
34 0.811485 0.355824 0.006185 0.013317
34 0.802963 0.403649 0.018251 0.016429
34 0.742318 0.468703 0.022718 0.019561
34 0.839860 0.318472 0.022274 0.019607
34 0.159914 0.562045 0.018213 0.015985
34 0.159586 0.627521 0.022665 0.019174
34 0.167678 0.524886 0.006247 0.013836
34 0.348228 0.543391 0.006215 0.013776
34 0.272628 0.562713 0.017609 0.016056
34 0.250120 0.562720 0.018427 0.015973
34 0.335314 0.717489 0.017969 0.016312
34 0.302666 0.543149 0.005848 0.013759
34 0.339324 0.627656 0.022742 0.019632
34 0.310727 0.717273 0.018082 0.015839
34 0.248537 0.627702 0.021890 0.019627
34 0.317381 0.561918 0.017494 0.016215
34 0.293394 0.627217 0.022764 0.019342
34 0.288036 0.717444 0.018268 0.016369
34 0.193259 0.550081 0.004879 0.006592
34 0.295605 0.673289 0.006195 0.013696
34 0.295152 0.562013 0.017790 0.016116
34 0.340269 0.562110 0.018104 0.015694
34 0.257585 0.515056 0.006495 0.013787
34 0.446279 0.515177 0.006672 0.013813
34 0.508628 0.683004 0.006120 0.013936
34 0.438748 0.562612 0.018048 0.016099
34 0.483872 0.562568 0.017772 0.016654
34 0.506197 0.562112 0.017780 0.016546
34 0.361410 0.717159 0.017828 0.016261
34 0.437617 0.628349 0.022357 0.019256
34 0.501383 0.717769 0.018185 0.015868
34 0.461396 0.562508 0.017748 0.015566
34 0.362647 0.561842 0.017434 0.016042
34 0.490633 0.543371 0.006326 0.013639
34 0.482288 0.627975 0.022760 0.019199
34 0.523941 0.717546 0.017955 0.016352
34 0.527754 0.627398 0.022949 0.019105
34 0.530515 0.717476 0.004623 0.016344
34 0.536984 0.544979 0.006201 0.013548
34 0.645411 0.627410 0.022937 0.019105
34 0.551339 0.561996 0.017178 0.015956
34 0.646731 0.562767 0.017834 0.016096
34 0.690800 0.626850 0.022929 0.019490
34 0.609643 0.516748 0.006330 0.014101
34 0.600586 0.627713 0.021878 0.019034
34 0.624543 0.562306 0.017526 0.015811
34 0.692092 0.562246 0.018129 0.016147
34 0.669200 0.562362 0.017792 0.015987
34 0.691810 0.680550 0.006368 0.013696
34 0.684383 0.718192 0.018092 0.016195
34 0.700411 0.543760 0.006277 0.013876
34 0.602203 0.562652 0.018503 0.016082
34 0.654333 0.543300 0.005894 0.013394
34 0.599079 0.648720 0.010290 0.008589
34 0.816910 0.562348 0.017990 0.015742
34 0.791585 0.562505 0.018175 0.015492
34 0.815705 0.627729 0.022941 0.019875
34 0.839415 0.561891 0.018056 0.016019
34 0.775863 0.516765 0.006307 0.014061
34 0.766427 0.627635 0.022927 0.019595
34 0.768909 0.562622 0.017722 0.016113
34 0.823388 0.544872 0.006531 0.013967
34 0.890730 0.627942 0.020631 0.019367
34 0.892210 0.562660 0.018231 0.016093
34 0.914821 0.562469 0.018022 0.015540
34 0.899005 0.527808 0.006805 0.013930
34 0.337908 0.782699 0.021360 0.020063
34 0.290693 0.782779 0.021402 0.019795
34 0.503731 0.782491 0.022365 0.019635
34 0.686795 0.782662 0.022764 0.020291
6 0.197141 0.239735 0.005544 0.007529
6 0.241836 0.240362 0.006211 0.006275
6 0.287427 0.239538 0.004380 0.006076
6 0.504189 0.239263 0.005768 0.007846
6 0.458606 0.240048 0.004214 0.006275
6 0.414007 0.239745 0.004214 0.006170
6 0.659706 0.239906 0.004202 0.005717
6 0.704695 0.239540 0.004482 0.006415
6 0.875621 0.240362 0.005768 0.007529
6 0.830971 0.239899 0.004061 0.005708
6 0.155935 0.390123 0.004214 0.005335
6 0.246716 0.390436 0.003993 0.005962
6 0.200579 0.390436 0.005768 0.005962
6 0.346919 0.398685 0.004325 0.005856
6 0.404706 0.398282 0.004214 0.006589
6 0.499036 0.390828 0.004567 0.005942
6 0.660329 0.390879 0.004357 0.005839
6 0.547835 0.391221 0.005324 0.006905
6 0.611384 0.391535 0.005101 0.005645
6 0.838024 0.390272 0.004114 0.005640
6 0.720783 0.390326 0.004237 0.005634
6 0.778801 0.391221 0.004658 0.007532
6 0.883134 0.390906 0.005590 0.006902
6 0.193354 0.549298 0.004222 0.005982
6 0.328352 0.549205 0.004005 0.005922
6 0.323063 0.704172 0.004176 0.005774
6 0.283461 0.549205 0.004331 0.006007
6 0.373097 0.549384 0.004031 0.005956
6 0.372853 0.704259 0.004420 0.005925
6 0.472253 0.549299 0.004208 0.006082
6 0.517030 0.549352 0.004031 0.005794
6 0.536372 0.704756 0.004392 0.006053
6 0.635451 0.549253 0.004138 0.006047
6 0.561809 0.549296 0.005766 0.005648
6 0.680034 0.548984 0.004879 0.005024
6 0.803210 0.549249 0.004071 0.006084
6 0.719689 0.704934 0.005768 0.008159
6 0.850779 0.548984 0.005324 0.008159
6 0.724568 0.549768 0.005768 0.006592
6 0.926632 0.549454 0.005544 0.007846
3 0.162368 0.294105 0.017081 0.026671
3 0.311264 0.445034 0.018632 0.025417
3 0.252040 0.293948 0.017746 0.026358
3 0.206542 0.293820 0.016847 0.027743
3 0.424116 0.293790 0.016857 0.027301
3 0.379974 0.293475 0.016414 0.026671
3 0.470141 0.293790 0.017079 0.027928
3 0.369443 0.444608 0.017432 0.027979
3 0.625580 0.294104 0.016193 0.027301
3 0.670608 0.293790 0.017079 0.024788
3 0.577557 0.445191 0.017303 0.026358
3 0.624249 0.444407 0.016636 0.026671
3 0.684582 0.444877 0.018854 0.025731
3 0.840575 0.293634 0.017746 0.027615
3 0.796102 0.293634 0.016193 0.029496
3 0.848672 0.445036 0.016636 0.027301
3 0.803644 0.445192 0.016636 0.027615
3 0.743200 0.444877 0.016859 0.026985
3 0.158970 0.602955 0.017411 0.028510
3 0.340210 0.603581 0.017079 0.026985
3 0.293963 0.604367 0.017301 0.026044
3 0.249933 0.603894 0.017081 0.026358
3 0.528810 0.602797 0.017746 0.027298
3 0.482562 0.603582 0.017965 0.027615
3 0.438533 0.603739 0.016414 0.027301
3 0.601845 0.603424 0.016636 0.026671
3 0.646652 0.603581 0.016193 0.025731
3 0.692123 0.603581 0.016636 0.026358
3 0.891007 0.603099 0.016479 0.027988
3 0.504281 0.759782 0.017333 0.025121
0 0.110071 0.189560 0.011978 0.009276
0 0.704934 0.252826 0.004980 0.013220
0 0.155986 0.403833 0.004349 0.012972
0 0.166139 0.452568 0.017524 0.011604
0 0.122442 0.452408 0.017965 0.011924
0 0.134206 0.403757 0.004637 0.013027
0 0.212113 0.451781 0.017744 0.011924
0 0.200960 0.403742 0.004599 0.012875
0 0.246862 0.403787 0.004668 0.012813
0 0.347050 0.411830 0.004990 0.013326
0 0.178361 0.403777 0.004535 0.012810
0 0.323140 0.403846 0.004857 0.012713
0 0.223963 0.403766 0.004468 0.012850
0 0.464484 0.452723 0.017744 0.011926
0 0.512175 0.452723 0.018632 0.012553
0 0.404785 0.411599 0.004780 0.012836
0 0.504760 0.254283 0.004738 0.010322
0 0.381954 0.403864 0.004799 0.012750
0 0.524059 0.403849 0.004617 0.012610
0 0.499192 0.403966 0.004702 0.012873
0 0.476093 0.404017 0.004740 0.012844
0 0.588339 0.403967 0.004720 0.012750
0 0.636139 0.403977 0.004668 0.012673
0 0.611454 0.404013 0.004569 0.012630
0 0.660170 0.403948 0.004921 0.012713
0 0.547933 0.403927 0.004754 0.012841
0 0.696307 0.403710 0.004698 0.013178
0 0.838023 0.404010 0.004587 0.012596
0 0.815422 0.403763 0.004865 0.013152
0 0.705860 0.254387 0.003163 0.010450
0 0.860395 0.403743 0.004601 0.012884
0 0.755502 0.403783 0.004799 0.013095
0 0.720785 0.403762 0.004797 0.012995
0 0.779099 0.403900 0.004535 0.012536
0 0.882867 0.403700 0.004694 0.013049
0 0.171464 0.562125 0.004700 0.012685
0 0.299164 0.717381 0.004706 0.012636
0 0.306066 0.562325 0.004762 0.013155
0 0.352064 0.562297 0.004760 0.012898
0 0.346207 0.717320 0.004799 0.012901
0 0.193413 0.562323 0.004702 0.013012
0 0.328483 0.562374 0.004738 0.013212
0 0.323015 0.717422 0.004788 0.012650
0 0.261511 0.562502 0.004871 0.013098
0 0.283539 0.562323 0.004649 0.012938
0 0.372961 0.562236 0.004565 0.013044
0 0.372895 0.717288 0.004754 0.012622
0 0.517201 0.562311 0.004716 0.012858
0 0.472217 0.562418 0.004817 0.013437
0 0.450074 0.562273 0.004946 0.013203
0 0.494966 0.562324 0.004674 0.013209
0 0.512595 0.717388 0.004525 0.012781
0 0.635373 0.562378 0.004815 0.013266
0 0.680359 0.562324 0.004666 0.012895
0 0.540725 0.562221 0.004645 0.012878
0 0.695428 0.717350 0.004639 0.012836
0 0.658138 0.562290 0.004704 0.013038
0 0.536408 0.717783 0.004827 0.013178
0 0.613440 0.562311 0.004603 0.012733
0 0.561607 0.562330 0.004958 0.013215
0 0.703993 0.562229 0.004601 0.013303
0 0.850613 0.562260 0.004837 0.013115
0 0.719334 0.717777 0.005111 0.012944
0 0.827798 0.562283 0.004674 0.013035
0 0.724890 0.562260 0.004873 0.013212
0 0.779643 0.562327 0.004875 0.013249
0 0.803347 0.562374 0.005091 0.013189
0 0.815617 0.610797 0.019289 0.011921
0 0.767599 0.611113 0.016857 0.010667
0 0.903332 0.562424 0.004541 0.013095
0 0.927342 0.562729 0.004921 0.013078
0 0.687632 0.766376 0.017484 0.010872
0 0.831007 0.252884 0.004525 0.012921
0 0.875760 0.253083 0.004527 0.012750
0 0.853512 0.252572 0.004680 0.013437
0 0.808379 0.252749 0.004498 0.013220
0 0.682477 0.252452 0.004712 0.013995
0 0.659968 0.252682 0.004625 0.013428
0 0.637353 0.252662 0.004557 0.013673
0 0.481814 0.252592 0.004482 0.013477
0 0.391999 0.252623 0.004619 0.013539
0 0.458832 0.252717 0.004468 0.013101
0 0.436272 0.252509 0.004619 0.013653
0 0.413991 0.252492 0.004396 0.013562
0 0.264387 0.252804 0.004623 0.013274
0 0.218830 0.252702 0.004436 0.013297
0 0.196642 0.252696 0.004533 0.013286
0 0.287313 0.252816 0.004702 0.013297
0 0.241606 0.252724 0.004666 0.013115
0 0.174904 0.252572 0.004539 0.013608
3 0.290929 0.758028 0.017321 0.028624
3 0.338206 0.758398 0.016332 0.027370
34 0.714229 0.561868 0.017943 0.016059
34 0.707323 0.717737 0.017425 0.016911
34 0.529266 0.562441 0.017315 0.015683
34 0.182608 0.561824 0.016988 0.016381
34 0.189664 0.403757 0.017820 0.016190
34 0.842236 0.253313 0.017655 0.016230
34 0.819711 0.253257 0.017750 0.016404
34 0.864484 0.253418 0.017566 0.016156
34 0.626441 0.253095 0.017718 0.017675
34 0.648945 0.252952 0.017504 0.017048
34 0.693817 0.252962 0.017345 0.017068
34 0.671375 0.252991 0.017295 0.016669
34 0.403185 0.252390 0.017381 0.016093
34 0.493274 0.252885 0.017901 0.016287
34 0.425200 0.253320 0.017750 0.017099
34 0.447578 0.253197 0.017730 0.016626
34 0.470690 0.252917 0.018020 0.016976
34 0.230319 0.252659 0.017645 0.015606
34 0.207910 0.253417 0.017532 0.015127
34 0.253321 0.252459 0.017520 0.015891
34 0.275722 0.252186 0.017782 0.016540
34 0.185560 0.252754 0.018247 0.017335
34 0.163517 0.252516 0.018441 0.017885
34 0.380116 0.253109 0.017528 0.016700
34 0.235479 0.403571 0.017893 0.016620
34 0.220224 0.385331 0.006084 0.013334
34 0.252276 0.317603 0.021608 0.019293
34 0.211278 0.468307 0.023173 0.019527
34 0.311245 0.467733 0.022317 0.019746
34 0.310691 0.403584 0.018449 0.016458
34 0.213010 0.403688 0.017949 0.016176
34 0.319431 0.356743 0.006178 0.013656
34 0.145311 0.403772 0.017661 0.016184
34 0.167199 0.403956 0.017899 0.016364
34 0.130248 0.356533 0.006511 0.013733
34 0.122853 0.403920 0.018312 0.016931
34 0.165182 0.469055 0.023270 0.019444
34 0.162226 0.317630 0.021076 0.019119
34 0.121283 0.468823 0.022583 0.019373
34 0.174732 0.385509 0.006039 0.013691
34 0.804776 0.207239 0.006027 0.013787
34 0.832082 0.217455 0.009801 0.008937
34 0.633761 0.206052 0.006241 0.013574
34 0.659243 0.217920 0.009670 0.008926
34 0.432721 0.233822 0.005763 0.013548
34 0.478413 0.233083 0.006209 0.013314
34 0.493754 0.184132 0.010691 0.009410
34 0.445858 0.217408 0.009662 0.008860
34 0.388573 0.206091 0.006170 0.013636
34 0.261211 0.233624 0.005608 0.013619
34 0.215304 0.234182 0.006144 0.013511
34 0.226247 0.217478 0.009484 0.008595
34 0.170876 0.208900 0.006052 0.013981
34 0.077679 0.174791 0.039005 0.018940
34 0.109464 0.177186 0.016515 0.015107
35 0.079076 0.189453 0.017919 0.011850
