33 0.377236 0.730259 0.010234 0.018028
33 0.276411 0.730323 0.020344 0.017814
33 0.276034 0.627357 0.020050 0.017586
33 0.307109 0.627200 0.020185 0.017216
33 0.413568 0.627502 0.019649 0.017626
33 0.413719 0.730574 0.019980 0.017603
33 0.381957 0.627298 0.019748 0.017458
33 0.382374 0.730325 0.020449 0.017692
33 0.702095 0.734704 0.020012 0.017187
33 0.701876 0.631482 0.020411 0.017789
33 0.806512 0.533344 0.016807 0.011978
33 0.733256 0.734835 0.020522 0.017432
33 0.733171 0.631828 0.020205 0.017535
21 0.101584 0.108498 0.012206 0.018621
21 0.435531 0.453990 0.009583 0.021539
21 0.075381 0.842314 0.013880 0.023699
21 0.292134 0.806626 0.010191 0.024258
21 0.398678 0.804024 0.015077 0.023699
21 0.717875 0.801230 0.009968 0.023685
6 0.681000 0.526243 0.009813 0.013539
6 0.681000 0.598521 0.011726 0.021328
1 0.544185 0.591711 0.012049 0.009726
1 0.544119 0.517569 0.011831 0.010151
0 0.435610 0.433353 0.004674 0.012120
0 0.291974 0.774735 0.004613 0.011921
0 0.397489 0.774380 0.004502 0.011257
0 0.717823 0.779500 0.004406 0.011328
21 0.900948 0.109265 0.009506 0.018119
21 0.932288 0.109504 0.011757 0.019179
34 0.812054 0.638360 0.009857 0.032149
34 0.474408 0.183890 0.054343 0.026674
34 0.580606 0.502596 0.018376 0.013571
34 0.705379 0.779963 0.017526 0.013565
34 0.769213 0.751433 0.007214 0.021077
35 0.134957 0.655338 0.008201 0.032026
35 0.861872 0.685107 0.008165 0.031679
34 0.140450 0.050627 0.017734 0.013924
34 0.097112 0.147515 0.005820 0.012476
34 0.229304 0.058522 0.096489 0.019769
34 0.844727 0.051117 0.017758 0.014129
34 0.783320 0.064030 0.042099 0.032169
34 0.897382 0.162647 0.006577 0.013029
34 0.929029 0.162616 0.006172 0.013041
34 0.130923 0.442006 0.006064 0.014808
34 0.205560 0.443254 0.005540 0.012038
34 0.269539 0.435326 0.006124 0.012249
34 0.198567 0.443544 0.006005 0.011898
34 0.288295 0.435295 0.006058 0.012135
34 0.181115 0.443236 0.005763 0.012229
34 0.311545 0.483219 0.018461 0.013579
34 0.190233 0.443517 0.005655 0.011787
34 0.486442 0.466288 0.008739 0.008718
34 0.394083 0.435376 0.006035 0.012143
34 0.436944 0.483458 0.017703 0.013232
34 0.448524 0.433309 0.017855 0.014067
34 0.375372 0.435348 0.006170 0.012246
34 0.409630 0.410952 0.017262 0.013548
34 0.622837 0.494805 0.017883 0.013861
34 0.544020 0.413693 0.018995 0.013406
34 0.649815 0.487857 0.024029 0.016392
34 0.695059 0.435382 0.006187 0.012405
34 0.544020 0.381844 0.019035 0.013890
34 0.587157 0.381871 0.018874 0.013870
34 0.589585 0.414374 0.018852 0.013588
34 0.786684 0.442224 0.005915 0.011795
34 0.793890 0.441827 0.005818 0.011428
34 0.778478 0.442210 0.005909 0.011790
34 0.769423 0.441736 0.006195 0.011975
34 0.713817 0.435326 0.006185 0.012539
34 0.858317 0.441005 0.006066 0.013557
34 0.176110 0.554412 0.023517 0.015286
34 0.172492 0.641378 0.007554 0.022858
34 0.136645 0.682401 0.049615 0.022015
34 0.310906 0.607831 0.023568 0.015834
34 0.327748 0.628155 0.018118 0.012890
34 0.222047 0.678585 0.007599 0.024186
34 0.221784 0.746981 0.007516 0.022784
34 0.193811 0.599835 0.005951 0.012283
34 0.228708 0.522082 0.018729 0.013528
34 0.327977 0.730946 0.018280 0.012716
34 0.256125 0.627291 0.018004 0.012941
34 0.310926 0.710596 0.023459 0.015361
34 0.256428 0.730486 0.017897 0.012491
34 0.434135 0.730875 0.018274 0.012853
34 0.457062 0.677508 0.008197 0.023970
34 0.457502 0.746778 0.007091 0.022385
34 0.508879 0.511727 0.010457 0.008629
34 0.416732 0.607907 0.024001 0.015603
34 0.508827 0.585606 0.010622 0.008259
34 0.362622 0.730460 0.018112 0.012662
34 0.416592 0.710660 0.023938 0.016053
34 0.362313 0.627229 0.018159 0.013101
34 0.433858 0.628172 0.018284 0.012924
34 0.682162 0.734768 0.018255 0.012858
34 0.681977 0.631586 0.017996 0.013095
34 0.580313 0.576428 0.017798 0.013973
34 0.543900 0.504755 0.018082 0.013192
34 0.623365 0.568967 0.019039 0.013933
34 0.543654 0.578720 0.017579 0.013200
34 0.650025 0.562227 0.023737 0.015266
34 0.768857 0.683196 0.007863 0.022944
34 0.779819 0.591382 0.006180 0.012545
34 0.863755 0.712286 0.049750 0.022417
34 0.811074 0.520789 0.018465 0.013297
34 0.753889 0.735335 0.018169 0.012910
34 0.736785 0.714915 0.023449 0.015346
34 0.736656 0.612046 0.023372 0.015834
34 0.760710 0.547462 0.023535 0.015745
34 0.753584 0.632412 0.018155 0.012856
34 0.378918 0.774813 0.006861 0.013953
34 0.279189 0.775050 0.018060 0.013958
34 0.384764 0.774952 0.018541 0.014052
33 0.304388 0.496338 0.024400 0.011924
33 0.432457 0.495845 0.017359 0.011855
33 0.413579 0.424483 0.014418 0.012551
33 0.545616 0.394829 0.011092 0.014121
33 0.586652 0.394830 0.011535 0.012237
33 0.593889 0.427632 0.016589 0.012300
33 0.540857 0.427043 0.016021 0.012189
33 0.307528 0.730361 0.020274 0.017763
33 0.220653 0.534392 0.024621 0.012864
