33 0.427866 0.440403 0.013946 0.011602
35 0.809343 0.251761 0.008525 0.028287
35 0.822281 0.252334 0.008648 0.027210
35 0.900906 0.254199 0.009285 0.027977
35 0.913987 0.254166 0.009045 0.028196
34 0.193509 0.112965 0.057623 0.026358
34 0.737786 0.081194 0.020802 0.016552
34 0.704119 0.208649 0.003568 0.012910
34 0.529183 0.232040 0.021501 0.015366
34 0.883876 0.246547 0.020210 0.016760
34 0.881447 0.225019 0.020550 0.016860
34 0.353696 0.378095 0.021452 0.017096
34 0.533903 0.368058 0.020788 0.016754
34 0.837897 0.249852 0.020806 0.017971
34 0.177076 0.786436 0.022286 0.016127
34 0.194396 0.610134 0.031958 0.007951
34 0.844371 0.507789 0.043469 0.031137
34 0.763977 0.783632 0.021112 0.016549
34 0.196964 0.867706 0.055024 0.016193
34 0.885749 0.533031 0.035278 0.021046
34 0.183488 0.822284 0.019716 0.015956
34 0.325043 0.750999 0.021183 0.015363
20 0.351527 0.143356 0.065923 0.105218
20 0.194550 0.142676 0.067504 0.103175
3 0.854412 0.249275 0.012857 0.019439
3 0.765614 0.504474 0.012667 0.016871
33 0.407136 0.471867 0.012222 0.011240
34 0.560760 0.091471 0.005042 0.013833
34 0.607206 0.027278 0.019098 0.010373
35 0.857324 0.278799 0.008930 0.026044
35 0.751311 0.131233 0.008360 0.027942
35 0.185257 0.329141 0.018378 0.011818
35 0.497429 0.275993 0.019025 0.011234
35 0.445971 0.329072 0.019186 0.012103
35 0.643804 0.494957 0.019664 0.011755
35 0.676980 0.262827 0.008735 0.027506
35 0.595522 0.255665 0.019702 0.012163
35 0.836062 0.466714 0.019863 0.013691
35 0.874807 0.332515 0.019569 0.012656
35 0.878369 0.423197 0.008797 0.028264
35 0.850817 0.423089 0.008636 0.028384
35 0.765327 0.277334 0.008987 0.027954
35 0.778474 0.277318 0.009176 0.028014
35 0.791676 0.423189 0.009069 0.028720
35 0.870765 0.279627 0.008685 0.027603
35 0.821092 0.423099 0.009025 0.027891
35 0.907384 0.423384 0.008862 0.028079
35 0.961639 0.269545 0.008934 0.027977
35 0.948328 0.269544 0.008485 0.027877
35 0.325157 0.661210 0.008985 0.028416
35 0.192774 0.651448 0.019512 0.012568
35 0.192506 0.618990 0.019363 0.011989
35 0.371151 0.561803 0.019188 0.010952
35 0.490827 0.702887 0.019486 0.011319
35 0.648718 0.551824 0.019780 0.012300
35 0.667880 0.619504 0.019398 0.012950
35 0.585266 0.589785 0.019033 0.011516
35 0.667267 0.677220 0.019639 0.011778
35 0.812135 0.508830 0.019722 0.012582
35 0.743155 0.688987 0.008807 0.027526
35 0.927540 0.556907 0.009243 0.027418
35 0.887011 0.557072 0.008604 0.027578
35 0.147600 0.799560 0.019120 0.013083
35 0.261467 0.848480 0.008344 0.027771
35 0.196704 0.847368 0.008820 0.027697
35 0.236486 0.770908 0.019462 0.012052
35 0.236766 0.785023 0.019390 0.012234
35 0.509563 0.835765 0.019613 0.013052
35 0.693465 0.807065 0.019093 0.012864
35 0.672911 0.903578 0.019456 0.012502
35 0.673100 0.870218 0.019363 0.012593
35 0.566062 0.846409 0.008787 0.027558
35 0.693595 0.836954 0.019535 0.013092
35 0.536683 0.896966 0.016956 0.014543
35 0.823283 0.795137 0.019563 0.013756
34 0.637762 0.824952 0.021221 0.015295
34 0.646547 0.890787 0.021970 0.015714
34 0.562910 0.820496 0.005457 0.010636
34 0.704146 0.871123 0.043179 0.028196
34 0.705055 0.901673 0.043161 0.027979
34 0.583193 0.845581 0.020898 0.017256
34 0.662167 0.802476 0.009027 0.006395
34 0.618150 0.888598 0.021469 0.015554
34 0.565924 0.867850 0.031581 0.016309
34 0.593577 0.823092 0.005425 0.011650
34 0.718717 0.823299 0.030193 0.022135
34 0.289771 0.151798 0.022218 0.016404
34 0.296864 0.132620 0.020800 0.016794
34 0.270540 0.115255 0.005407 0.011205
34 0.252253 0.086867 0.005111 0.012998
34 0.221737 0.230291 0.008489 0.007256
34 0.097044 0.208827 0.018189 0.013494
34 0.097487 0.228125 0.018632 0.012551
34 0.138815 0.134065 0.019911 0.017153
34 0.106635 0.248091 0.005252 0.014067
34 0.141121 0.066696 0.020119 0.018025
34 0.790257 0.809959 0.020675 0.015882
34 0.491472 0.229148 0.005220 0.010510
34 0.507734 0.206324 0.020927 0.016016
34 0.399489 0.112347 0.020602 0.016914
34 0.445025 0.235637 0.005490 0.013651
34 0.446827 0.121166 0.021459 0.018302
34 0.393620 0.030460 0.008187 0.007372
34 0.396317 0.247582 0.005318 0.013482
34 0.506834 0.288643 0.023737 0.006355
34 0.410259 0.090259 0.005171 0.012630
34 0.186371 0.066362 0.020514 0.017831
34 0.310316 0.176513 0.008775 0.006563
34 0.350867 0.206082 0.021525 0.015754
34 0.570775 0.245493 0.020884 0.015426
34 0.578483 0.115658 0.020991 0.016840
34 0.635328 0.027797 0.020222 0.011137
34 0.666792 0.152221 0.021791 0.016594
34 0.662753 0.048572 0.022258 0.015930
34 0.631312 0.160272 0.009160 0.007885
34 0.405376 0.236855 0.005711 0.014092
34 0.510565 0.096297 0.056581 0.025617
34 0.445912 0.045751 0.009575 0.007221
34 0.734157 0.103954 0.021074 0.015945
34 0.638223 0.242714 0.021958 0.032320
34 0.660435 0.188186 0.021100 0.017011
34 0.594293 0.246069 0.024827 0.009487
34 0.637969 0.146744 0.019698 0.016036
34 0.604904 0.094942 0.005627 0.012961
34 0.652591 0.215274 0.019795 0.016372
34 0.729651 0.034940 0.020278 0.016549
34 0.810144 0.103246 0.020324 0.017498
34 0.744712 0.051139 0.009319 0.007184
34 0.750204 0.155711 0.031469 0.021100
34 0.849559 0.151090 0.048578 0.016629
34 0.746371 0.248216 0.019571 0.016939
34 0.860172 0.051231 0.008749 0.006959
34 0.806219 0.196855 0.005109 0.010735
34 0.791225 0.243700 0.019851 0.016783
34 0.854251 0.202656 0.005028 0.011473
34 0.832183 0.185543 0.008999 0.007660
34 0.789325 0.223269 0.021019 0.016626
34 0.140095 0.457032 0.004637 0.013859
34 0.945312 0.204591 0.005089 0.011194
34 0.928724 0.239970 0.021178 0.017455
34 0.974963 0.236832 0.020945 0.016902
34 0.897516 0.197636 0.005346 0.011300
34 0.927441 0.218036 0.020502 0.017059
34 0.891057 0.102442 0.020888 0.018131
34 0.773084 0.035333 0.020778 0.017142
34 0.856489 0.095651 0.019629 0.016307
34 0.836543 0.218568 0.020919 0.016651
34 0.761772 0.207581 0.005288 0.011297
34 0.844171 0.076469 0.020191 0.015999
34 0.305707 0.298662 0.005020 0.011305
34 0.098404 0.468207 0.005780 0.013041
34 0.129074 0.437173 0.019986 0.016478
34 0.130445 0.290105 0.020419 0.016780
34 0.163344 0.484957 0.020467 0.016680
34 0.106870 0.251965 0.005236 0.005759
34 0.139919 0.255637 0.005016 0.013126
34 0.130185 0.367154 0.020214 0.016754
34 0.185159 0.318797 0.025064 0.009176
34 0.168274 0.460834 0.020222 0.016674
34 0.162195 0.318190 0.019555 0.015731
34 0.149878 0.324756 0.007158 0.007506
34 0.532684 0.452967 0.004966 0.014830
34 0.421151 0.318118 0.021307 0.015637
34 0.495895 0.263646 0.033257 0.014788
34 0.513566 0.386566 0.009496 0.007221
34 0.269278 0.492901 0.005252 0.013263
34 0.285663 0.492126 0.005411 0.011502
34 0.216963 0.386674 0.009776 0.007398
34 0.239509 0.298643 0.005292 0.011063
34 0.460657 0.419249 0.005117 0.011197
34 0.522010 0.427727 0.020830 0.016030
34 0.447013 0.319195 0.024607 0.009156
34 0.406339 0.423518 0.020985 0.016355
34 0.505729 0.492937 0.021293 0.016874
34 0.446193 0.441019 0.021112 0.016959
34 0.444574 0.495591 0.028237 0.033924
34 0.396451 0.251656 0.005042 0.005113
34 0.416514 0.403331 0.005518 0.013918
34 0.692796 0.400949 0.007752 0.007159
34 0.390266 0.471462 0.021305 0.017042
34 0.439012 0.463634 0.021199 0.016780
34 0.476987 0.480151 0.020715 0.016552
34 0.505631 0.293605 0.021245 0.015885
34 0.405183 0.324999 0.007228 0.007455
34 0.481496 0.369870 0.021033 0.016612
34 0.385760 0.291133 0.020985 0.016589
34 0.385965 0.367630 0.020870 0.016480
34 0.539312 0.322230 0.020824 0.016617
34 0.578730 0.373269 0.021050 0.016597
34 0.541914 0.271684 0.009504 0.007808
34 0.671114 0.474146 0.021720 0.016415
34 0.688650 0.490647 0.007724 0.007028
34 0.645011 0.481318 0.028697 0.015175
34 0.691825 0.299246 0.007800 0.007207
34 0.674598 0.417274 0.021384 0.016452
34 0.673563 0.315561 0.021307 0.016560
34 0.578834 0.354772 0.021350 0.016167
34 0.558613 0.252167 0.007190 0.006187
34 0.772529 0.302994 0.034498 0.020544
34 0.721142 0.407794 0.020375 0.017789
34 0.767351 0.450460 0.021011 0.016788
34 0.777682 0.391818 0.020453 0.016803
34 0.791839 0.454627 0.021080 0.015882
34 0.559950 0.340144 0.007353 0.007407
34 0.677418 0.283064 0.028382 0.014893
34 0.539589 0.300259 0.020818 0.016358
34 0.694581 0.355328 0.005193 0.011505
34 0.605144 0.367685 0.005288 0.012759
34 0.555452 0.484241 0.021348 0.016882
34 0.562446 0.455031 0.021229 0.016646
34 0.721170 0.320023 0.021467 0.015851
34 0.847452 0.376620 0.004919 0.011365
34 0.816358 0.277680 0.034521 0.020644
34 0.840497 0.320333 0.020022 0.015663
34 0.737165 0.445767 0.005546 0.011374
34 0.731938 0.287256 0.005218 0.012431
34 0.813728 0.454731 0.020534 0.015822
34 0.705837 0.466805 0.003120 0.012157
34 0.810092 0.312012 0.020288 0.015913
34 0.722672 0.364792 0.008253 0.006723
34 0.904092 0.376644 0.004901 0.011516
34 0.865183 0.392125 0.021322 0.016104
34 0.837175 0.391992 0.021062 0.016158
34 0.807700 0.391871 0.021380 0.016612
34 0.817769 0.376562 0.005115 0.011522
34 0.788666 0.376549 0.004762 0.011297
34 0.845760 0.444310 0.042117 0.011887
34 0.791619 0.491917 0.022089 0.016669
34 0.765095 0.487284 0.021974 0.016324
34 0.864946 0.305266 0.033824 0.020747
34 0.770369 0.356331 0.021249 0.016327
34 0.776139 0.326582 0.010425 0.008786
34 0.871518 0.467786 0.047246 0.018199
34 0.875254 0.376576 0.005254 0.011379
34 0.129620 0.634745 0.020240 0.016774
34 0.166141 0.605137 0.021428 0.016532
34 0.123414 0.693517 0.020409 0.017720
34 0.151275 0.647011 0.007703 0.006982
34 0.151185 0.614919 0.008074 0.007318
34 0.166834 0.553907 0.020050 0.016740
34 0.139826 0.545661 0.005224 0.012776
34 0.117247 0.503455 0.022274 0.010598
34 0.893586 0.392475 0.021144 0.016486
34 0.955581 0.295645 0.034019 0.020553
34 0.903880 0.335036 0.037087 0.022667
34 0.908339 0.279642 0.034966 0.020584
34 0.324001 0.639654 0.026330 0.014856
34 0.348207 0.520683 0.020532 0.015899
34 0.246464 0.555758 0.020139 0.016845
34 0.310482 0.690004 0.021751 0.017267
34 0.321267 0.511854 0.020838 0.016726
34 0.338047 0.564248 0.022270 0.016509
34 0.166680 0.638410 0.022184 0.016500
34 0.191941 0.560541 0.019942 0.016324
34 0.173180 0.698521 0.020405 0.016728
34 0.169627 0.517464 0.028324 0.033525
34 0.454020 0.711097 0.009390 0.007016
34 0.480641 0.656017 0.021737 0.016520
34 0.322355 0.704822 0.005218 0.011319
34 0.297692 0.543863 0.005437 0.011049
34 0.254952 0.729895 0.008900 0.007090
34 0.193224 0.641357 0.033628 0.010453
34 0.215304 0.564015 0.019750 0.016911
34 0.236233 0.711006 0.009089 0.007290
34 0.521920 0.632555 0.021237 0.016093
34 0.490018 0.693116 0.032103 0.008963
34 0.438373 0.556094 0.022226 0.015922
34 0.520016 0.610335 0.020987 0.017603
34 0.464243 0.672650 0.009247 0.006737
34 0.406283 0.634659 0.021124 0.015680
34 0.391590 0.730499 0.019704 0.016563
34 0.516267 0.657314 0.020649 0.016435
34 0.444319 0.527726 0.020806 0.016877
34 0.502938 0.562122 0.020957 0.016002
34 0.477065 0.547893 0.020911 0.016292
34 0.654843 0.590529 0.020576 0.011653
34 0.647054 0.538511 0.041674 0.016116
34 0.532884 0.562761 0.004885 0.014648
34 0.416681 0.513874 0.005216 0.011231
34 0.416793 0.587734 0.005318 0.012864
34 0.412340 0.558008 0.007855 0.007136
34 0.403678 0.612863 0.020919 0.016372
34 0.369194 0.552914 0.031600 0.008906
34 0.400305 0.659047 0.021118 0.016857
34 0.371136 0.517464 0.020882 0.015982
34 0.397698 0.547880 0.021448 0.016290
34 0.521974 0.690898 0.021938 0.015634
34 0.558872 0.575239 0.021563 0.015876
34 0.661407 0.513524 0.019752 0.015933
34 0.587395 0.580742 0.031974 0.009493
34 0.555121 0.656265 0.021551 0.016446
34 0.562317 0.515524 0.029589 0.034064
34 0.532779 0.535771 0.005083 0.013491
34 0.539776 0.689171 0.005439 0.012254
34 0.653758 0.711193 0.009043 0.006592
34 0.667180 0.667110 0.033956 0.010493
34 0.530538 0.691173 0.004649 0.016446
34 0.626909 0.590731 0.020635 0.012223
34 0.685660 0.786834 0.017697 0.006270
34 0.610122 0.633832 0.020989 0.015956
34 0.614108 0.692251 0.020411 0.015794
34 0.743057 0.670634 0.010631 0.008182
34 0.814700 0.717308 0.008836 0.006580
34 0.836679 0.705758 0.020461 0.017125
34 0.879374 0.692958 0.020953 0.017048
34 0.786995 0.698605 0.021533 0.017068
34 0.879926 0.724563 0.021469 0.016922
34 0.786505 0.667437 0.021563 0.017706
34 0.790224 0.780085 0.020407 0.012237
34 0.818394 0.780244 0.020407 0.012553
34 0.689456 0.546952 0.007869 0.007196
34 0.544265 0.585382 0.009102 0.007515
34 0.691565 0.731516 0.009351 0.007147
34 0.668608 0.609394 0.036237 0.009282
34 0.560005 0.552670 0.021187 0.016626
34 0.885407 0.616703 0.009428 0.007085
34 0.740184 0.725606 0.005671 0.010898
34 0.882419 0.666780 0.021225 0.016848
34 0.755950 0.713773 0.021622 0.017224
34 0.879920 0.640584 0.021098 0.016523
34 0.839907 0.679062 0.021052 0.017441
34 0.802549 0.639672 0.005022 0.013109
34 0.837036 0.652407 0.020570 0.017900
34 0.224873 0.794862 0.007957 0.007438
34 0.308597 0.802390 0.009003 0.007036
34 0.260992 0.869249 0.055546 0.015506
34 0.264695 0.766832 0.007246 0.007925
34 0.164289 0.794897 0.008348 0.007361
34 0.121946 0.799239 0.030500 0.016193
34 0.924387 0.579386 0.005050 0.011140
34 0.926217 0.532736 0.035552 0.022274
34 0.883715 0.580097 0.004980 0.010795
34 0.912124 0.641396 0.021642 0.017258
34 0.484716 0.823589 0.020383 0.015985
34 0.499270 0.883918 0.022017 0.016563
34 0.466780 0.831582 0.008008 0.007159
34 0.467755 0.892679 0.007826 0.007797
34 0.531527 0.865041 0.020109 0.010664
34 0.193301 0.806830 0.004974 0.011220
34 0.257950 0.806423 0.004958 0.010140
34 0.263922 0.781432 0.007212 0.006740
34 0.247073 0.822045 0.021160 0.017119
34 0.321944 0.821325 0.020633 0.016147
34 0.214262 0.785016 0.024639 0.009074
34 0.220552 0.771084 0.009923 0.007851
34 0.623538 0.758599 0.009216 0.006814
34 0.661729 0.832384 0.008769 0.007173
34 0.685852 0.788836 0.017844 0.012667
34 0.646544 0.857824 0.021646 0.016275
34 0.661334 0.789317 0.019637 0.010821
34 0.542920 0.802109 0.009450 0.007506
34 0.637454 0.794357 0.021571 0.015777
34 0.617806 0.855752 0.021467 0.015688
34 0.504369 0.865313 0.020346 0.011961
34 0.452953 0.847226 0.005226 0.010507
34 0.551933 0.896347 0.012919 0.015571
34 0.433230 0.832699 0.020989 0.016546
34 0.393365 0.758320 0.009067 0.006945
34 0.534387 0.837318 0.026642 0.027979
34 0.351638 0.110926 0.057043 0.025187
34 0.344716 0.066510 0.020564 0.016828
34 0.229982 0.204584 0.019041 0.015876
34 0.261937 0.192847 0.021074 0.015942
34 0.299353 0.066804 0.021064 0.017660
34 0.257086 0.152298 0.022206 0.016674
34 0.286554 0.264765 0.021231 0.016894
34 0.284110 0.192630 0.021092 0.016335
34 0.236607 0.176486 0.008890 0.006498
34 0.241869 0.113502 0.020798 0.016774
34 0.190242 0.086164 0.005101 0.010909
34 0.322160 0.204114 0.020266 0.015814
34 0.348456 0.086200 0.005066 0.011060
34 0.847863 0.796412 0.028779 0.023596
34 0.744602 0.791344 0.008983 0.007372
34 0.192580 0.206176 0.019853 0.015771
33 0.153495 0.132263 0.008650 0.018512
33 0.312150 0.133205 0.009760 0.018515
33 0.462377 0.120024 0.009093 0.015375
33 0.546724 0.231500 0.012147 0.012132
33 0.154446 0.459203 0.008783 0.013209
33 0.132028 0.499617 0.009245 0.013471
33 0.524145 0.493105 0.013519 0.012257
33 0.546171 0.453508 0.010868 0.017258
33 0.135422 0.502146 0.016964 0.007997
33 0.150326 0.553601 0.011962 0.011852
33 0.427159 0.528383 0.013169 0.012143
33 0.542759 0.551644 0.012411 0.011975
29 0.850619 0.146761 0.113133 0.048695
22 0.157180 0.065038 0.012514 0.016689
22 0.171022 0.064867 0.011795 0.016347
22 0.329519 0.065378 0.010351 0.016005
22 0.314715 0.066399 0.011553 0.015323
22 0.142979 0.485560 0.019738 0.025198
22 0.419774 0.464620 0.017812 0.024178
22 0.536660 0.485574 0.016849 0.024018
21 0.494272 0.241770 0.006980 0.011929
21 0.665022 0.227988 0.006692 0.009689
21 0.868361 0.111783 0.006835 0.010308
21 0.832070 0.091852 0.006662 0.010573
21 0.110123 0.266610 0.006499 0.012941
21 0.518226 0.308125 0.006368 0.010408
21 0.448145 0.267508 0.007498 0.010490
21 0.408690 0.267243 0.006984 0.010610
21 0.686080 0.331788 0.006636 0.010051
21 0.687438 0.433577 0.006878 0.010903
21 0.566184 0.388834 0.007037 0.010613
21 0.403956 0.745797 0.007264 0.011325
21 0.622622 0.649364 0.007021 0.010744
21 0.686076 0.525794 0.007115 0.010276
21 0.601996 0.706915 0.006559 0.010279
21 0.898800 0.653732 0.006589 0.009880
21 0.334693 0.836505 0.007222 0.009875
21 0.445784 0.847960 0.006660 0.010596
21 0.777251 0.824061 0.006948 0.010390
20 0.507270 0.134843 0.077268 0.127692
15 0.173188 0.716757 0.012758 0.016005
15 0.420187 0.612167 0.011265 0.015038
15 0.535925 0.610929 0.011104 0.014939
15 0.865880 0.666486 0.011386 0.014876
15 0.823168 0.679471 0.010614 0.016344
13 0.675349 0.517533 0.008465 0.015859
11 0.419602 0.494704 0.020191 0.027817
11 0.143225 0.515795 0.021027 0.028102
11 0.537165 0.515368 0.017923 0.027697
6 0.340317 0.079241 0.003366 0.003776
6 0.337066 0.078830 0.003366 0.003941
6 0.182103 0.079202 0.002808 0.004543
6 0.179143 0.078847 0.002911 0.003833
6 0.650362 0.134164 0.005054 0.006469
6 0.841834 0.056186 0.004091 0.005788
6 0.749643 0.332499 0.004573 0.006469
6 0.420664 0.521441 0.005224 0.004597
6 0.536013 0.546331 0.003634 0.006130
6 0.913886 0.594466 0.004396 0.004286
6 0.901940 0.594188 0.002397 0.004409
5 0.677251 0.188287 0.012730 0.010430
5 0.751354 0.104149 0.012873 0.010544
5 0.767383 0.466944 0.007272 0.017683
5 0.192176 0.576955 0.007977 0.017854
5 0.370969 0.532871 0.008122 0.017404
5 0.502658 0.577126 0.008334 0.017284
5 0.791487 0.508508 0.007990 0.017244
5 0.617863 0.903718 0.008711 0.017569
5 0.617576 0.870862 0.007718 0.016777
4 0.729864 0.052105 0.012653 0.018150
4 0.803133 0.668572 0.013054 0.017743
4 0.820653 0.651039 0.014202 0.018048
4 0.863129 0.640469 0.013163 0.017250
3 0.662935 0.030816 0.012857 0.017820
3 0.806583 0.222729 0.013380 0.017392
3 0.772758 0.052224 0.012720 0.017672
3 0.762746 0.248149 0.012941 0.018111
3 0.898288 0.224610 0.013135 0.017410
3 0.945839 0.240432 0.013362 0.017284
3 0.269757 0.264450 0.012834 0.017603
3 0.481985 0.387072 0.012589 0.017786
3 0.672020 0.490694 0.012609 0.017216
3 0.551060 0.367026 0.012969 0.016862
3 0.738486 0.406495 0.013701 0.018393
3 0.810167 0.328541 0.012425 0.017754
3 0.140924 0.692647 0.013463 0.017030
3 0.321057 0.529055 0.012754 0.017324
3 0.246777 0.572907 0.012998 0.017846
3 0.481308 0.673111 0.012242 0.017791
3 0.417546 0.658539 0.013227 0.017655
3 0.438322 0.572938 0.013058 0.017903
3 0.460882 0.547801 0.013058 0.017016
3 0.554754 0.673223 0.012462 0.017931
3 0.534161 0.657113 0.011916 0.017458
3 0.820515 0.705155 0.012468 0.017600
3 0.803160 0.700720 0.013423 0.017546
3 0.863143 0.692036 0.012744 0.017877
1 0.823949 0.102387 0.006581 0.017159
1 0.877600 0.102364 0.006505 0.016948
1 0.143486 0.291473 0.006960 0.017623
1 0.399613 0.291412 0.007184 0.017843
1 0.463821 0.479796 0.006670 0.017176
1 0.553636 0.299969 0.006837 0.017042
1 0.770054 0.368852 0.012772 0.010875
1 0.720771 0.332525 0.012395 0.010225
1 0.791532 0.467137 0.012488 0.010524
1 0.143435 0.634322 0.007147 0.017563
1 0.337857 0.576731 0.012357 0.010014
1 0.215598 0.576633 0.012260 0.010034
1 0.347826 0.533155 0.012313 0.009980
1 0.420229 0.633876 0.007274 0.017492
1 0.536097 0.632498 0.006896 0.016720
1 0.866063 0.724699 0.006759 0.017247
0 0.143596 0.287146 0.006954 0.009350
0 0.262054 0.205170 0.011730 0.009507
0 0.337350 0.205972 0.004406 0.010958
0 0.179437 0.205979 0.004273 0.010727
0 0.242716 0.204460 0.006575 0.016831
0 0.283287 0.205162 0.011775 0.009578
0 0.308776 0.204447 0.006892 0.017096
0 0.256400 0.164772 0.011845 0.009151
0 0.255466 0.113416 0.006682 0.016988
0 0.289524 0.164856 0.011855 0.009410
0 0.413370 0.111744 0.006930 0.016928
0 0.494454 0.205744 0.003989 0.010422
0 0.518451 0.290235 0.004371 0.003149
0 0.665086 0.215181 0.004120 0.010487
0 0.666421 0.165127 0.012065 0.009598
0 0.563982 0.115492 0.006831 0.017150
0 0.650031 0.146945 0.004039 0.010801
0 0.822238 0.218287 0.007071 0.017600
0 0.868462 0.096158 0.004124 0.010750
0 0.832181 0.076191 0.004011 0.010479
0 0.778325 0.244031 0.006819 0.017415
0 0.751518 0.080449 0.006888 0.017113
0 0.870546 0.246439 0.006898 0.016777
0 0.961514 0.236099 0.006928 0.016962
0 0.913704 0.220402 0.007133 0.017173
0 0.143471 0.367174 0.006898 0.016629
0 0.143437 0.437123 0.007168 0.016834
0 0.162689 0.328946 0.007454 0.005808
0 0.353317 0.391287 0.012012 0.010108
0 0.518334 0.294085 0.004380 0.010963
0 0.421223 0.329010 0.007816 0.005794
0 0.420167 0.422981 0.007212 0.017070
0 0.399564 0.367184 0.006956 0.016620
0 0.570659 0.255769 0.007429 0.005645
0 0.686200 0.314390 0.004079 0.010553
0 0.566234 0.354820 0.003854 0.009858
0 0.566208 0.373146 0.003963 0.010698
0 0.536053 0.427224 0.007021 0.016780
0 0.553550 0.321770 0.007063 0.017150
0 0.687427 0.416549 0.003993 0.010333
0 0.878479 0.392204 0.007055 0.017204
0 0.813045 0.467250 0.011795 0.009843
0 0.821061 0.392192 0.006827 0.017082
0 0.840492 0.332823 0.011873 0.009248
0 0.850678 0.392173 0.006924 0.017182
0 0.791719 0.392183 0.006960 0.017122
0 0.907286 0.392193 0.007031 0.017147
0 0.166166 0.618641 0.012413 0.010048
0 0.166140 0.651268 0.012212 0.009604
0 0.324987 0.690628 0.006791 0.017199
0 0.404285 0.730178 0.004214 0.011140
0 0.397412 0.561661 0.012419 0.009855
0 0.521917 0.703206 0.012178 0.009735
0 0.622801 0.633733 0.004023 0.010465
0 0.602017 0.691254 0.003739 0.011131
0 0.558821 0.589017 0.012254 0.010105
0 0.743040 0.713210 0.004226 0.010524
0 0.898965 0.640286 0.004081 0.010872
0 0.176871 0.799678 0.012220 0.010214
0 0.196476 0.822808 0.007210 0.017050
0 0.254374 0.771271 0.007762 0.005791
0 0.254364 0.785007 0.007863 0.006703
0 0.324541 0.763494 0.012023 0.010048
0 0.261370 0.823106 0.006922 0.017059
0 0.334762 0.821086 0.004130 0.010333
0 0.499663 0.897602 0.012097 0.009983
0 0.446178 0.832160 0.004214 0.010567
0 0.484718 0.836271 0.011902 0.009407
0 0.637711 0.837194 0.011851 0.009652
0 0.646386 0.870486 0.011914 0.009379
0 0.637451 0.807160 0.011980 0.009818
0 0.646470 0.903802 0.012121 0.009849
0 0.596943 0.845785 0.007141 0.017133
0 0.763755 0.795912 0.011898 0.009858
0 0.777453 0.809674 0.004108 0.010844
