35 0.738319 0.759755 0.017963 0.011285
35 0.576722 0.534355 0.007925 0.012967
35 0.242988 0.709761 0.021467 0.013719
35 0.328146 0.742476 0.007568 0.024810
35 0.500311 0.616493 0.007818 0.025754
35 0.427093 0.536422 0.007474 0.025651
35 0.576643 0.540708 0.007657 0.025395
34 0.140948 0.187400 0.018141 0.016498
34 0.085354 0.196989 0.017959 0.014879
34 0.169764 0.187639 0.018997 0.016281
34 0.160702 0.109715 0.023104 0.010499
34 0.238838 0.109481 0.022905 0.009005
34 0.350370 0.109270 0.021855 0.008720
34 0.195871 0.199050 0.019241 0.016195
34 0.215227 0.109393 0.021847 0.008527
34 0.297163 0.110623 0.024378 0.010747
34 0.258471 0.199890 0.018807 0.014383
34 0.331666 0.198963 0.018642 0.016261
34 0.276425 0.187345 0.019039 0.016389
34 0.305852 0.187551 0.018707 0.015950
34 0.504418 0.109903 0.023332 0.008726
34 0.375954 0.109410 0.019958 0.008344
34 0.439179 0.109627 0.023157 0.010636
34 0.393685 0.199440 0.018719 0.014890
34 0.484403 0.200064 0.019007 0.015922
34 0.418226 0.187278 0.019031 0.016654
34 0.461848 0.187522 0.018930 0.016406
34 0.635095 0.187619 0.018775 0.016042
34 0.553491 0.109201 0.023735 0.009413
34 0.676377 0.110408 0.021936 0.008561
34 0.700185 0.110995 0.022925 0.008082
34 0.620131 0.110509 0.024432 0.010781
34 0.571698 0.032506 0.016914 0.012622
34 0.657270 0.200255 0.018602 0.015204
34 0.571695 0.199573 0.018423 0.014659
34 0.597162 0.187337 0.019041 0.016623
34 0.549639 0.065479 0.023630 0.025588
34 0.876293 0.110499 0.021225 0.009547
34 0.756121 0.110497 0.024543 0.010821
34 0.791913 0.199678 0.018060 0.014403
34 0.812202 0.109843 0.023509 0.009028
34 0.767821 0.187639 0.018394 0.016064
34 0.836221 0.109795 0.020709 0.008681
34 0.719176 0.200312 0.018952 0.015289
34 0.854063 0.200512 0.017985 0.014594
34 0.879723 0.187371 0.018072 0.016452
34 0.744490 0.187385 0.018815 0.016429
34 0.953558 0.187317 0.019102 0.016526
34 0.914210 0.109984 0.023292 0.009099
34 0.933526 0.201402 0.018971 0.015332
34 0.100492 0.307675 0.006031 0.013366
34 0.216862 0.390070 0.037705 0.018002
34 0.211643 0.307677 0.006074 0.013166
34 0.310483 0.448931 0.008916 0.007541
34 0.276827 0.341318 0.008670 0.008575
34 0.346718 0.307784 0.006060 0.013106
34 0.420597 0.341518 0.009216 0.008455
34 0.415525 0.439021 0.019623 0.017204
34 0.467656 0.495705 0.018644 0.015805
34 0.467735 0.478264 0.018781 0.015549
34 0.499696 0.307791 0.006152 0.013132
34 0.467718 0.459756 0.018824 0.015916
34 0.387412 0.439004 0.019825 0.017170
34 0.568265 0.367596 0.008830 0.008102
34 0.586994 0.341365 0.009049 0.008595
34 0.672324 0.307692 0.005957 0.012887
34 0.808186 0.311545 0.005759 0.012955
34 0.869876 0.319372 0.009192 0.008427
34 0.342241 0.673846 0.008479 0.008034
34 0.315893 0.722525 0.018910 0.016791
34 0.318150 0.619303 0.023926 0.017643
34 0.296557 0.694966 0.019283 0.016805
34 0.241614 0.690194 0.048300 0.026857
34 0.342246 0.548340 0.006555 0.012645
34 0.277216 0.704317 0.010181 0.008453
34 0.497115 0.788353 0.005020 0.003232
34 0.440064 0.629424 0.005113 0.012083
34 0.517660 0.716319 0.019603 0.016629
34 0.439824 0.534706 0.005377 0.012194
34 0.363508 0.568706 0.009100 0.007643
34 0.420088 0.634893 0.009418 0.007694
34 0.368475 0.583200 0.019573 0.015731
34 0.510930 0.560598 0.019100 0.016318
34 0.489455 0.577410 0.018697 0.016267
34 0.465062 0.674035 0.020250 0.026686
34 0.458897 0.541140 0.009220 0.007723
34 0.406763 0.708209 0.016982 0.013226
34 0.466516 0.580108 0.017012 0.015474
34 0.380272 0.658658 0.019500 0.016973
34 0.478507 0.733642 0.018626 0.016284
34 0.429964 0.608994 0.018457 0.016694
34 0.429920 0.739528 0.018475 0.016988
34 0.414505 0.557893 0.018753 0.016942
34 0.455183 0.561982 0.018280 0.016298
34 0.426633 0.510963 0.026755 0.025426
34 0.406819 0.691362 0.016878 0.013394
34 0.510847 0.577932 0.019212 0.015922
34 0.501496 0.641025 0.027399 0.026113
34 0.414581 0.575547 0.018715 0.016309
34 0.517577 0.733988 0.019468 0.016726
34 0.383854 0.607364 0.005822 0.013189
34 0.490071 0.560161 0.018574 0.016281
34 0.478610 0.716183 0.018735 0.016560
34 0.386021 0.554413 0.019758 0.016686
34 0.420036 0.590628 0.009045 0.007971
34 0.684720 0.573434 0.009416 0.008943
34 0.554829 0.534293 0.005431 0.012360
34 0.589190 0.578307 0.018642 0.016683
34 0.589099 0.560502 0.018455 0.016626
34 0.650253 0.509444 0.006473 0.012898
34 0.594624 0.709191 0.017838 0.013172
34 0.654015 0.674236 0.008590 0.007538
34 0.578717 0.514470 0.027075 0.025503
34 0.539188 0.540938 0.009053 0.007575
34 0.628576 0.610284 0.020012 0.017666
34 0.582884 0.635224 0.009245 0.007478
34 0.544866 0.738876 0.019277 0.016971
34 0.586603 0.658733 0.019607 0.016948
34 0.536195 0.579751 0.015983 0.015722
34 0.594545 0.692722 0.017663 0.012898
34 0.555262 0.629598 0.005028 0.012357
34 0.610905 0.555388 0.019907 0.017130
34 0.607368 0.594553 0.005776 0.013146
34 0.634341 0.568471 0.009271 0.008096
34 0.544326 0.608532 0.019853 0.017076
34 0.544708 0.561785 0.019110 0.016686
34 0.724174 0.712549 0.019750 0.017501
34 0.167928 0.770070 0.019454 0.016617
34 0.199331 0.778693 0.009927 0.007395
34 0.328091 0.767136 0.027452 0.025705
34 0.512181 0.778517 0.009889 0.007663
34 0.512895 0.807874 0.018638 0.016831
34 0.497186 0.793262 0.005798 0.012901
34 0.534419 0.820103 0.009011 0.008242
34 0.628294 0.755048 0.009158 0.008113
34 0.762162 0.761063 0.027272 0.027033
33 0.122581 0.187372 0.017494 0.013668
33 0.187715 0.187176 0.017303 0.012864
33 0.258046 0.186874 0.017583 0.012653
33 0.324350 0.186077 0.018632 0.015061
33 0.403772 0.187139 0.009720 0.012858
33 0.572046 0.046892 0.008959 0.016258
33 0.649868 0.186234 0.011533 0.012867
33 0.582885 0.187170 0.009420 0.012761
33 0.728671 0.187009 0.012311 0.012753
33 0.864420 0.187803 0.012200 0.013491
33 0.783127 0.186706 0.012421 0.012551
33 0.938892 0.187156 0.009730 0.012636
33 0.450407 0.459704 0.014593 0.013212
33 0.450422 0.495603 0.014494 0.013018
33 0.450473 0.478105 0.014525 0.012967
33 0.450967 0.500095 0.014287 0.003896
33 0.450071 0.579406 0.014102 0.012702
33 0.421366 0.692170 0.011507 0.012850
33 0.421467 0.708834 0.011640 0.012727
33 0.579407 0.692670 0.011541 0.012756
33 0.551031 0.579510 0.013219 0.012784
33 0.579266 0.709050 0.011706 0.012610
25 0.160694 0.111205 0.058632 0.076848
25 0.294762 0.110191 0.055520 0.072784
25 0.439721 0.110021 0.075143 0.065001
25 0.620334 0.111205 0.058392 0.080234
25 0.756557 0.111036 0.057196 0.077187
22 0.104363 0.244732 0.013066 0.017638
22 0.350363 0.242742 0.012768 0.018769
22 0.215487 0.243220 0.012867 0.017355
22 0.239527 0.243786 0.011471 0.017358
22 0.503138 0.242898 0.012923 0.017942
22 0.374274 0.243403 0.012693 0.018296
22 0.675975 0.242391 0.012683 0.018957
22 0.553088 0.243236 0.013400 0.019974
22 0.700145 0.244084 0.010770 0.020313
22 0.810760 0.242390 0.012444 0.018282
22 0.835649 0.242898 0.011487 0.017264
22 0.914434 0.243344 0.012865 0.016629
21 0.104474 0.134873 0.007478 0.011713
21 0.104613 0.218980 0.006982 0.010157
21 0.350611 0.218401 0.007879 0.010157
21 0.350761 0.133880 0.006583 0.009595
21 0.374850 0.171555 0.006485 0.017216
21 0.239576 0.218387 0.007182 0.010299
21 0.239675 0.134853 0.007581 0.010020
21 0.215388 0.134148 0.006884 0.010581
21 0.215338 0.218457 0.007381 0.011288
21 0.374987 0.134058 0.010292 0.010157
21 0.503856 0.134735 0.009573 0.011510
21 0.375011 0.218018 0.007585 0.010359
21 0.503568 0.216872 0.007252 0.009578
21 0.553088 0.217169 0.007180 0.013881
21 0.553089 0.134226 0.008137 0.011171
21 0.699958 0.134500 0.007107 0.010493
21 0.676396 0.133844 0.007571 0.010926
21 0.700499 0.216131 0.006025 0.009835
21 0.676112 0.215936 0.007284 0.010151
21 0.811455 0.134098 0.006142 0.009256
21 0.835090 0.134004 0.005876 0.010579
21 0.811254 0.215419 0.007077 0.009823
21 0.835557 0.215323 0.007077 0.009256
21 0.913768 0.133520 0.007097 0.010356
21 0.914322 0.215104 0.006876 0.010983
13 0.385738 0.572599 0.010207 0.018980
13 0.611241 0.572115 0.011966 0.019299
11 0.442413 0.676097 0.023191 0.031630
11 0.557766 0.676331 0.022329 0.031414
5 0.104456 0.195673 0.011249 0.011510
5 0.215153 0.196164 0.010770 0.008646
5 0.350337 0.197236 0.011122 0.008880
5 0.239595 0.197133 0.011193 0.009535
5 0.374837 0.197710 0.010995 0.009134
5 0.503485 0.197653 0.011052 0.009042
5 0.700293 0.198579 0.010973 0.009003
5 0.675823 0.198309 0.010953 0.008575
5 0.552905 0.198066 0.011164 0.009128
5 0.835386 0.199094 0.010808 0.008971
5 0.811271 0.198514 0.011100 0.008729
5 0.842768 0.133059 0.008948 0.007555
5 0.804112 0.134192 0.008546 0.009068
5 0.921462 0.133964 0.009523 0.007979
5 0.913876 0.199246 0.011176 0.009498
1 0.442804 0.608539 0.006865 0.017826
1 0.557928 0.609038 0.006855 0.017694
0 0.104140 0.171613 0.006277 0.018700
0 0.350561 0.172048 0.006783 0.018202
0 0.215154 0.171478 0.006795 0.018663
0 0.239376 0.171753 0.005786 0.017213
0 0.503434 0.171553 0.006924 0.017304
0 0.374669 0.171187 0.006283 0.018344
0 0.552610 0.171129 0.005743 0.018621
0 0.677091 0.171546 0.008344 0.018578
0 0.700730 0.171654 0.006799 0.017922
0 0.811455 0.171594 0.006142 0.018891
0 0.835758 0.171217 0.006142 0.018136
0 0.914322 0.171488 0.007319 0.018512
0 0.414441 0.453534 0.011747 0.008874
0 0.388172 0.453518 0.011924 0.008900
0 0.327968 0.721951 0.005010 0.011784
0 0.296178 0.709528 0.012208 0.010023
0 0.350830 0.618946 0.008707 0.021220
0 0.341433 0.619068 0.007846 0.021465
0 0.477876 0.577149 0.004845 0.011921
0 0.442737 0.562284 0.006928 0.017250
0 0.522942 0.560911 0.004849 0.011653
0 0.368207 0.595449 0.012369 0.009661
0 0.394650 0.658424 0.006944 0.017640
0 0.442660 0.739119 0.007021 0.017315
0 0.466054 0.732751 0.005169 0.012097
0 0.466093 0.716536 0.005010 0.011904
0 0.427118 0.557911 0.004994 0.011793
0 0.427086 0.573383 0.005042 0.011536
0 0.477861 0.560841 0.004960 0.011941
0 0.522959 0.577150 0.004923 0.012055
0 0.530274 0.733118 0.004142 0.011832
0 0.530258 0.716506 0.004110 0.012135
0 0.557909 0.561479 0.006805 0.016860
0 0.576669 0.562427 0.004901 0.011562
34 0.104318 0.109598 0.021465 0.008709
34 0.534481 0.672179 0.022427 0.027019
20 0.172990 0.446328 0.178453 0.167019
33 0.481287 0.187177 0.021632 0.013944
0 0.600217 0.658891 0.007012 0.017572
0 0.558069 0.739028 0.006920 0.016848
0 0.649838 0.613585 0.008270 0.023425
0 0.659163 0.613444 0.007391 0.021730
0 0.576655 0.577663 0.004970 0.012294
0 0.710960 0.712793 0.006706 0.017315
0 0.167577 0.782827 0.012172 0.009724
0 0.500409 0.808042 0.004895 0.012197
