34 0.577108 0.250234 0.025570 0.020274
34 0.667598 0.249977 0.024490 0.020616
34 0.475380 0.249188 0.024801 0.023539
34 0.433179 0.249181 0.025117 0.022613
34 0.383811 0.412864 0.071289 0.036478
34 0.557917 0.498963 0.026309 0.020678
34 0.342744 0.250316 0.026724 0.020439
34 0.202700 0.250262 0.025441 0.020331
34 0.245028 0.250500 0.026958 0.020806
34 0.301139 0.249583 0.025884 0.021650
34 0.070438 0.249665 0.026364 0.021815
34 0.112040 0.249867 0.026876 0.021308
13 0.445033 0.737354 0.014071 0.023280
13 0.802491 0.735747 0.012460 0.021736
3 0.681464 0.324421 0.016396 0.022670
13 0.910108 0.736472 0.013310 0.022907
11 0.276266 0.608698 0.025506 0.035127
11 0.506870 0.608631 0.025868 0.035095
11 0.741245 0.608498 0.025427 0.035093
11 0.971590 0.608683 0.025207 0.034659
3 0.126308 0.324473 0.016440 0.022665
3 0.083965 0.324430 0.016277 0.022625
3 0.314372 0.324349 0.016444 0.022685
3 0.258913 0.324457 0.016682 0.022975
3 0.216792 0.324403 0.016626 0.023021
3 0.447060 0.324366 0.016521 0.022610
3 0.489492 0.324396 0.016704 0.022864
3 0.591301 0.324451 0.016567 0.022907
3 0.548858 0.324313 0.016362 0.022653
34 0.966151 0.860237 0.008197 0.017150
34 0.858834 0.871660 0.013308 0.011482
34 0.801946 0.788350 0.013276 0.011445
34 0.883651 0.764984 0.013278 0.011593
34 0.736543 0.859709 0.007627 0.018079
34 0.619301 0.896509 0.007985 0.018233
34 0.619243 0.811053 0.007949 0.018093
34 0.623258 0.857974 0.049100 0.032340
34 0.683007 0.871691 0.013612 0.011322
34 0.682885 0.788390 0.013505 0.011690
34 0.621027 0.963240 0.119835 0.034112
34 0.568950 0.788280 0.013239 0.011328
34 0.568901 0.872780 0.013064 0.011231
34 0.384741 0.872465 0.013527 0.011508
34 0.418809 0.764939 0.013525 0.011821
34 0.447678 0.788341 0.013487 0.011240
34 0.502155 0.761831 0.007568 0.018162
34 0.502079 0.859907 0.007603 0.017524
34 0.271814 0.860140 0.007855 0.017435
34 0.271784 0.760019 0.007907 0.017934
0 0.690215 0.560769 0.015042 0.011445
0 0.557878 0.515053 0.015018 0.011268
0 0.690242 0.525643 0.015012 0.011114
0 0.557878 0.477642 0.015050 0.011545
0 0.474906 0.412761 0.014583 0.010835
0 0.244633 0.412769 0.014960 0.010855
0 0.684549 0.250332 0.007707 0.021713
0 0.551971 0.250294 0.007951 0.021926
0 0.594303 0.250359 0.007772 0.021624
0 0.359794 0.250332 0.008112 0.022083
0 0.450109 0.250456 0.007881 0.021294
0 0.492353 0.250419 0.007994 0.021624
0 0.317526 0.250315 0.007949 0.022015
0 0.219947 0.250378 0.007714 0.021462
0 0.262323 0.250353 0.007905 0.021647
0 0.087302 0.250252 0.007955 0.021798
0 0.129678 0.250285 0.007869 0.021755
1 0.957054 0.286632 0.007714 0.021590
1 0.914906 0.286734 0.007391 0.021584
1 0.782366 0.286690 0.007685 0.021656
1 0.824527 0.286721 0.008151 0.021616
1 0.726867 0.286785 0.007639 0.021556
1 0.594327 0.286639 0.007832 0.021804
1 0.684598 0.286694 0.007512 0.021579
1 0.551970 0.286723 0.007949 0.021698
1 0.492355 0.286691 0.008131 0.021801
1 0.450150 0.286734 0.007983 0.021704
1 0.359843 0.286738 0.008131 0.021912
1 0.317548 0.286654 0.007901 0.021653
1 0.262297 0.286788 0.007820 0.021636
1 0.219926 0.286704 0.007782 0.021821
1 0.087290 0.286641 0.007768 0.021815
1 0.129700 0.286751 0.007752 0.021607
3 0.953868 0.324426 0.016148 0.022559
3 0.911494 0.324523 0.015961 0.022297
3 0.723661 0.324430 0.016344 0.022476
3 0.821365 0.324431 0.016585 0.022952
3 0.778923 0.324444 0.016271 0.022659
3 0.609029 0.407223 0.015741 0.022100
33 0.268239 0.698437 0.015645 0.015569
33 0.498401 0.698471 0.016130 0.015774
33 0.732935 0.698457 0.015717 0.015842
33 0.963187 0.698386 0.016156 0.015631
13 0.337662 0.735980 0.012657 0.022129
0 0.914932 0.250849 0.007917 0.021505
0 0.957079 0.250396 0.008421 0.022365
0 0.782342 0.250413 0.008463 0.022400
0 0.726836 0.250614 0.008205 0.021889
0 0.824533 0.250205 0.008638 0.022895
3 0.356610 0.324260 0.017168 0.023596
34 0.711078 0.698078 0.024936 0.022380
34 0.940089 0.250580 0.027591 0.020966
34 0.897697 0.250161 0.025790 0.021895
34 0.807258 0.250576 0.026600 0.020901
34 0.765619 0.250128 0.024873 0.021830
34 0.667267 0.285882 0.025332 0.021869
35 0.432090 0.412733 0.023753 0.017390
35 0.201741 0.412763 0.023642 0.017358
34 0.537655 0.285834 0.018904 0.021807
34 0.619074 0.445950 0.008032 0.018210
34 0.608119 0.385342 0.024651 0.020670
34 0.557408 0.461348 0.025377 0.020946
34 0.703064 0.324347 0.024460 0.020527
34 0.550003 0.413407 0.042830 0.034503
34 0.570447 0.324409 0.024508 0.020712
34 0.660607 0.324558 0.024909 0.021405
34 0.595904 0.470332 0.012705 0.011790
34 0.634179 0.360636 0.013169 0.011758
34 0.392476 0.470098 0.013570 0.011659
34 0.399321 0.360835 0.013179 0.011758
34 0.432617 0.285751 0.025298 0.021602
34 0.445048 0.350881 0.007840 0.017960
34 0.474962 0.285683 0.025250 0.021402
34 0.355510 0.350842 0.006728 0.017911
34 0.487139 0.350806 0.008231 0.018142
34 0.474206 0.396156 0.025109 0.020479
34 0.528132 0.324340 0.025022 0.020804
34 0.426208 0.324359 0.024797 0.020801
34 0.468476 0.324340 0.024780 0.020541
34 0.271346 0.451956 0.008118 0.017786
34 0.195980 0.324355 0.025018 0.020741
34 0.238335 0.324454 0.024583 0.020730
34 0.300258 0.285758 0.025218 0.021485
34 0.335958 0.324402 0.024716 0.020636
34 0.342592 0.285778 0.025087 0.021382
34 0.293522 0.324555 0.025030 0.021148
34 0.244306 0.396127 0.024635 0.020661
34 0.312366 0.350878 0.007867 0.018091
34 0.244644 0.285730 0.025248 0.021451
34 0.202534 0.285761 0.025467 0.021468
34 0.256922 0.350906 0.008010 0.017977
34 0.214633 0.350896 0.008284 0.017945
34 0.124945 0.350920 0.007810 0.017823
34 0.082259 0.350952 0.007935 0.017988
34 0.153787 0.412602 0.071575 0.036871
34 0.112301 0.285728 0.025121 0.021533
34 0.069999 0.285943 0.025135 0.021827
34 0.105695 0.324364 0.024577 0.020670
34 0.063430 0.324585 0.024885 0.021288
34 0.165430 0.360266 0.013241 0.011733
34 0.935934 0.071282 0.013608 0.011815
34 0.708758 0.071620 0.008975 0.012268
34 0.870078 0.160661 0.039482 0.018199
34 0.802596 0.071227 0.013539 0.011647
34 0.710346 0.250117 0.025056 0.021556
34 0.640220 0.160973 0.039706 0.015061
34 0.574855 0.071187 0.013574 0.011442
34 0.535440 0.249981 0.025066 0.021399
34 0.353495 0.283606 0.002720 0.016121
34 0.471645 0.071382 0.013773 0.011508
34 0.404927 0.159249 0.041922 0.016002
34 0.240819 0.071438 0.013689 0.011698
34 0.339855 0.071235 0.013122 0.011562
34 0.185773 0.159248 0.019410 0.017885
34 0.198148 0.283378 0.016275 0.016885
34 0.945910 0.728143 0.013402 0.011841
34 0.914932 0.598830 0.012857 0.011613
34 0.175788 0.159876 0.039927 0.017256
34 0.108117 0.071322 0.012762 0.011633
35 0.624144 0.928391 0.011459 0.034679
35 0.665279 0.412139 0.024059 0.017432
35 0.583700 0.412125 0.024249 0.017028
34 0.909930 0.714262 0.025433 0.020630
34 0.952128 0.586509 0.025675 0.021453
34 0.941195 0.697776 0.025455 0.021975
34 0.768331 0.728410 0.013092 0.011912
34 0.796820 0.599554 0.012766 0.012126
34 0.852115 0.518549 0.012949 0.011376
34 0.829763 0.746177 0.013278 0.012069
34 0.850088 0.670791 0.008354 0.018738
34 0.720459 0.587321 0.025314 0.021237
34 0.803082 0.714350 0.025439 0.020732
34 0.691283 0.544561 0.025173 0.020345
34 0.691159 0.509102 0.025876 0.021254
34 0.595960 0.507867 0.013129 0.011032
34 0.651786 0.518517 0.013233 0.011619
34 0.651803 0.553549 0.013046 0.011334
34 0.476647 0.698005 0.025506 0.022525
34 0.486049 0.586361 0.025667 0.021932
34 0.445329 0.714413 0.025336 0.020892
34 0.480974 0.728179 0.013640 0.011912
34 0.385410 0.671238 0.008233 0.017592
34 0.450323 0.598823 0.013112 0.011872
34 0.364978 0.746178 0.013352 0.011901
34 0.501926 0.503106 0.007945 0.009917
34 0.246386 0.697924 0.025314 0.022351
34 0.332302 0.599554 0.013427 0.012240
34 0.338414 0.714256 0.025336 0.020561
34 0.256130 0.586174 0.025532 0.021274
34 0.303578 0.728443 0.013259 0.011887
34 0.933359 0.324424 0.024426 0.020658
34 0.891830 0.324560 0.022911 0.021191
34 0.897514 0.285784 0.025064 0.021508
34 0.939758 0.285789 0.025036 0.021542
34 0.952290 0.351369 0.008098 0.017922
34 0.909925 0.351536 0.008090 0.017857
34 0.966231 0.468599 0.008034 0.017854
34 0.819576 0.351352 0.008120 0.017917
34 0.758265 0.324345 0.025018 0.020812
34 0.777570 0.351406 0.007935 0.017905
34 0.713148 0.285852 0.017754 0.021753
34 0.807074 0.285774 0.025030 0.021528
34 0.764827 0.285755 0.025467 0.021433
34 0.709807 0.324288 0.011072 0.020767
34 0.800692 0.324414 0.024494 0.020587
34 0.722187 0.351468 0.007609 0.017777
34 0.862372 0.360939 0.013024 0.011767
34 0.679655 0.350836 0.008020 0.018048
34 0.642355 0.405279 0.016418 0.012286
34 0.546906 0.350835 0.007941 0.018216
34 0.589132 0.350839 0.007994 0.018156
34 0.576793 0.285714 0.025379 0.021482
34 0.700717 0.413119 0.043396 0.034451
