0 0.577865 0.806973 0.004674 0.012454
0 0.563131 0.788534 0.008590 0.006671
0 0.713081 0.807608 0.007057 0.018715
0 0.754246 0.805718 0.004825 0.012776
0 0.864161 0.806951 0.004490 0.012260
0 0.849387 0.788616 0.009047 0.006945
0 0.902067 0.768022 0.004682 0.012288
35 0.880846 0.871790 0.020677 0.012670
34 0.728330 0.807043 0.023678 0.018156
34 0.208460 0.217851 0.018334 0.013400
34 0.514128 0.174739 0.193848 0.007615
34 0.778395 0.250933 0.019285 0.013066
34 0.890533 0.337402 0.006489 0.015637
34 0.183625 0.692414 0.047710 0.053668
34 0.539313 0.609533 0.042083 0.014659
34 0.534766 0.626644 0.072272 0.009099
34 0.901957 0.618514 0.025228 0.016862
34 0.199889 0.806254 0.025564 0.018019
34 0.188293 0.844188 0.061086 0.018584
34 0.384955 0.751587 0.052162 0.020758
34 0.508214 0.137283 0.190824 0.009099
34 0.352683 0.294108 0.022853 0.018168
34 0.956038 0.752394 0.053100 0.019692
33 0.176478 0.438321 0.009321 0.011194
33 0.176919 0.410225 0.007867 0.011262
33 0.176182 0.423802 0.008729 0.011302
33 0.193937 0.249826 0.009482 0.012904
33 0.176743 0.493041 0.008924 0.011302
33 0.176608 0.479283 0.009138 0.011784
33 0.477875 0.250244 0.008993 0.011687
33 0.357582 0.311448 0.015606 0.012801
33 0.764494 0.250249 0.008360 0.011072
22 0.553549 0.750492 0.022879 0.034406
22 0.269295 0.750804 0.023280 0.033269
22 0.839733 0.750543 0.022468 0.033431
17 0.265016 0.504828 0.020629 0.027438
17 0.548500 0.505141 0.019519 0.028692
17 0.835030 0.504813 0.019964 0.028720
3 0.356371 0.671076 0.013185 0.016116
35 0.704593 0.080455 0.008662 0.028148
35 0.382218 0.673592 0.016434 0.010011
34 0.476599 0.424877 0.024849 0.013391
34 0.477900 0.445130 0.026505 0.027786
34 0.763301 0.424541 0.026505 0.013391
34 0.764244 0.444963 0.026513 0.027452
34 0.705068 0.104303 0.057840 0.024771
34 0.618458 0.117734 0.008979 0.009011
34 0.638408 0.218155 0.023471 0.018105
34 0.502747 0.156111 0.100481 0.009726
34 0.765266 0.057481 0.005778 0.013001
34 0.769255 0.102199 0.059359 0.023987
34 0.781002 0.233099 0.024764 0.013961
34 0.778884 0.217800 0.019166 0.013742
34 0.826112 0.083695 0.006430 0.013249
34 0.848045 0.034175 0.020212 0.014585
34 0.738427 0.040522 0.009508 0.008795
34 0.678194 0.043346 0.020163 0.014762
34 0.143633 0.384915 0.022012 0.017820
34 0.125816 0.285611 0.006148 0.013400
34 0.144229 0.354280 0.020969 0.017680
34 0.144480 0.494997 0.022256 0.015711
34 0.167899 0.316627 0.025314 0.014184
34 0.164970 0.301174 0.018268 0.013987
34 0.105140 0.459627 0.011311 0.077190
34 0.928714 0.142898 0.041851 0.017310
34 0.947642 0.171302 0.043987 0.041761
34 0.875247 0.033873 0.030856 0.015714
34 0.735110 0.199124 0.018757 0.013653
34 0.737574 0.214386 0.025437 0.014272
34 0.339548 0.325302 0.022258 0.017826
34 0.072824 0.438780 0.013715 0.077578
34 0.181101 0.465573 0.018270 0.013066
34 0.125231 0.409307 0.006670 0.013491
34 0.190684 0.411148 0.018149 0.013041
34 0.098939 0.390323 0.022226 0.017524
34 0.066163 0.275390 0.022274 0.017814
34 0.075259 0.328059 0.006791 0.013064
34 0.095228 0.310611 0.022514 0.018293
34 0.210524 0.298832 0.025238 0.014397
34 0.279197 0.442045 0.022464 0.017455
34 0.248005 0.444423 0.006952 0.017019
34 0.274139 0.355920 0.012714 0.010353
34 0.293699 0.325634 0.006587 0.015526
34 0.190991 0.479883 0.017913 0.013229
34 0.320308 0.358283 0.006849 0.016737
34 0.281380 0.281023 0.022421 0.018467
34 0.193178 0.493648 0.023830 0.013138
34 0.346699 0.264023 0.023560 0.018179
34 0.494690 0.348343 0.023904 0.017273
34 0.408961 0.409429 0.006741 0.013477
34 0.465115 0.465517 0.019271 0.013263
34 0.193259 0.425110 0.025286 0.013805
34 0.191485 0.438759 0.020850 0.014121
34 0.193481 0.452723 0.025729 0.013180
34 0.287165 0.486659 0.027637 0.031357
34 0.242688 0.380009 0.020151 0.016586
34 0.226870 0.460316 0.022121 0.017606
34 0.205258 0.384813 0.012675 0.009678
34 0.238095 0.425456 0.022230 0.017467
34 0.210675 0.348239 0.022764 0.017201
34 0.426991 0.385054 0.023310 0.017865
34 0.428496 0.495581 0.022238 0.015534
34 0.428247 0.354887 0.021116 0.017578
34 0.391619 0.459783 0.010425 0.075623
34 0.474880 0.479820 0.019144 0.013269
34 0.385152 0.377585 0.023878 0.017672
34 0.361828 0.348294 0.006686 0.013494
34 0.409610 0.285636 0.006352 0.013374
34 0.508833 0.460370 0.023390 0.017657
34 0.474521 0.411224 0.019134 0.013123
34 0.359208 0.438296 0.014077 0.077372
34 0.565263 0.280977 0.023765 0.018535
34 0.558047 0.355721 0.013177 0.010524
34 0.531925 0.444402 0.006867 0.016731
34 0.477244 0.493722 0.023868 0.013206
34 0.523059 0.380115 0.021243 0.016486
34 0.448949 0.301097 0.019059 0.013827
34 0.488627 0.385278 0.012363 0.010197
34 0.494521 0.298745 0.024984 0.014486
34 0.381526 0.311129 0.023483 0.018319
34 0.451816 0.316673 0.025272 0.014052
34 0.521487 0.425242 0.023509 0.017848
34 0.730112 0.301200 0.008753 0.013873
34 0.695428 0.409310 0.006666 0.013417
34 0.650518 0.347811 0.006825 0.013719
34 0.649203 0.437662 0.009760 0.078447
34 0.604636 0.363974 0.006404 0.016349
34 0.571237 0.486639 0.028598 0.030929
34 0.623697 0.323235 0.023465 0.018250
34 0.642223 0.293417 0.023527 0.017686
34 0.669686 0.308547 0.023481 0.018096
34 0.563189 0.441986 0.024122 0.017680
34 0.696005 0.285591 0.006148 0.013007
34 0.577538 0.325684 0.006777 0.015973
34 0.635703 0.263934 0.023582 0.018156
34 0.849396 0.441972 0.023674 0.017811
34 0.714785 0.354879 0.021029 0.017555
34 0.774941 0.381287 0.012387 0.009726
34 0.735177 0.301094 0.018904 0.014055
34 0.844474 0.355892 0.013058 0.010496
34 0.851545 0.281040 0.023932 0.018495
34 0.761454 0.479671 0.019275 0.012268
34 0.811485 0.379064 0.023981 0.017119
34 0.761022 0.411252 0.019087 0.013015
34 0.863941 0.325638 0.006936 0.015836
34 0.530767 0.424926 0.005115 0.016845
34 0.531058 0.380447 0.005693 0.017452
34 0.910189 0.296329 0.023566 0.018991
34 0.780796 0.298718 0.025205 0.014466
34 0.857359 0.486707 0.028622 0.031191
34 0.738083 0.316708 0.025578 0.014141
34 0.715168 0.495628 0.021755 0.015457
34 0.778863 0.283290 0.018959 0.013448
34 0.763486 0.493692 0.023963 0.013329
34 0.714570 0.385020 0.020598 0.017962
34 0.780712 0.266194 0.025280 0.014246
34 0.818233 0.444449 0.006857 0.016979
34 0.807606 0.425489 0.023362 0.017737
34 0.795639 0.460113 0.023368 0.017398
34 0.751540 0.465537 0.019051 0.013069
34 0.780985 0.348297 0.023666 0.017261
34 0.309883 0.624571 0.023433 0.017378
34 0.228544 0.554074 0.054013 0.016082
34 0.302934 0.661302 0.021509 0.015748
34 0.295109 0.606376 0.021974 0.017569
34 0.340436 0.720873 0.021888 0.017438
34 0.222388 0.535657 0.011610 0.009735
34 0.243131 0.724802 0.022611 0.017498
34 0.300106 0.720752 0.022101 0.017583
34 0.329396 0.657401 0.021338 0.017464
34 0.204071 0.553307 0.004428 0.015574
34 0.225977 0.610799 0.013529 0.008786
34 0.251707 0.627115 0.069426 0.008159
34 0.269175 0.717144 0.027456 0.031553
34 0.189073 0.621463 0.018425 0.014696
34 0.265067 0.644493 0.023366 0.016007
34 0.304019 0.557335 0.013328 0.009872
34 0.241734 0.644417 0.022119 0.016404
34 0.347003 0.561357 0.035272 0.028926
34 0.255417 0.609015 0.042365 0.015170
34 0.320471 0.731164 0.021914 0.016834
34 0.282854 0.648420 0.006759 0.017313
34 0.234870 0.510640 0.006904 0.017176
34 0.375871 0.686891 0.022403 0.017885
34 0.488441 0.576909 0.012865 0.010040
34 0.395819 0.627955 0.034091 0.028148
34 0.367430 0.711201 0.023133 0.016731
34 0.467352 0.692294 0.050526 0.053520
34 0.526083 0.644070 0.023060 0.016101
34 0.286205 0.549530 0.022510 0.017367
34 0.294433 0.632505 0.011340 0.009034
34 0.339798 0.686281 0.022158 0.016660
34 0.380060 0.655483 0.004585 0.017008
34 0.509084 0.610983 0.011432 0.008897
34 0.527273 0.724937 0.023676 0.017204
34 0.528122 0.574258 0.060145 0.016535
34 0.473071 0.621499 0.019160 0.014557
34 0.512145 0.554269 0.054335 0.015965
34 0.401834 0.722541 0.019865 0.027179
34 0.400671 0.674174 0.022450 0.017489
34 0.359585 0.607878 0.014879 0.017284
34 0.388680 0.655473 0.022043 0.017210
34 0.623724 0.686308 0.023713 0.016737
34 0.590452 0.557532 0.013169 0.009712
34 0.572851 0.549607 0.023598 0.017475
34 0.584033 0.720812 0.023920 0.017543
34 0.684771 0.674142 0.022935 0.017444
34 0.640003 0.607806 0.023862 0.017486
34 0.566809 0.648420 0.006587 0.017090
34 0.578194 0.632543 0.011763 0.009213
34 0.685810 0.722522 0.019944 0.027353
34 0.359646 0.654369 0.014954 0.017201
34 0.518710 0.510594 0.007025 0.017199
34 0.506413 0.535604 0.011928 0.009681
34 0.532953 0.644115 0.009500 0.016341
34 0.591824 0.581479 0.034700 0.026691
34 0.550145 0.644051 0.023638 0.016082
34 0.563536 0.777294 0.023354 0.016617
34 0.579498 0.606569 0.022965 0.017059
34 0.604727 0.731053 0.023427 0.016805
34 0.651531 0.711101 0.023441 0.016777
34 0.613377 0.657424 0.022178 0.017572
34 0.601928 0.768041 0.023151 0.017045
34 0.533666 0.725124 0.010927 0.017247
34 0.635375 0.561540 0.034883 0.028598
34 0.680027 0.627938 0.034631 0.027965
34 0.593353 0.624695 0.023539 0.016976
34 0.672779 0.655514 0.023197 0.017367
34 0.812088 0.644909 0.023656 0.016013
34 0.858679 0.549563 0.023745 0.017649
34 0.839983 0.717307 0.028153 0.031405
34 0.880032 0.624608 0.024549 0.017578
34 0.835634 0.644414 0.023153 0.016198
34 0.795514 0.611060 0.011676 0.008663
34 0.864677 0.632559 0.011533 0.009040
34 0.798841 0.554097 0.053612 0.015973
34 0.659517 0.686577 0.025064 0.016632
34 0.553146 0.717258 0.027931 0.031542
34 0.640195 0.654359 0.021898 0.016748
34 0.624432 0.720815 0.023614 0.017692
34 0.669037 0.751743 0.052063 0.019758
34 0.586850 0.661292 0.022633 0.015831
34 0.904823 0.720720 0.011467 0.017307
34 0.805122 0.510564 0.007061 0.017173
34 0.814544 0.724996 0.023701 0.017344
34 0.849885 0.777427 0.023513 0.016717
34 0.873253 0.661309 0.022748 0.015768
34 0.853108 0.648396 0.006793 0.017344
34 0.792586 0.535610 0.011859 0.009715
34 0.865668 0.606357 0.023060 0.017592
34 0.870342 0.720785 0.023320 0.017512
34 0.759398 0.621498 0.019009 0.014571
34 0.807979 0.785131 0.028977 0.009675
34 0.945707 0.686892 0.024621 0.018515
34 0.910122 0.686292 0.023241 0.016768
34 0.959046 0.655509 0.023435 0.017390
34 0.926293 0.607799 0.023691 0.017313
34 0.926686 0.654352 0.022615 0.016780
34 0.910838 0.720855 0.023247 0.017321
34 0.891584 0.731140 0.021940 0.016951
34 0.933279 0.561425 0.035618 0.029290
34 0.899721 0.657405 0.022210 0.017427
34 0.937741 0.711127 0.023382 0.016743
34 0.822055 0.625861 0.069871 0.010040
34 0.753809 0.692257 0.050822 0.053200
34 0.825879 0.608857 0.042045 0.014734
34 0.237785 0.788397 0.028741 0.018532
34 0.265080 0.865871 0.014003 0.010037
34 0.280373 0.806683 0.022188 0.017811
34 0.125175 0.786713 0.006366 0.013272
34 0.138899 0.841966 0.007379 0.019396
34 0.157874 0.806982 0.023568 0.018490
34 0.971275 0.674088 0.023707 0.017603
34 0.972155 0.722670 0.019982 0.027170
34 0.966370 0.627900 0.034899 0.028111
34 0.886106 0.557230 0.011535 0.009917
34 0.709133 0.841915 0.007347 0.019413
34 0.695404 0.786750 0.006356 0.013158
34 0.441786 0.806992 0.023761 0.018504
34 0.470783 0.844496 0.057730 0.018475
34 0.409237 0.786720 0.006555 0.013172
34 0.483749 0.806117 0.026031 0.018367
34 0.500459 0.885138 0.013082 0.010248
34 0.521846 0.788515 0.028479 0.018752
34 0.422920 0.841681 0.007641 0.019362
34 0.318232 0.768054 0.021904 0.017059
34 0.279525 0.777199 0.023582 0.016768
34 0.481452 0.118300 0.144843 0.008786
34 0.448879 0.199047 0.019160 0.013699
34 0.492352 0.217781 0.019063 0.013705
34 0.492313 0.250985 0.019029 0.013391
34 0.494560 0.266309 0.024974 0.013816
34 0.494772 0.233132 0.024948 0.013787
34 0.492279 0.283508 0.019043 0.013394
34 0.451158 0.214470 0.025278 0.014332
34 0.210561 0.266416 0.025304 0.013762
34 0.208381 0.283775 0.018137 0.014052
34 0.210572 0.233085 0.024936 0.013659
34 0.208397 0.251186 0.018233 0.013901
34 0.349556 0.218018 0.023822 0.018498
34 0.956971 0.890774 0.036517 0.017028
34 0.917921 0.870399 0.053151 0.020211
34 0.890249 0.768188 0.019732 0.017008
33 0.150672 0.213612 0.008253 0.011619
33 0.150846 0.198393 0.008320 0.011490
33 0.194323 0.217203 0.008356 0.011915
33 0.194214 0.232394 0.008215 0.011451
33 0.434761 0.198428 0.008217 0.011317
33 0.478057 0.217137 0.008354 0.012040
33 0.434674 0.213598 0.008211 0.011584
33 0.478071 0.232418 0.008161 0.011402
33 0.720956 0.198514 0.008120 0.011528
33 0.720986 0.213624 0.007967 0.011721
33 0.764501 0.232343 0.008237 0.011525
33 0.764572 0.217273 0.008330 0.011907
33 0.150781 0.300281 0.008407 0.012189
33 0.177063 0.451503 0.008054 0.011197
33 0.071174 0.291717 0.015439 0.012673
33 0.102885 0.405885 0.015387 0.012260
33 0.150777 0.315677 0.008032 0.011365
33 0.161873 0.384876 0.013767 0.011490
33 0.166522 0.464983 0.008282 0.012035
33 0.194182 0.265628 0.007909 0.011599
33 0.280187 0.460181 0.008775 0.018264
33 0.194293 0.282777 0.008413 0.011693
33 0.230438 0.475963 0.015457 0.012365
33 0.194480 0.297556 0.008207 0.012867
33 0.461131 0.492995 0.007895 0.011211
33 0.389403 0.393359 0.015836 0.012673
33 0.477999 0.265453 0.008169 0.011687
33 0.460567 0.410304 0.008201 0.011328
33 0.478051 0.297793 0.008104 0.012052
33 0.434629 0.300346 0.008481 0.012092
33 0.460605 0.479099 0.008382 0.011496
33 0.434656 0.315499 0.008263 0.011647
33 0.460866 0.451546 0.007985 0.011414
33 0.450246 0.465051 0.008131 0.012080
33 0.445744 0.384833 0.014059 0.011034
33 0.460503 0.423936 0.007963 0.011337
33 0.514531 0.475959 0.015782 0.012340
33 0.460867 0.438122 0.008012 0.010693
33 0.478063 0.282518 0.008124 0.011436
33 0.564016 0.460141 0.008894 0.018150
33 0.646567 0.309672 0.015782 0.013001
33 0.764273 0.298340 0.008872 0.013180
33 0.746878 0.410241 0.007844 0.011750
33 0.764482 0.265217 0.008078 0.011602
33 0.747364 0.493098 0.008052 0.011508
33 0.732116 0.384915 0.013999 0.011129
33 0.850441 0.460262 0.008864 0.018188
33 0.736542 0.464903 0.008322 0.012194
33 0.720984 0.315710 0.008036 0.011431
33 0.747096 0.479278 0.008036 0.011539
33 0.720992 0.300321 0.008451 0.012508
33 0.747269 0.438195 0.007951 0.010997
33 0.747246 0.451583 0.008094 0.011294
33 0.764501 0.282539 0.008330 0.011285
33 0.800680 0.475935 0.015510 0.012382
33 0.746688 0.423890 0.008034 0.011354
33 0.174341 0.620789 0.008255 0.011986
33 0.340072 0.739791 0.008963 0.019382
33 0.243944 0.741966 0.008928 0.015930
33 0.300715 0.739969 0.009114 0.019641
33 0.265587 0.660933 0.007826 0.016441
33 0.242558 0.662149 0.008026 0.018928
33 0.458141 0.620717 0.008513 0.012417
33 0.526547 0.662465 0.007663 0.020034
33 0.527881 0.742033 0.008940 0.015899
33 0.530310 0.740218 0.004214 0.012559
33 0.549337 0.660688 0.008110 0.016731
33 0.623875 0.739783 0.009043 0.019179
33 0.584549 0.740057 0.009037 0.019726
33 0.744559 0.620748 0.008328 0.012246
33 0.835849 0.660912 0.007826 0.016130
33 0.812903 0.662439 0.007752 0.019099
33 0.870754 0.740101 0.008963 0.019661
33 0.815207 0.742028 0.008924 0.015865
33 0.910268 0.739775 0.009049 0.019202
21 0.219211 0.419305 0.005768 0.009729
21 0.502021 0.419708 0.006632 0.011602
21 0.787335 0.419363 0.007288 0.012280
21 0.384965 0.709171 0.006432 0.011610
21 0.668787 0.708498 0.006358 0.011445
21 0.954691 0.709171 0.006211 0.011610
21 0.293734 0.824922 0.007045 0.011599
21 0.331698 0.786271 0.007212 0.012052
21 0.183961 0.826482 0.011233 0.019838
21 0.467739 0.826375 0.011638 0.020114
21 0.577831 0.824905 0.006888 0.011639
21 0.615617 0.786181 0.006763 0.011975
21 0.754187 0.826488 0.011614 0.019906
21 0.863941 0.824895 0.006968 0.011556
21 0.901891 0.786252 0.006678 0.011855
6 0.079624 0.216660 0.006158 0.009775
6 0.079665 0.179957 0.006110 0.010316
6 0.366121 0.236962 0.006291 0.009838
6 0.366167 0.200190 0.005671 0.009282
6 0.654879 0.237167 0.005822 0.009216
6 0.654911 0.200171 0.005326 0.009097
6 0.079693 0.495462 0.006432 0.009977
6 0.251783 0.407975 0.004126 0.005982
6 0.366191 0.495386 0.006309 0.009735
6 0.654921 0.495184 0.005898 0.009216
6 0.535807 0.408021 0.004269 0.006312
6 0.822042 0.408007 0.004108 0.005851
6 0.319924 0.631606 0.003423 0.005298
6 0.281664 0.590855 0.004400 0.007478
6 0.565758 0.590714 0.003616 0.006016
6 0.603965 0.630970 0.003421 0.005492
6 0.851847 0.590905 0.004311 0.007264
6 0.889811 0.631979 0.004658 0.007219
5 0.080078 0.243032 0.014865 0.014762
5 0.366198 0.263521 0.015695 0.014959
5 0.654859 0.263039 0.013973 0.013494
3 0.320431 0.747833 0.013751 0.016765
3 0.357223 0.624620 0.010175 0.016905
3 0.372379 0.656334 0.012442 0.019233
3 0.656088 0.656348 0.012184 0.019359
3 0.639902 0.670913 0.013725 0.016600
3 0.604405 0.747885 0.013511 0.016632
3 0.639486 0.624832 0.013727 0.017068
3 0.890783 0.747820 0.013592 0.016620
3 0.925685 0.624885 0.013670 0.016991
3 0.926323 0.670989 0.013572 0.016643
3 0.942401 0.656448 0.012421 0.019011
1 0.302915 0.674384 0.013127 0.010553
1 0.587116 0.674366 0.013193 0.010806
1 0.873181 0.674384 0.013276 0.010661
0 0.079571 0.198480 0.007019 0.018920
0 0.366092 0.218552 0.006986 0.019270
0 0.654861 0.218545 0.006946 0.019142
0 0.678030 0.055888 0.011785 0.010784
0 0.848399 0.046342 0.012061 0.010809
0 0.129726 0.496546 0.006765 0.019031
0 0.129750 0.355021 0.006906 0.018991
0 0.111421 0.310985 0.007109 0.019114
0 0.297771 0.281352 0.006972 0.019268
0 0.324507 0.325587 0.007101 0.018624
0 0.241877 0.393356 0.013483 0.009983
0 0.251971 0.425684 0.004696 0.012120
0 0.210450 0.361891 0.013539 0.010108
0 0.397720 0.311602 0.007236 0.018529
0 0.413606 0.496449 0.006990 0.018991
0 0.522413 0.393153 0.012873 0.009858
0 0.413641 0.355023 0.007017 0.018983
0 0.494472 0.361936 0.013292 0.009858
0 0.581704 0.281339 0.007337 0.019265
0 0.685921 0.308900 0.007361 0.019476
0 0.608460 0.323529 0.006932 0.018589
0 0.535774 0.425695 0.004855 0.011949
0 0.699994 0.354989 0.006962 0.018971
0 0.699959 0.496644 0.006912 0.019028
0 0.868015 0.281401 0.006876 0.019199
0 0.822000 0.425677 0.004786 0.012163
0 0.811128 0.392995 0.013268 0.010219
0 0.780649 0.361929 0.013529 0.010134
0 0.894809 0.297050 0.007103 0.018763
0 0.309277 0.637492 0.008852 0.006708
0 0.341010 0.698189 0.008850 0.006842
0 0.316432 0.657650 0.004641 0.012645
0 0.286586 0.563143 0.013189 0.009649
0 0.281643 0.606368 0.004700 0.012388
0 0.375259 0.698284 0.009321 0.006879
0 0.368177 0.723639 0.008723 0.006959
0 0.625067 0.698250 0.008757 0.006976
0 0.593357 0.637458 0.008721 0.006669
0 0.600262 0.657750 0.004545 0.012411
0 0.652273 0.723629 0.008761 0.007019
0 0.572840 0.563133 0.012961 0.009567
0 0.565521 0.606225 0.004418 0.012827
0 0.659394 0.698370 0.008489 0.006936
0 0.908713 0.698103 0.003654 0.006780
0 0.879677 0.637410 0.009095 0.006834
0 0.858763 0.563183 0.013034 0.009433
0 0.851860 0.606277 0.004623 0.012536
0 0.886702 0.657697 0.004593 0.012442
0 0.938447 0.723655 0.008707 0.006956
0 0.911265 0.698219 0.008674 0.006765
0 0.945579 0.698425 0.008245 0.006694
0 0.142841 0.807643 0.007065 0.018524
0 0.294094 0.806828 0.004740 0.012448
0 0.331732 0.767925 0.004714 0.012425
0 0.279003 0.788646 0.008731 0.006783
0 0.184063 0.805634 0.004726 0.012397
0 0.426687 0.807474 0.006847 0.018618
0 0.467964 0.805597 0.004776 0.012528
0 0.615745 0.767903 0.004488 0.012351
35 0.634389 0.055665 0.019156 0.010846
35 0.768860 0.078317 0.007353 0.027367
35 0.872817 0.046268 0.018854 0.010131
35 0.915694 0.161449 0.018938 0.011368
35 0.915698 0.179910 0.020731 0.011698
35 0.897186 0.142888 0.020318 0.012280
35 0.321873 0.562742 0.017724 0.012060
35 0.376290 0.627821 0.017170 0.010507
35 0.383171 0.723438 0.017409 0.011727
35 0.665727 0.672301 0.016636 0.008159
35 0.660133 0.627827 0.017401 0.010564
35 0.666971 0.723498 0.017158 0.011550
35 0.566633 0.583859 0.017383 0.010618
35 0.611684 0.562526 0.018215 0.011858
35 0.953379 0.723538 0.017226 0.011522
35 0.909668 0.562687 0.017824 0.011832
35 0.952362 0.674265 0.017081 0.009578
35 0.946549 0.627890 0.017035 0.010541
35 0.261779 0.788039 0.017401 0.012112
35 0.350151 0.751999 0.017280 0.009555
35 0.634143 0.752005 0.016626 0.009567
35 0.545686 0.787961 0.017710 0.012211
35 0.831870 0.788054 0.017963 0.012100
35 0.928244 0.891986 0.019361 0.011171
35 0.920444 0.752082 0.017303 0.009704
34 0.831446 0.864969 0.013630 0.009801
34 0.769940 0.806171 0.026100 0.018327
34 0.757138 0.844336 0.058008 0.018487
34 0.850144 0.805359 0.023378 0.017620
34 0.564363 0.806770 0.023453 0.017489
34 0.616753 0.885698 0.060524 0.009242
34 0.581496 0.864905 0.069168 0.009513
34 0.230034 0.117254 0.009202 0.008911
34 0.164901 0.199088 0.018159 0.013850
34 0.062352 0.243636 0.021823 0.018341
34 0.167448 0.214547 0.025085 0.014434
34 0.063188 0.198267 0.022460 0.018398
34 0.619359 0.156519 0.009472 0.008222
34 0.693632 0.050651 0.009529 0.008478
34 0.635870 0.174061 0.009867 0.008766
34 0.633096 0.137294 0.009960 0.008416
34 0.634418 0.039628 0.033348 0.022323
