33 0.792440 0.645598 0.016092 0.015044
33 0.799904 0.419044 0.015953 0.016315
33 0.756086 0.418555 0.015608 0.015531
33 0.529326 0.371069 0.016380 0.014808
33 0.267425 0.371287 0.015935 0.014355
34 0.371516 0.764337 0.022480 0.020114
34 0.400914 0.848869 0.030550 0.032072
34 0.802646 0.728155 0.031497 0.032633
34 0.820294 0.564584 0.010697 0.009989
34 0.785689 0.594092 0.023211 0.021790
34 0.784083 0.620195 0.024710 0.021034
34 0.771515 0.645543 0.023106 0.019065
34 0.385520 0.711525 0.021293 0.021966
34 0.383856 0.739137 0.024178 0.022593
34 0.807636 0.368443 0.022685 0.019672
34 0.813844 0.444258 0.027385 0.029661
34 0.820101 0.418078 0.022571 0.018766
34 0.808601 0.394320 0.024817 0.020581
34 0.749180 0.367838 0.022571 0.019974
34 0.746719 0.393488 0.024067 0.020125
34 0.734632 0.418911 0.022355 0.019823
34 0.738591 0.445316 0.025993 0.027846
34 0.533726 0.294233 0.006739 0.014679
34 0.540902 0.454920 0.025399 0.032320
34 0.508293 0.371295 0.024176 0.021964
34 0.521157 0.346821 0.025510 0.020710
34 0.521379 0.317011 0.023290 0.021966
34 0.430659 0.324384 0.007764 0.017256
34 0.271005 0.285319 0.007764 0.014434
34 0.259914 0.316854 0.023290 0.021653
34 0.258916 0.346663 0.024400 0.021653
34 0.245829 0.371765 0.022625 0.020396
34 0.275774 0.455704 0.030608 0.033887
34 0.843237 0.045345 0.067429 0.021337
34 0.740427 0.207885 0.041922 0.040165
34 0.837581 0.223105 0.008650 0.021023
34 0.700442 0.096492 0.013753 0.011297
34 0.632345 0.209139 0.036378 0.041419
34 0.325282 0.249010 0.011015 0.009282
35 0.843571 0.072330 0.010425 0.030439
34 0.357766 0.182156 0.045749 0.037655
0 0.801323 0.594753 0.007895 0.020445
0 0.401360 0.711812 0.007828 0.020684
0 0.791188 0.368790 0.008310 0.021074
0 0.764839 0.369055 0.008159 0.020544
0 0.537856 0.317908 0.008084 0.021391
0 0.276415 0.317950 0.008282 0.021052
1 0.801241 0.620765 0.007619 0.022135
1 0.401137 0.738133 0.008028 0.022132
1 0.764301 0.394434 0.008175 0.023129
1 0.790741 0.394843 0.008441 0.024756
1 0.538192 0.347518 0.009881 0.022719
1 0.276126 0.346790 0.008441 0.023007
6 0.842783 0.387988 0.009249 0.019003
6 0.537917 0.273718 0.009134 0.019114
6 0.499356 0.255919 0.013894 0.010903
6 0.374470 0.255097 0.013211 0.020248
11 0.401888 0.803656 0.020125 0.026309
11 0.801280 0.683495 0.019361 0.027749
11 0.764596 0.475326 0.020381 0.030271
11 0.790836 0.475866 0.018852 0.029191
11 0.538340 0.410095 0.017832 0.025948
11 0.276645 0.410094 0.018342 0.026669
33 0.392741 0.763739 0.015494 0.014979
