34 0.378596 0.584517 0.015169 0.014198
35 0.276700 0.389940 0.008413 0.025831
35 0.366574 0.385715 0.007669 0.021348
35 0.129204 0.714763 0.021595 0.013368
35 0.129876 0.646703 0.019261 0.011673
35 0.330370 0.684429 0.009047 0.019698
35 0.365794 0.709473 0.007671 0.023602
35 0.401905 0.684379 0.008777 0.019781
35 0.650406 0.678004 0.019474 0.012297
35 0.775429 0.667231 0.008562 0.019399
35 0.891173 0.638465 0.008753 0.020265
35 0.302821 0.777334 0.008729 0.026033
34 0.096063 0.206275 0.018270 0.022713
34 0.158572 0.207003 0.018755 0.022761
34 0.271226 0.207314 0.019075 0.023098
34 0.249817 0.163387 0.009178 0.006443
34 0.309272 0.139823 0.009462 0.007541
34 0.215488 0.207189 0.018876 0.022100
34 0.254140 0.120559 0.009347 0.007672
34 0.255700 0.097831 0.009559 0.007797
34 0.482714 0.114661 0.015588 0.012764
34 0.356546 0.235473 0.008777 0.007589
34 0.479747 0.207915 0.015119 0.012365
34 0.376560 0.119292 0.015856 0.012628
34 0.450466 0.144672 0.018334 0.015797
34 0.480407 0.222304 0.015266 0.012702
34 0.464041 0.183723 0.008872 0.022277
34 0.450178 0.183881 0.009095 0.021966
34 0.436093 0.182938 0.008874 0.023847
34 0.376978 0.134139 0.015701 0.012850
34 0.482806 0.099526 0.015371 0.012787
34 0.639540 0.119417 0.015570 0.012451
34 0.536847 0.114630 0.016048 0.012947
34 0.676765 0.235067 0.009718 0.007689
34 0.703922 0.140172 0.009464 0.007162
34 0.603897 0.222210 0.015373 0.012303
34 0.602702 0.207954 0.015320 0.012231
34 0.536373 0.098803 0.015876 0.012665
34 0.639690 0.134216 0.015326 0.012519
34 0.573056 0.143900 0.018304 0.015819
34 0.769814 0.120653 0.009571 0.007415
34 0.768433 0.208259 0.020089 0.022895
34 0.826468 0.208024 0.020280 0.022562
34 0.706407 0.140140 0.004269 0.006526
34 0.789842 0.160812 0.009474 0.006999
34 0.791378 0.104342 0.009605 0.007800
34 0.953429 0.208145 0.020399 0.023551
34 0.890840 0.207811 0.020633 0.023186
34 0.120712 0.458125 0.005212 0.016027
34 0.134518 0.279907 0.005244 0.013101
34 0.265945 0.365628 0.016833 0.014722
34 0.252468 0.279118 0.004879 0.013237
34 0.245424 0.338423 0.015522 0.012439
34 0.316794 0.491959 0.015498 0.014771
34 0.350640 0.431314 0.015389 0.014454
34 0.308277 0.279480 0.005405 0.013123
34 0.196383 0.278678 0.005139 0.013428
34 0.351958 0.468797 0.015604 0.014357
34 0.344611 0.344637 0.009400 0.007387
34 0.276818 0.409403 0.025373 0.014867
34 0.433271 0.464638 0.015828 0.013608
34 0.363478 0.467636 0.004925 0.015295
34 0.507029 0.271801 0.010173 0.007677
34 0.377295 0.316894 0.010717 0.007164
34 0.367048 0.260705 0.009708 0.007783
34 0.505770 0.360519 0.009142 0.007136
34 0.364283 0.360973 0.009222 0.006443
34 0.465326 0.437283 0.005105 0.013391
34 0.523085 0.386803 0.016114 0.012573
34 0.388120 0.430628 0.015294 0.014451
34 0.394948 0.488682 0.015475 0.014907
34 0.433739 0.480771 0.015770 0.013653
34 0.490429 0.484667 0.019230 0.023406
34 0.386461 0.468984 0.014815 0.013004
34 0.357934 0.494924 0.011598 0.014164
34 0.471520 0.296885 0.009627 0.007444
34 0.374747 0.446542 0.005248 0.015722
34 0.444168 0.279892 0.005214 0.015896
34 0.378131 0.494886 0.015359 0.014178
34 0.608868 0.470759 0.014879 0.012833
34 0.605668 0.438783 0.020562 0.023146
34 0.553504 0.457452 0.015276 0.013018
34 0.697378 0.260433 0.009780 0.007997
34 0.700226 0.386542 0.015588 0.012890
34 0.578642 0.472385 0.010560 0.006555
34 0.701586 0.496096 0.009341 0.006817
34 0.607365 0.353468 0.015963 0.012665
34 0.661463 0.353827 0.015951 0.012431
34 0.534252 0.275155 0.009257 0.006999
34 0.570584 0.287454 0.005073 0.014999
34 0.563241 0.392092 0.009247 0.008071
34 0.679615 0.317260 0.010818 0.006700
34 0.588119 0.495329 0.005244 0.015583
34 0.729436 0.278871 0.005298 0.013354
34 0.779243 0.462499 0.009666 0.007780
34 0.739669 0.495811 0.009498 0.007296
34 0.716885 0.421619 0.005377 0.013172
34 0.746755 0.398643 0.015496 0.012135
34 0.851993 0.277659 0.004942 0.013226
34 0.706203 0.386519 0.003848 0.012753
34 0.740155 0.370470 0.015560 0.013092
34 0.746737 0.385218 0.015532 0.012362
34 0.788229 0.278641 0.005379 0.013787
34 0.914157 0.277720 0.005421 0.013274
34 0.128035 0.634715 0.022411 0.013824
34 0.162581 0.680702 0.015073 0.012816
34 0.152885 0.703346 0.016035 0.013246
34 0.153743 0.635841 0.015427 0.012628
34 0.166304 0.642374 0.009168 0.007660
34 0.128743 0.702032 0.024976 0.013816
34 0.165711 0.710366 0.009267 0.007618
34 0.236429 0.612856 0.011025 0.007865
34 0.327690 0.731556 0.009583 0.007854
34 0.307395 0.586822 0.005620 0.013742
34 0.330873 0.705551 0.030973 0.021664
34 0.334472 0.516163 0.005145 0.012930
34 0.320120 0.661919 0.015969 0.014571
34 0.348340 0.652987 0.014754 0.013206
34 0.347382 0.679131 0.015502 0.013958
34 0.379135 0.652201 0.006432 0.012730
34 0.242706 0.707732 0.013588 0.012511
34 0.321800 0.583703 0.015393 0.014474
34 0.315070 0.630738 0.018705 0.021858
34 0.266744 0.713277 0.019144 0.021784
34 0.357508 0.500057 0.010745 0.003819
34 0.378019 0.500095 0.014531 0.003896
34 0.521573 0.563435 0.015435 0.014258
34 0.402406 0.705268 0.031513 0.021884
34 0.356400 0.584045 0.008529 0.014417
34 0.422233 0.587065 0.005397 0.013354
34 0.359157 0.600526 0.005357 0.013762
34 0.424504 0.724726 0.015544 0.013249
34 0.353905 0.653106 0.003535 0.013069
34 0.353649 0.679387 0.003016 0.013890
34 0.366785 0.582378 0.005238 0.012787
34 0.495657 0.604421 0.038102 0.022277
34 0.410633 0.584176 0.015266 0.014548
34 0.390841 0.532231 0.005042 0.012562
34 0.426833 0.518414 0.010806 0.007492
34 0.383325 0.652392 0.014934 0.012662
34 0.370401 0.663906 0.009053 0.007036
34 0.412635 0.661667 0.016221 0.014278
34 0.416034 0.630759 0.019224 0.021741
34 0.613174 0.510103 0.005768 0.013457
34 0.584252 0.672759 0.009821 0.008270
34 0.569424 0.635325 0.015403 0.012998
34 0.658486 0.627293 0.014619 0.012767
34 0.681775 0.590626 0.005068 0.015477
34 0.674547 0.552350 0.014444 0.012576
34 0.658279 0.610801 0.014579 0.013280
34 0.623878 0.667719 0.017135 0.013876
34 0.732037 0.567828 0.004903 0.011901
34 0.536869 0.559081 0.005173 0.015751
34 0.588509 0.722689 0.015572 0.011664
34 0.664084 0.568522 0.014599 0.012405
34 0.650640 0.661637 0.030905 0.022300
34 0.674096 0.521659 0.014905 0.012972
34 0.702415 0.685748 0.030089 0.019738
34 0.588210 0.701939 0.015034 0.012092
34 0.695363 0.648847 0.015161 0.014035
34 0.723457 0.535272 0.009448 0.008031
34 0.862639 0.613973 0.009754 0.007928
34 0.753197 0.591245 0.005145 0.015138
34 0.745441 0.551941 0.014996 0.011855
34 0.744722 0.521000 0.015330 0.012488
34 0.803112 0.527638 0.009815 0.007820
34 0.857261 0.563041 0.015199 0.013189
34 0.728698 0.609563 0.014970 0.012320
34 0.775860 0.686022 0.031257 0.019516
34 0.737211 0.567754 0.015324 0.011889
34 0.785336 0.649283 0.015604 0.014258
34 0.857288 0.592090 0.015097 0.013186
34 0.775708 0.566698 0.014776 0.012628
34 0.825510 0.591969 0.014533 0.013349
34 0.825516 0.563058 0.014617 0.013229
34 0.776228 0.618139 0.020195 0.022565
34 0.728820 0.625225 0.014952 0.012633
34 0.888170 0.592055 0.015582 0.013645
34 0.888234 0.563032 0.015606 0.013571
34 0.292115 0.753843 0.015697 0.013243
34 0.302815 0.796666 0.025228 0.014597
34 0.528435 0.804915 0.009702 0.008421
34 0.405596 0.798445 0.016350 0.012793
34 0.491831 0.756830 0.015367 0.011961
33 0.364582 0.133606 0.008020 0.010849
33 0.360532 0.133723 0.015979 0.011111
33 0.360191 0.119513 0.015359 0.011308
33 0.521884 0.099014 0.013195 0.011257
33 0.497507 0.115244 0.012798 0.011297
33 0.462873 0.208076 0.017305 0.011262
33 0.496840 0.099466 0.012061 0.010986
33 0.462932 0.223732 0.017746 0.013180
33 0.522215 0.114722 0.013100 0.010892
33 0.653832 0.119789 0.012325 0.011274
33 0.653712 0.133954 0.011243 0.010815
33 0.585875 0.223260 0.018854 0.012864
33 0.585758 0.208168 0.017355 0.011297
33 0.448193 0.480098 0.012591 0.011203
33 0.448205 0.464548 0.013114 0.011422
33 0.373100 0.469007 0.011571 0.011231
33 0.596162 0.470717 0.010532 0.010752
33 0.732166 0.385244 0.012526 0.011017
33 0.726799 0.370459 0.011317 0.010789
33 0.714141 0.387112 0.011162 0.010604
33 0.732119 0.398569 0.012707 0.010641
33 0.242520 0.725037 0.009488 0.021177
33 0.521959 0.579154 0.009224 0.015925
33 0.582898 0.639481 0.009208 0.022303
33 0.672031 0.627390 0.012562 0.013143
33 0.678229 0.568091 0.011970 0.011211
33 0.672122 0.610779 0.012903 0.013044
33 0.743309 0.626592 0.013056 0.013411
33 0.762386 0.567585 0.011444 0.011123
33 0.743360 0.609903 0.013135 0.013138
33 0.492561 0.767736 0.016332 0.010872
24 0.557636 0.524719 0.012923 0.024714
22 0.468131 0.487881 0.025488 0.037370
21 0.343429 0.489379 0.008276 0.015480
21 0.315122 0.520806 0.007963 0.013713
21 0.357048 0.695886 0.008358 0.015494
21 0.416907 0.506936 0.009982 0.012551
17 0.338078 0.617649 0.026326 0.036563
17 0.394012 0.617818 0.026803 0.038931
13 0.406477 0.489573 0.008779 0.017920
12 0.591250 0.456543 0.016380 0.022793
11 0.266935 0.736640 0.015989 0.023505
11 0.684976 0.619729 0.018086 0.024999
11 0.756138 0.618284 0.017736 0.024896
6 0.591857 0.417494 0.006700 0.009818
6 0.343661 0.571612 0.003922 0.006204
6 0.331775 0.571449 0.004154 0.006204
6 0.400631 0.571428 0.003864 0.007432
6 0.388149 0.571691 0.004230 0.006084
5 0.515843 0.271718 0.007303 0.006651
5 0.468699 0.458842 0.008429 0.007219
4 0.363803 0.430779 0.011382 0.013397
1 0.684896 0.552163 0.006086 0.016027
1 0.756225 0.551542 0.006100 0.016386
0 0.245142 0.349176 0.010880 0.008549
0 0.276569 0.366208 0.004976 0.013135
0 0.522223 0.397750 0.011142 0.009504
0 0.377994 0.430875 0.004891 0.012152
0 0.366698 0.447640 0.004984 0.012647
0 0.366684 0.415264 0.004919 0.012533
0 0.564720 0.458574 0.005028 0.011841
0 0.606915 0.364974 0.011203 0.008786
0 0.661344 0.364959 0.011241 0.008983
0 0.153269 0.714832 0.011505 0.009333
0 0.153390 0.646483 0.011716 0.009233
0 0.173040 0.680960 0.005915 0.015104
0 0.331769 0.584061 0.003896 0.009148
0 0.343565 0.584128 0.003842 0.008957
0 0.337648 0.652140 0.005969 0.015537
0 0.330281 0.661623 0.003987 0.009698
0 0.393803 0.652152 0.006293 0.015429
0 0.356247 0.505422 0.008223 0.007344
0 0.424458 0.736486 0.010802 0.008966
0 0.401833 0.661455 0.004198 0.010348
0 0.400635 0.584363 0.003888 0.009575
0 0.377970 0.505191 0.008805 0.007213
0 0.388234 0.584356 0.004015 0.009669
0 0.356876 0.678854 0.003836 0.009689
0 0.588247 0.712408 0.010806 0.008869
0 0.684915 0.522078 0.006209 0.016022
0 0.624493 0.677799 0.008326 0.006569
0 0.588198 0.732981 0.011263 0.009142
0 0.846367 0.562672 0.006279 0.016469
0 0.756188 0.521083 0.006118 0.015691
0 0.877083 0.562599 0.006176 0.016050
0 0.736953 0.578169 0.011162 0.009259
0 0.775369 0.648713 0.003143 0.007327
0 0.814833 0.562679 0.006487 0.016255
0 0.705232 0.648631 0.001922 0.007304
0 0.814818 0.591612 0.006690 0.016252
0 0.877071 0.591686 0.006289 0.015899
0 0.846310 0.591677 0.006396 0.016252
0 0.302608 0.753387 0.004950 0.012331
0 0.405129 0.809979 0.010657 0.008638
34 0.587170 0.183001 0.008715 0.023163
34 0.572974 0.182720 0.008584 0.021855
34 0.559109 0.182908 0.008584 0.021855
34 0.591358 0.408036 0.038183 0.008755
34 0.461209 0.457579 0.006998 0.007287
0 0.352411 0.478582 0.007401 0.005423
13 0.325854 0.504228 0.009118 0.015523
20 0.504696 0.665641 0.131865 0.165725
34 0.892191 0.659356 0.030836 0.021698
34 0.704868 0.618538 0.018519 0.023175
34 0.558079 0.500693 0.019623 0.023614
34 0.365567 0.726476 0.032705 0.009886
34 0.356351 0.415192 0.014998 0.014249
34 0.355802 0.447811 0.016317 0.014711
34 0.365824 0.371062 0.036120 0.009242
35 0.704722 0.667548 0.008638 0.019621
