21 0.758345 0.442524 0.006593 0.010712
35 0.539866 0.423592 0.016807 0.010895
35 0.726444 0.423884 0.017002 0.010977
35 0.841796 0.411562 0.016759 0.009843
35 0.965517 0.432736 0.016755 0.010738
35 0.965432 0.384112 0.017017 0.010596
35 0.891261 0.418934 0.017075 0.009211
35 0.255435 0.722317 0.007635 0.023876
35 0.209569 0.630698 0.007631 0.024013
35 0.364640 0.740202 0.016928 0.011622
35 0.393022 0.721535 0.020302 0.011869
35 0.361482 0.647401 0.017782 0.010647
35 0.365751 0.577970 0.016857 0.011146
35 0.616201 0.724684 0.016773 0.010160
35 0.759876 0.646439 0.016884 0.010513
35 0.719058 0.667364 0.017081 0.010510
35 0.741998 0.688180 0.017039 0.010353
35 0.742067 0.716208 0.017135 0.010638
34 0.901659 0.790405 0.009498 0.007301
34 0.818179 0.825209 0.011583 0.007649
34 0.895951 0.834528 0.011664 0.008076
34 0.716296 0.817340 0.036384 0.032616
34 0.663521 0.858098 0.017768 0.013306
34 0.652151 0.872868 0.015898 0.013653
34 0.699352 0.887365 0.015433 0.013425
34 0.687109 0.866307 0.015391 0.014255
34 0.447954 0.825217 0.011743 0.007703
34 0.433678 0.790883 0.009593 0.007005
34 0.391763 0.835502 0.011595 0.006951
34 0.262647 0.139394 0.016551 0.013557
34 0.220570 0.238943 0.008457 0.008259
34 0.181916 0.193219 0.011636 0.018447
34 0.222393 0.189890 0.009976 0.007013
34 0.262343 0.212696 0.013775 0.013765
34 0.286935 0.149360 0.015856 0.012679
34 0.298027 0.213283 0.015212 0.013400
34 0.250838 0.154749 0.016628 0.013950
34 0.262278 0.048938 0.013848 0.013197
34 0.086618 0.189812 0.010125 0.007250
34 0.096174 0.167197 0.010218 0.007144
34 0.097225 0.149838 0.008499 0.007147
34 0.161705 0.188901 0.052133 0.026358
34 0.057938 0.115613 0.005643 0.011436
34 0.460830 0.044649 0.013707 0.013317
34 0.396592 0.202492 0.006755 0.006865
34 0.480591 0.188370 0.015663 0.013434
34 0.479836 0.170191 0.014023 0.013599
34 0.407916 0.185881 0.015900 0.013334
34 0.471131 0.228025 0.027331 0.014460
34 0.461688 0.155453 0.008356 0.007013
34 0.424556 0.194966 0.015993 0.013152
34 0.467779 0.179228 0.004192 0.009444
34 0.430276 0.149471 0.018082 0.013420
34 0.493102 0.139809 0.017792 0.013246
34 0.514395 0.149738 0.016078 0.013200
34 0.697310 0.229818 0.027113 0.013696
34 0.559763 0.175184 0.017488 0.012847
34 0.652127 0.149956 0.015987 0.013249
34 0.691536 0.156223 0.007246 0.005822
34 0.577651 0.141835 0.008034 0.007911
34 0.693996 0.180376 0.003733 0.009399
34 0.619942 0.175094 0.015866 0.013294
34 0.624860 0.150922 0.024897 0.009162
34 0.541261 0.151034 0.025330 0.008931
34 0.430743 0.030285 0.013888 0.013388
34 0.430835 0.044325 0.013910 0.013186
34 0.489673 0.044383 0.013898 0.013200
34 0.518285 0.030420 0.013761 0.012992
34 0.518399 0.044309 0.013576 0.013143
34 0.460779 0.030557 0.013656 0.012713
34 0.787826 0.192261 0.015274 0.012981
34 0.841134 0.238534 0.008054 0.007196
34 0.835119 0.152130 0.008054 0.007675
34 0.774821 0.225447 0.007599 0.006056
34 0.756857 0.131902 0.025028 0.007367
34 0.771536 0.192190 0.015284 0.012531
34 0.588562 0.223482 0.027579 0.014186
34 0.600896 0.179412 0.009480 0.008148
34 0.685541 0.191312 0.015784 0.013437
34 0.559757 0.135380 0.017488 0.013069
34 0.686567 0.170767 0.015218 0.013320
34 0.641062 0.174870 0.015572 0.012756
34 0.606928 0.135541 0.017639 0.012952
34 0.674426 0.142107 0.016003 0.012941
34 0.947194 0.167596 0.009887 0.006871
34 0.946256 0.151738 0.008217 0.007170
34 0.946347 0.175439 0.007907 0.006803
34 0.947242 0.188975 0.009899 0.006877
34 0.836029 0.166349 0.009952 0.007096
34 0.835995 0.189226 0.009964 0.007002
34 0.714857 0.172841 0.015822 0.013149
34 0.756408 0.201406 0.004456 0.009476
34 0.746534 0.169896 0.016980 0.013557
34 0.739907 0.187928 0.017067 0.013833
34 0.223336 0.413577 0.013122 0.013223
34 0.253709 0.428745 0.013707 0.013591
34 0.237873 0.434384 0.006849 0.005816
34 0.253619 0.442857 0.013531 0.013083
34 0.264031 0.537856 0.018541 0.006079
34 0.083729 0.305948 0.005298 0.011679
34 0.090570 0.252508 0.008815 0.006868
34 0.082412 0.421610 0.013652 0.013160
34 0.082481 0.435606 0.013914 0.013309
34 0.107409 0.435905 0.014025 0.013537
34 0.102125 0.269255 0.010089 0.006973
34 0.107414 0.421857 0.014067 0.013300
34 0.517791 0.425284 0.027246 0.014648
34 0.398784 0.432022 0.013946 0.013072
34 0.427646 0.445754 0.013870 0.013024
34 0.369008 0.445787 0.013757 0.012947
34 0.456362 0.445751 0.013767 0.013024
34 0.456251 0.431874 0.013562 0.013272
34 0.212728 0.370908 0.009956 0.006746
34 0.209269 0.304273 0.010040 0.006865
34 0.273989 0.443049 0.013598 0.012642
34 0.223333 0.427424 0.013358 0.012950
34 0.228337 0.297448 0.010135 0.006956
34 0.273859 0.428909 0.013652 0.013098
34 0.595657 0.353675 0.012490 0.011670
34 0.576716 0.432920 0.011962 0.010918
34 0.581167 0.419263 0.004490 0.009174
34 0.595544 0.384483 0.012385 0.010710
34 0.562782 0.384460 0.012103 0.011422
34 0.555727 0.415996 0.012164 0.011171
34 0.568159 0.415754 0.011926 0.010955
34 0.562594 0.432885 0.012262 0.010718
34 0.502667 0.395157 0.020653 0.007749
34 0.398750 0.446043 0.013697 0.013215
34 0.368980 0.431512 0.013435 0.013146
34 0.532614 0.391892 0.009639 0.009307
34 0.427609 0.431875 0.014073 0.013223
34 0.522233 0.393172 0.009688 0.009074
34 0.842792 0.395873 0.021414 0.021442
34 0.803324 0.394216 0.015749 0.012799
34 0.693917 0.399302 0.008701 0.006708
34 0.553004 0.400705 0.006801 0.005047
34 0.553527 0.369756 0.006185 0.005298
34 0.618389 0.450496 0.008878 0.007353
34 0.650800 0.345675 0.014879 0.014127
34 0.580521 0.385772 0.005558 0.012223
34 0.663295 0.332632 0.016751 0.013249
34 0.562637 0.353839 0.012554 0.011724
34 0.532776 0.377435 0.009146 0.009570
34 0.699301 0.361154 0.016269 0.013400
34 0.686830 0.341577 0.015401 0.013431
34 0.824680 0.403082 0.012514 0.011294
34 0.801967 0.379265 0.011392 0.007301
34 0.766613 0.416120 0.011658 0.011402
34 0.865740 0.399322 0.015977 0.013041
34 0.842195 0.268837 0.010175 0.007221
34 0.855578 0.414909 0.009629 0.006740
34 0.766717 0.431411 0.011928 0.011525
34 0.774093 0.271885 0.008159 0.007885
34 0.753253 0.420842 0.006998 0.005577
34 0.842260 0.304005 0.010129 0.007179
34 0.965114 0.423642 0.015139 0.007307
34 0.885131 0.348111 0.009585 0.006589
34 0.934207 0.414464 0.015429 0.012639
34 0.901345 0.364114 0.015651 0.012514
34 0.923026 0.394810 0.005250 0.012910
34 0.950692 0.269648 0.010284 0.007110
34 0.947647 0.395214 0.012317 0.011106
34 0.933710 0.395262 0.011992 0.010701
34 0.965028 0.374989 0.014803 0.007458
34 0.900712 0.429813 0.012440 0.011282
34 0.913324 0.408061 0.005020 0.014588
34 0.874893 0.427992 0.005282 0.012029
34 0.743853 0.414434 0.014228 0.012955
34 0.883395 0.373649 0.015570 0.013311
34 0.724591 0.413135 0.021233 0.012533
34 0.304582 0.702884 0.004075 0.011530
34 0.252697 0.694649 0.003699 0.010593
34 0.092830 0.653946 0.011978 0.008472
34 0.064660 0.574403 0.008292 0.008076
34 0.096198 0.568676 0.010385 0.006968
34 0.098661 0.669768 0.011718 0.007823
34 0.086668 0.591186 0.010205 0.006874
34 0.097239 0.551354 0.008245 0.007535
34 0.162107 0.591080 0.053936 0.025933
34 0.942612 0.365948 0.015631 0.012961
34 0.949786 0.252096 0.008485 0.006044
34 0.947186 0.333699 0.009335 0.007615
34 0.886649 0.429732 0.012004 0.010647
34 0.217833 0.604577 0.013781 0.012824
34 0.237760 0.663946 0.015004 0.013756
34 0.342470 0.578643 0.029089 0.014300
34 0.240109 0.702884 0.013678 0.013012
34 0.343099 0.705088 0.012194 0.012838
34 0.218481 0.530366 0.006088 0.012479
34 0.239860 0.689846 0.013805 0.012573
34 0.316676 0.676774 0.013070 0.013713
34 0.210614 0.648760 0.021213 0.012516
34 0.208007 0.551874 0.008048 0.007925
34 0.255544 0.737592 0.022905 0.007620
34 0.278332 0.652974 0.013413 0.013186
34 0.324642 0.667180 0.007234 0.005623
34 0.343888 0.676946 0.012381 0.013545
34 0.327372 0.634692 0.012705 0.013180
34 0.315050 0.626456 0.012571 0.013346
34 0.330541 0.689980 0.008052 0.005209
34 0.328012 0.706693 0.004077 0.009208
34 0.281766 0.741573 0.012556 0.013246
34 0.230835 0.609729 0.008934 0.007193
34 0.286045 0.684260 0.020707 0.014602
34 0.315670 0.611862 0.013725 0.013425
34 0.296870 0.701077 0.004345 0.011998
34 0.291446 0.614182 0.012297 0.013175
34 0.286552 0.592653 0.008556 0.005380
34 0.350732 0.713924 0.003431 0.010567
34 0.342991 0.637801 0.013052 0.012804
34 0.238859 0.646321 0.012250 0.012932
34 0.222408 0.591274 0.010038 0.006817
34 0.314721 0.643877 0.007419 0.005896
34 0.212926 0.670207 0.010328 0.006848
34 0.224065 0.654118 0.008642 0.007455
34 0.304769 0.716069 0.003805 0.009447
34 0.212348 0.570650 0.009841 0.006389
34 0.231299 0.626150 0.012917 0.013069
34 0.248365 0.604833 0.012282 0.013081
34 0.293361 0.639664 0.006734 0.005546
34 0.252800 0.555720 0.014839 0.013343
34 0.323325 0.736774 0.004144 0.009256
34 0.263455 0.541550 0.017603 0.013440
34 0.278098 0.666072 0.013521 0.012827
34 0.480984 0.635664 0.006545 0.005526
34 0.445297 0.607545 0.012653 0.013517
34 0.349633 0.732241 0.011930 0.010895
34 0.337099 0.732286 0.011737 0.010755
34 0.316499 0.704791 0.011998 0.012801
34 0.334534 0.659050 0.012186 0.011425
34 0.251444 0.676971 0.006233 0.005637
34 0.285190 0.630351 0.012577 0.012972
34 0.287123 0.550903 0.015532 0.013468
34 0.299368 0.570899 0.015220 0.013197
34 0.239904 0.587757 0.008294 0.007193
34 0.267748 0.675111 0.003920 0.011522
34 0.386591 0.740878 0.027047 0.014044
34 0.454273 0.680145 0.013815 0.013001
34 0.429053 0.716758 0.015459 0.012799
34 0.488464 0.716415 0.015812 0.012636
34 0.409844 0.688682 0.005735 0.011282
34 0.480735 0.681518 0.007571 0.006022
34 0.463475 0.561308 0.014287 0.013098
34 0.387110 0.559933 0.014736 0.013049
34 0.429438 0.730242 0.015786 0.013121
34 0.462977 0.615844 0.005886 0.005828
34 0.489048 0.554974 0.015973 0.013374
34 0.514732 0.595248 0.015612 0.013112
34 0.393469 0.712583 0.020411 0.007276
34 0.463036 0.657509 0.006156 0.005865
34 0.524421 0.724865 0.032496 0.041659
34 0.425459 0.600550 0.012760 0.013086
34 0.525299 0.639373 0.015594 0.013554
34 0.447668 0.573756 0.009897 0.007164
34 0.359988 0.688243 0.011918 0.011425
34 0.405308 0.628713 0.012877 0.013300
34 0.491908 0.625901 0.014146 0.013089
34 0.425524 0.634481 0.008292 0.007600
34 0.432294 0.683923 0.015840 0.013420
34 0.488702 0.730272 0.015594 0.013249
34 0.365177 0.699027 0.004291 0.009265
34 0.360179 0.710232 0.011503 0.010872
34 0.513924 0.675685 0.015512 0.013508
34 0.524714 0.612783 0.015520 0.013180
34 0.522119 0.750078 0.008574 0.007395
34 0.494562 0.647296 0.007081 0.005557
34 0.363280 0.638437 0.022288 0.007726
34 0.417442 0.707190 0.004206 0.009370
34 0.353756 0.732135 0.003225 0.011240
34 0.494738 0.598963 0.006680 0.005631
34 0.426049 0.616938 0.012851 0.013152
34 0.449394 0.652206 0.013638 0.012995
34 0.449221 0.635855 0.013427 0.013403
34 0.387351 0.607799 0.013127 0.013488
34 0.427098 0.667532 0.015647 0.013656
34 0.387564 0.628787 0.012885 0.013106
34 0.426815 0.651858 0.015282 0.013178
34 0.375948 0.710355 0.012182 0.011550
34 0.704357 0.681681 0.012393 0.013326
34 0.588347 0.678083 0.014172 0.012850
34 0.581819 0.732893 0.011793 0.010174
34 0.700133 0.658349 0.013002 0.012200
34 0.530567 0.639409 0.004708 0.013260
34 0.557324 0.650359 0.008580 0.004896
34 0.550863 0.720973 0.008072 0.006062
34 0.561579 0.633883 0.007438 0.005987
34 0.593745 0.721184 0.005931 0.004939
34 0.617878 0.713883 0.020365 0.012605
34 0.611603 0.626949 0.012931 0.011858
34 0.477962 0.598753 0.005824 0.005851
34 0.476108 0.707025 0.004428 0.009444
34 0.631046 0.607730 0.012969 0.011197
34 0.640810 0.669480 0.012353 0.011431
34 0.652583 0.630480 0.012659 0.010986
34 0.586463 0.635735 0.012772 0.011476
34 0.598910 0.696793 0.008409 0.006882
34 0.563169 0.696827 0.008070 0.006518
34 0.685913 0.632075 0.012885 0.011604
34 0.559681 0.601040 0.007121 0.005512
34 0.686893 0.663665 0.006900 0.005722
34 0.638256 0.616733 0.004591 0.005366
34 0.607752 0.681386 0.012160 0.013346
34 0.563573 0.720614 0.008157 0.006404
34 0.609717 0.744848 0.012710 0.011069
34 0.633645 0.707110 0.004015 0.008852
34 0.530294 0.612737 0.004166 0.013123
34 0.644019 0.716111 0.011837 0.011351
34 0.631542 0.674724 0.006098 0.005446
34 0.621571 0.691928 0.012288 0.011077
34 0.700308 0.626570 0.012844 0.011773
34 0.665849 0.643085 0.005872 0.005150
34 0.551565 0.607087 0.005669 0.013930
34 0.571175 0.643004 0.008781 0.005563
34 0.659787 0.687469 0.012504 0.011616
34 0.573995 0.594853 0.012510 0.011314
34 0.648585 0.582404 0.012685 0.011476
34 0.669527 0.658769 0.012591 0.010852
34 0.669777 0.631110 0.004204 0.008621
34 0.532732 0.677102 0.006902 0.005757
34 0.835981 0.590583 0.009968 0.006740
34 0.712683 0.706948 0.004351 0.009091
34 0.601375 0.715759 0.012786 0.012659
34 0.665585 0.611005 0.012722 0.010610
34 0.648220 0.610835 0.012967 0.010960
34 0.669308 0.675094 0.012871 0.011072
34 0.574253 0.581869 0.012712 0.011285
34 0.643127 0.686509 0.012160 0.011405
34 0.644118 0.729352 0.012220 0.011556
34 0.581857 0.714282 0.011878 0.010929
34 0.713787 0.627258 0.012401 0.011775
34 0.621763 0.669420 0.012087 0.011015
34 0.648635 0.597682 0.013036 0.011488
34 0.586406 0.620531 0.012889 0.011282
34 0.760514 0.636711 0.025234 0.009205
34 0.742393 0.678866 0.019089 0.008726
34 0.720332 0.658722 0.030032 0.008227
34 0.841472 0.652940 0.009643 0.007846
34 0.771072 0.574443 0.007031 0.005928
34 0.757375 0.552921 0.013368 0.013126
34 0.757649 0.597531 0.014613 0.013688
34 0.836029 0.568031 0.009613 0.006634
34 0.740286 0.636877 0.012832 0.011325
34 0.725835 0.634081 0.012359 0.011103
34 0.772477 0.666634 0.005320 0.014335
34 0.844793 0.670933 0.011322 0.006626
34 0.742524 0.706547 0.019142 0.008820
34 0.757345 0.617018 0.015205 0.013083
34 0.447864 0.778508 0.009527 0.006911
34 0.297119 0.753638 0.012566 0.012382
34 0.956366 0.577213 0.009037 0.006959
34 0.946270 0.553123 0.008181 0.007626
34 0.960334 0.590066 0.010093 0.007512
34 0.950266 0.654597 0.009557 0.008795
34 0.952403 0.568524 0.010326 0.007415
34 0.951502 0.670759 0.011525 0.006962
34 0.835080 0.553387 0.008177 0.007754
34 0.808080 0.778203 0.010870 0.008472
34 0.757190 0.567374 0.013521 0.013414
34 0.447464 0.196907 0.026044 0.007954
34 0.489646 0.030383 0.013975 0.013055
34 0.241892 0.049280 0.013965 0.013608
34 0.228511 0.273698 0.008143 0.008319
34 0.218993 0.130645 0.005959 0.013437
34 0.207974 0.150221 0.008004 0.007464
34 0.278367 0.229493 0.008503 0.005962
34 0.262175 0.035040 0.013672 0.013027
34 0.281819 0.049270 0.013505 0.013611
34 0.241844 0.035117 0.014075 0.013044
34 0.218822 0.044637 0.013751 0.013212
34 0.299158 0.168608 0.016229 0.013260
34 0.218690 0.030748 0.013918 0.013186
34 0.281624 0.035254 0.013787 0.012884
34 0.324862 0.098098 0.051964 0.032166
34 0.212346 0.169260 0.010111 0.007025
33 0.271732 0.150021 0.010266 0.011510
33 0.263228 0.159763 0.010449 0.011639
33 0.297753 0.226083 0.006299 0.012633
33 0.261916 0.225999 0.006483 0.012989
33 0.285693 0.169704 0.010633 0.011901
33 0.279221 0.161007 0.007673 0.013602
33 0.672722 0.343837 0.007591 0.014469
33 0.678794 0.352767 0.009510 0.012209
33 0.685926 0.362347 0.011074 0.013135
33 0.662254 0.353954 0.009029 0.015033
33 0.278496 0.561706 0.010550 0.011641
33 0.262136 0.563274 0.007581 0.014255
33 0.271423 0.551321 0.011380 0.011773
33 0.285694 0.571421 0.010808 0.013066
33 0.488356 0.569758 0.008719 0.015520
33 0.512669 0.612854 0.008384 0.012297
33 0.454288 0.693736 0.006187 0.013725
33 0.513547 0.641854 0.008056 0.016486
33 0.611725 0.639523 0.006106 0.012901
33 0.588730 0.692246 0.005933 0.015634
33 0.608611 0.694345 0.006384 0.012850
33 0.705166 0.694392 0.006545 0.013035
33 0.770363 0.596921 0.009968 0.009099
33 0.713966 0.639702 0.006146 0.013009
33 0.770664 0.617333 0.009595 0.009108
33 0.281639 0.755004 0.008390 0.015566
33 0.687152 0.885425 0.008564 0.017107
33 0.679331 0.879729 0.008409 0.014050
33 0.662152 0.879672 0.008169 0.014164
33 0.672164 0.867777 0.011052 0.011445
21 0.590033 0.159488 0.007170 0.010878
21 0.795632 0.208564 0.006561 0.010128
21 0.955176 0.410363 0.006598 0.011003
21 0.907935 0.444675 0.006515 0.009584
21 0.248544 0.715606 0.005991 0.011348
21 0.307082 0.638022 0.006372 0.010003
21 0.417526 0.680905 0.006148 0.010370
21 0.419622 0.742796 0.006763 0.010328
21 0.478241 0.742774 0.006785 0.010376
21 0.416879 0.629584 0.006158 0.008914
21 0.677610 0.688966 0.006585 0.009986
21 0.667436 0.582558 0.006757 0.010268
21 0.635913 0.742692 0.006741 0.010382
21 0.714774 0.744721 0.006668 0.010918
20 0.324417 0.102893 0.062552 0.119236
15 0.686080 0.646734 0.011712 0.017264
15 0.659793 0.701623 0.011410 0.017068
6 0.228946 0.020935 0.003296 0.004651
6 0.290377 0.025362 0.003477 0.004682
6 0.270886 0.025361 0.003026 0.004685
6 0.251386 0.024885 0.003376 0.004548
6 0.469522 0.021121 0.003419 0.004682
6 0.439590 0.020653 0.003185 0.004332
6 0.527032 0.020886 0.003257 0.004942
6 0.498206 0.020778 0.004160 0.005101
6 0.091457 0.411698 0.003552 0.004748
6 0.116737 0.411858 0.003219 0.004583
6 0.262255 0.418789 0.003479 0.005426
6 0.282571 0.419263 0.003457 0.005007
6 0.231868 0.403666 0.003419 0.004545
6 0.407462 0.422146 0.003239 0.004451
6 0.465096 0.421820 0.003527 0.004523
6 0.436237 0.421905 0.003505 0.004226
6 0.377566 0.421800 0.003400 0.004300
6 0.539422 0.365413 0.003441 0.004363
6 0.814118 0.391094 0.003155 0.004896
6 0.307378 0.710797 0.003435 0.005201
6 0.307339 0.697911 0.003356 0.004070
6 0.485122 0.602543 0.004506 0.005098
6 0.367645 0.677400 0.003135 0.004602
6 0.440522 0.622957 0.003372 0.004922
6 0.508156 0.650369 0.004398 0.004962
6 0.557751 0.701492 0.003253 0.004523
6 0.566714 0.701607 0.004053 0.004332
6 0.556910 0.724852 0.003650 0.004488
6 0.565946 0.573324 0.003253 0.004243
6 0.543155 0.578274 0.003952 0.004711
6 0.577739 0.610197 0.003358 0.004611
6 0.589949 0.705643 0.004156 0.004184
6 0.555046 0.621996 0.003916 0.005087
6 0.536588 0.621825 0.003757 0.005201
6 0.582295 0.646525 0.003755 0.004859
6 0.766167 0.543877 0.003100 0.004454
5 0.522320 0.404055 0.005147 0.012579
5 0.334535 0.670486 0.004545 0.011938
5 0.327016 0.647360 0.004917 0.012246
5 0.375472 0.721654 0.005224 0.012645
5 0.491916 0.638716 0.004468 0.011909
5 0.502483 0.677135 0.008886 0.007435
5 0.501797 0.594335 0.008735 0.008510
5 0.631410 0.620142 0.004726 0.013776
5 0.725757 0.646250 0.005141 0.012471
4 0.562844 0.399030 0.010536 0.017991
4 0.562901 0.368581 0.009347 0.016956
4 0.865959 0.414373 0.010737 0.018515
4 0.343566 0.718837 0.010524 0.013981
4 0.252267 0.663729 0.013020 0.014793
4 0.343728 0.690329 0.010687 0.013739
4 0.464036 0.575318 0.011408 0.014887
4 0.700798 0.641530 0.010874 0.018472
3 0.493188 0.155539 0.010828 0.018202
3 0.408012 0.201213 0.010633 0.018282
3 0.674368 0.156834 0.011525 0.016005
3 0.755167 0.187960 0.013687 0.014568
3 0.595665 0.399266 0.010878 0.018036
3 0.595727 0.368564 0.010729 0.018062
3 0.802757 0.412244 0.010868 0.022590
3 0.934137 0.428904 0.011456 0.016025
3 0.942308 0.379937 0.011489 0.016079
3 0.901142 0.379213 0.010806 0.018051
3 0.252323 0.645085 0.012937 0.014195
3 0.297426 0.629353 0.011392 0.015338
3 0.316840 0.718682 0.010441 0.014434
3 0.316866 0.690312 0.010413 0.013864
3 0.431670 0.698099 0.010528 0.014568
3 0.387338 0.574364 0.011674 0.016321
3 0.652613 0.643400 0.010467 0.014551
3 0.643415 0.698230 0.010149 0.013594
2 0.424862 0.206518 0.009901 0.008755
2 0.652219 0.160801 0.010026 0.008755
2 0.758296 0.170361 0.006313 0.014184
1 0.514388 0.160408 0.009855 0.008344
1 0.436140 0.607992 0.005403 0.015227
1 0.621420 0.701384 0.011031 0.008165
1 0.297420 0.763212 0.010812 0.007592
1 0.609616 0.754665 0.010429 0.007814
0 0.290398 0.049709 0.004087 0.010841
0 0.290419 0.035855 0.003973 0.010598
0 0.229018 0.045983 0.004172 0.010695
0 0.270937 0.035915 0.004057 0.010673
0 0.270939 0.049528 0.004009 0.010570
0 0.229000 0.031767 0.004277 0.011274
0 0.251507 0.035366 0.004355 0.010795
0 0.251582 0.049235 0.004317 0.010849
0 0.527084 0.044885 0.004007 0.010960
0 0.527090 0.031315 0.003866 0.010872
0 0.429874 0.160372 0.010852 0.008393
0 0.470672 0.170348 0.004245 0.010750
0 0.470646 0.188682 0.004285 0.011060
0 0.469490 0.045171 0.004098 0.010883
0 0.439628 0.031174 0.003922 0.010761
0 0.498244 0.044926 0.004136 0.010963
0 0.439680 0.044983 0.004089 0.011471
0 0.469457 0.031399 0.004031 0.011063
0 0.498295 0.031274 0.003886 0.011023
0 0.560010 0.145903 0.010991 0.008307
0 0.534706 0.184231 0.008026 0.005765
0 0.606691 0.146063 0.011037 0.008279
0 0.696484 0.170436 0.004228 0.010738
0 0.696457 0.190680 0.004502 0.011374
0 0.559294 0.184125 0.007573 0.005645
0 0.620543 0.184149 0.008060 0.005683
0 0.640973 0.184138 0.007639 0.005836
0 0.771552 0.201262 0.007971 0.006036
0 0.787885 0.201282 0.007695 0.005888
0 0.725878 0.173668 0.005717 0.015013
0 0.116794 0.436479 0.004180 0.010701
0 0.116786 0.422290 0.004051 0.010690
0 0.091538 0.422328 0.004055 0.010715
0 0.091536 0.436000 0.004128 0.010849
0 0.262334 0.429372 0.003902 0.011094
0 0.282443 0.443484 0.004293 0.011060
0 0.282440 0.429709 0.004275 0.010932
0 0.231951 0.414382 0.004265 0.011106
0 0.232054 0.427857 0.003950 0.010470
0 0.262287 0.443126 0.004035 0.011217
0 0.377634 0.432304 0.004216 0.010940
0 0.436276 0.432471 0.004124 0.010567
0 0.377636 0.446084 0.004297 0.011109
0 0.436265 0.446136 0.004259 0.010738
0 0.407542 0.432508 0.004057 0.010767
0 0.407549 0.446570 0.004382 0.010655
0 0.464967 0.446295 0.004039 0.010693
0 0.464939 0.432486 0.004095 0.010730
0 0.539484 0.392471 0.004243 0.010972
0 0.562767 0.440567 0.005832 0.004657
0 0.568276 0.423568 0.005826 0.004833
0 0.555765 0.423595 0.005739 0.004779
0 0.576455 0.440514 0.005949 0.004671
0 0.539467 0.377286 0.004220 0.011151
0 0.813964 0.400718 0.004494 0.011154
0 0.758322 0.431419 0.003977 0.010527
0 0.743394 0.423703 0.007405 0.005549
0 0.824624 0.411486 0.007871 0.005930
0 0.758424 0.416026 0.003789 0.011334
0 0.900353 0.438470 0.007832 0.005529
0 0.887002 0.438283 0.007562 0.005942
0 0.947489 0.403686 0.007790 0.005685
0 0.933758 0.403655 0.007411 0.005970
0 0.307071 0.624949 0.004005 0.010308
0 0.349448 0.740419 0.006116 0.005084
0 0.248953 0.689695 0.003979 0.010983
0 0.287005 0.665893 0.004039 0.011160
0 0.307124 0.611649 0.004007 0.010866
0 0.342823 0.647561 0.010199 0.007489
0 0.240360 0.604282 0.004418 0.011300
0 0.240453 0.624461 0.004476 0.010787
0 0.336361 0.740426 0.006074 0.004848
0 0.248994 0.702652 0.003938 0.010946
0 0.286997 0.652683 0.004059 0.010855
0 0.217713 0.614178 0.007863 0.006025
0 0.367657 0.688787 0.004057 0.011032
0 0.405606 0.639252 0.010149 0.007749
0 0.417138 0.600269 0.003983 0.010616
0 0.396201 0.608018 0.005572 0.014976
0 0.419512 0.729625 0.004174 0.011174
0 0.417420 0.651431 0.004124 0.010715
0 0.417443 0.667571 0.004128 0.011260
0 0.478321 0.729675 0.004136 0.010995
0 0.440261 0.652384 0.004015 0.010787
0 0.417186 0.616471 0.003989 0.010929
0 0.367564 0.710309 0.004271 0.010906
0 0.419504 0.717095 0.004085 0.010627
0 0.440282 0.636006 0.004013 0.010581
0 0.478360 0.716966 0.003973 0.010541
0 0.387499 0.639340 0.010614 0.007982
0 0.577877 0.637331 0.004041 0.010399
0 0.565917 0.581904 0.003908 0.010715
0 0.656992 0.598108 0.004049 0.011194
0 0.665867 0.619791 0.010224 0.007344
0 0.640661 0.677915 0.008606 0.006421
0 0.677779 0.659241 0.003870 0.010445
0 0.589795 0.713921 0.004259 0.011160
0 0.656942 0.582920 0.004021 0.010929
0 0.648130 0.619887 0.010723 0.007475
0 0.621892 0.677964 0.008127 0.006506
0 0.635814 0.729543 0.004057 0.011026
0 0.565982 0.594775 0.003664 0.010718
0 0.677827 0.675319 0.003890 0.010581
0 0.635831 0.716442 0.004007 0.010405
0 0.577780 0.621898 0.004098 0.010687
0 0.700202 0.667166 0.007577 0.005873
0 0.601675 0.724677 0.007774 0.005791
0 0.589721 0.733135 0.004112 0.010658
0 0.766156 0.553233 0.004037 0.010348
0 0.714883 0.731421 0.004069 0.010769
0 0.740242 0.646528 0.009770 0.008102
0 0.766252 0.567022 0.004160 0.010607
0 0.714924 0.716490 0.003971 0.010667
0 0.344291 0.756718 0.005979 0.004922
0 0.332197 0.756724 0.005844 0.004631
34 0.534484 0.175155 0.015987 0.013434
34 0.896541 0.189685 0.054702 0.031066
34 0.724974 0.291355 0.051438 0.034161
34 0.324831 0.502237 0.052357 0.036050
34 0.890988 0.410883 0.025812 0.006663
34 0.528710 0.553173 0.015800 0.013237
34 0.706827 0.731379 0.012486 0.011462
34 0.344760 0.748947 0.012643 0.010918
34 0.332219 0.749057 0.012166 0.011137
34 0.895361 0.590199 0.054968 0.027934
34 0.707043 0.716820 0.011829 0.010920
33 0.528902 0.568367 0.008529 0.016586
20 0.724555 0.296661 0.061422 0.119456
20 0.725281 0.821281 0.063415 0.120134
11 0.545049 0.701790 0.020739 0.028561
1 0.883389 0.384258 0.010856 0.008430
20 0.324993 0.505378 0.063483 0.119846
1 0.300067 0.614017 0.006569 0.015563
21 0.240405 0.634117 0.006112 0.009510
6 0.353320 0.704454 0.003711 0.005603
34 0.386457 0.181321 0.005018 0.011020
34 0.581689 0.741627 0.007790 0.005979
34 0.762408 0.197760 0.006602 0.005791
34 0.835153 0.575842 0.008981 0.005415
34 0.835220 0.174501 0.008320 0.007099
35 0.448396 0.206000 0.017248 0.011054
35 0.470590 0.209044 0.007780 0.023622
35 0.541387 0.160180 0.018850 0.010470
35 0.624422 0.160489 0.018070 0.010661
35 0.696384 0.210835 0.007631 0.023899
35 0.588512 0.204399 0.007915 0.024431
35 0.758474 0.147938 0.008185 0.024420
35 0.503685 0.404077 0.017828 0.010866
