8 0.443714 0.215816 0.013765 0.019025
8 0.465651 0.114719 0.013332 0.019567
8 0.458150 0.059728 0.011686 0.015517
8 0.458270 0.038810 0.012401 0.016868
8 0.668916 0.115393 0.012401 0.016195
8 0.680021 0.215683 0.014051 0.019003
8 0.207901 0.312592 0.012361 0.012639
8 0.322465 0.312615 0.011114 0.013009
8 0.458346 0.408326 0.011829 0.016030
8 0.457999 0.429416 0.011332 0.014905
8 0.414511 0.313383 0.009942 0.011530
8 0.816788 0.313182 0.010248 0.010165
8 0.844998 0.313182 0.010512 0.009789
8 0.725627 0.313143 0.010222 0.009963
8 0.937707 0.313243 0.009907 0.010299
7 0.552936 0.501359 0.013310 0.016945
7 0.553047 0.482220 0.013531 0.017572
7 0.701994 0.713722 0.011978 0.017572
7 0.726897 0.679205 0.013975 0.016318
6 0.087139 0.083883 0.005290 0.009111
6 0.086852 0.174504 0.005635 0.008786
6 0.161819 0.113032 0.005483 0.009108
6 0.087082 0.306666 0.005751 0.009439
6 0.087427 0.388665 0.005060 0.009761
6 0.340229 0.333156 0.005723 0.009977
6 0.297913 0.272447 0.005987 0.009037
6 0.220034 0.360808 0.005842 0.008022
6 0.213892 0.360747 0.005927 0.008145
6 0.276366 0.332800 0.005568 0.010125
6 0.258175 0.296100 0.006559 0.007030
6 0.248632 0.296592 0.006958 0.008014
6 0.318406 0.272164 0.006787 0.007720
6 0.397663 0.360797 0.005367 0.007030
6 0.367943 0.296395 0.006761 0.008435
6 0.403925 0.361218 0.005965 0.006751
6 0.358152 0.296747 0.006461 0.008296
6 0.734552 0.361091 0.006255 0.008470
6 0.743068 0.361091 0.005987 0.008093
6 0.863162 0.333420 0.006122 0.006965
6 0.757331 0.460785 0.005508 0.008769
6 0.798973 0.333267 0.006378 0.009424
6 0.921551 0.360331 0.005584 0.007495
6 0.929641 0.360229 0.006587 0.007697
6 0.073189 0.704166 0.007015 0.008133
6 0.102516 0.704493 0.006096 0.008786
6 0.116145 0.704166 0.006211 0.007484
6 0.129947 0.704736 0.006440 0.008299
6 0.169394 0.652186 0.005979 0.009923
6 0.169508 0.625178 0.005520 0.008624
6 0.164161 0.577997 0.005405 0.008299
6 0.164391 0.558635 0.005864 0.008624
6 0.164104 0.540251 0.005749 0.009598
6 0.088773 0.704329 0.005979 0.007808
6 0.164128 0.597388 0.006100 0.009117
6 0.352188 0.508634 0.006100 0.008022
6 0.486111 0.738076 0.006928 0.008492
6 0.508421 0.737642 0.006620 0.008495
6 0.374420 0.508284 0.005963 0.007085
6 0.513596 0.514186 0.006201 0.008772
6 0.547530 0.562937 0.007156 0.008433
6 0.533818 0.514356 0.006916 0.008433
6 0.572213 0.562767 0.005961 0.007421
6 0.575432 0.621469 0.006678 0.008096
6 0.741722 0.682870 0.004770 0.010123
6 0.085986 0.860607 0.006005 0.008276
6 0.086139 0.760852 0.006005 0.008276
6 0.085832 0.793306 0.006313 0.010020
6 0.086064 0.830549 0.006467 0.007840
6 0.485336 0.888625 0.006438 0.011471
6 0.597611 0.835660 0.006676 0.010795
6 0.633622 0.863155 0.005246 0.009108
6 0.891743 0.822092 0.005572 0.009513
3 0.305409 0.037475 0.013699 0.020325
3 0.305397 0.058812 0.013852 0.019459
3 0.305324 0.407680 0.013582 0.018661
3 0.305361 0.428269 0.013719 0.019929
3 0.183884 0.694792 0.013666 0.019963
3 0.276548 0.604225 0.014410 0.018726
3 0.340242 0.625150 0.014073 0.018843
3 0.333294 0.676659 0.013658 0.020020
3 0.307556 0.625296 0.013904 0.018720
3 0.398183 0.670757 0.014758 0.018492
3 0.435996 0.699768 0.013270 0.019610
3 0.435612 0.625395 0.014134 0.018626
3 0.372211 0.625333 0.014301 0.018635
3 0.404144 0.625531 0.014021 0.019145
3 0.569582 0.740500 0.013826 0.019741
3 0.689142 0.740198 0.013997 0.020157
3 0.907174 0.605452 0.014053 0.018649
3 0.183935 0.794409 0.013584 0.020245
3 0.682890 0.780512 0.013241 0.020647
3 0.562367 0.780462 0.013683 0.020365
3 0.610580 0.780440 0.014045 0.020476
3 0.728859 0.780386 0.013721 0.020516
34 0.178925 0.862367 0.022476 0.015705
34 0.271558 0.788743 0.025711 0.013605
34 0.410777 0.789433 0.024253 0.014751
29 0.375361 0.567808 0.184412 0.044491
25 0.557221 0.174095 0.076489 0.049929
25 0.885910 0.173998 0.060820 0.042360
20 0.606435 0.505346 0.023370 0.028475
20 0.687041 0.505181 0.024803 0.027461
9 0.706153 0.115717 0.013233 0.018188
7 0.540627 0.287256 0.011757 0.018478
34 0.073614 0.305896 0.019021 0.010995
34 0.149087 0.306909 0.022703 0.009550
34 0.148883 0.338015 0.023112 0.009259
34 0.156143 0.545328 0.006545 0.007811
34 0.156349 0.562977 0.005727 0.006654
34 0.143666 0.562689 0.009408 0.006654
34 0.155836 0.601894 0.005113 0.006945
34 0.229264 0.330057 0.025977 0.013018
34 0.295635 0.301701 0.020862 0.009547
34 0.318645 0.301412 0.019841 0.010125
8 0.294510 0.313274 0.010431 0.012442
34 0.406799 0.301701 0.020250 0.009547
34 0.442080 0.302858 0.020453 0.011285
34 0.386141 0.329044 0.025566 0.013311
34 0.394803 0.366757 0.024166 0.006726
34 0.397935 0.413427 0.033131 0.017746
34 0.445266 0.402213 0.014198 0.009373
34 0.635415 0.219089 0.020588 0.013391
34 0.640503 0.304121 0.021299 0.015400
34 0.605834 0.483897 0.022482 0.012052
34 0.687123 0.484065 0.024138 0.013728
34 0.751256 0.329397 0.025558 0.013728
34 0.756463 0.681250 0.021297 0.011049
34 0.483241 0.745911 0.019799 0.010755
34 0.507019 0.745911 0.019621 0.010254
34 0.387219 0.611671 0.020683 0.010502
34 0.420099 0.611921 0.019976 0.012505
34 0.450769 0.612046 0.020860 0.011753
34 0.547076 0.569383 0.023334 0.009253
34 0.571651 0.570762 0.020498 0.008495
34 0.070629 0.792223 0.018203 0.011285
34 0.188034 0.082784 0.028848 0.013856
34 0.406275 0.044501 0.033622 0.015757
34 0.406708 0.065410 0.032434 0.016287
34 0.522769 0.284799 0.010445 0.053941
34 0.639143 0.149701 0.011199 0.035167
34 0.599282 0.123485 0.037927 0.013656
34 0.593548 0.288682 0.011064 0.053129
34 0.148999 0.250537 0.028022 0.009310
34 0.105797 0.307710 0.027528 0.015643
34 0.181139 0.541714 0.026501 0.011698
34 0.398720 0.434668 0.030965 0.015987
34 0.741123 0.378189 0.024603 0.012177
34 0.606387 0.447904 0.025546 0.013950
34 0.655194 0.275862 0.011005 0.034939
34 0.667772 0.447751 0.025310 0.013850
34 0.804101 0.246865 0.010900 0.042719
34 0.884212 0.420197 0.024146 0.013873
34 0.179092 0.761661 0.022166 0.014380
34 0.269465 0.760777 0.023056 0.014799
34 0.263103 0.525264 0.034788 0.013217
34 0.373936 0.567201 0.034521 0.010482
34 0.186915 0.641079 0.033539 0.036714
34 0.182137 0.559025 0.028900 0.011924
34 0.181814 0.578950 0.028656 0.012867
34 0.182016 0.597307 0.028253 0.011924
34 0.426322 0.725363 0.024762 0.013206
34 0.379091 0.741793 0.025064 0.013685
34 0.571113 0.760499 0.021714 0.013229
34 0.704974 0.658004 0.023687 0.014269
34 0.884216 0.571448 0.024073 0.014175
34 0.930018 0.786727 0.022607 0.015147
34 0.101211 0.793800 0.023090 0.014736
6 0.058411 0.704085 0.005749 0.007971
34 0.146287 0.165366 0.020407 0.011924
34 0.105575 0.175034 0.027085 0.013853
34 0.104324 0.084325 0.027182 0.014138
34 0.147063 0.199726 0.019742 0.011610
34 0.145974 0.123665 0.018213 0.009684
34 0.073199 0.083468 0.019742 0.011297
34 0.073532 0.173997 0.018189 0.009726
34 0.295515 0.031381 0.009760 0.008159
34 0.231522 0.089275 0.024176 0.010353
34 0.239507 0.151247 0.019740 0.013180
34 0.295958 0.052561 0.009760 0.009726
34 0.349305 0.151718 0.021072 0.012237
34 0.308602 0.284762 0.090500 0.014118
34 0.225977 0.259989 0.011745 0.040239
34 0.392063 0.256835 0.013529 0.050519
34 0.456166 0.275506 0.013086 0.032630
34 0.465039 0.219966 0.018854 0.011297
34 0.444090 0.202723 0.014200 0.009772
34 0.491193 0.053423 0.013892 0.009347
34 0.426162 0.108430 0.014178 0.009302
34 0.453086 0.109027 0.013860 0.008632
34 0.445673 0.053260 0.013602 0.009000
34 0.423225 0.203029 0.014323 0.009712
34 0.491204 0.032050 0.014458 0.009852
34 0.524276 0.101721 0.032311 0.015252
34 0.477586 0.149688 0.009643 0.034742
34 0.445915 0.032531 0.013582 0.009307
34 0.521926 0.123662 0.038211 0.014084
34 0.702557 0.202608 0.014901 0.009969
34 0.706281 0.102096 0.014835 0.009567
34 0.680663 0.202642 0.014400 0.009917
34 0.669198 0.102810 0.014343 0.009724
34 0.762498 0.150463 0.020850 0.014121
34 0.747637 0.246952 0.011535 0.042049
34 0.857544 0.241461 0.010870 0.042989
34 0.872184 0.150306 0.020629 0.014434
34 0.914210 0.240990 0.011757 0.044557
34 0.089075 0.452417 0.029770 0.014260
34 0.130315 0.514540 0.022182 0.016945
34 0.073643 0.388710 0.020183 0.012553
34 0.105449 0.390140 0.026934 0.014477
34 0.226259 0.367598 0.031374 0.007096
34 0.210864 0.301455 0.019678 0.009014
34 0.350858 0.501268 0.014879 0.007997
34 0.295182 0.423227 0.009982 0.009413
34 0.295182 0.402831 0.009539 0.008786
34 0.191720 0.397714 0.031305 0.014545
34 0.444963 0.423119 0.013471 0.009732
34 0.488293 0.402441 0.015139 0.009459
34 0.488525 0.423866 0.013952 0.009578
34 0.464950 0.530720 0.024500 0.014765
34 0.553163 0.468819 0.008977 0.008797
34 0.537161 0.274568 0.008378 0.008937
34 0.563570 0.495617 0.009017 0.008880
34 0.638159 0.421060 0.027687 0.016500
34 0.743511 0.367987 0.029670 0.007030
34 0.792553 0.508105 0.017967 0.011610
34 0.765603 0.507791 0.019075 0.011610
34 0.737988 0.507950 0.020185 0.012553
34 0.729769 0.301442 0.020602 0.009667
34 0.867910 0.457546 0.020014 0.022457
34 0.833086 0.457546 0.021285 0.023796
34 0.841157 0.301419 0.021062 0.008361
34 0.816615 0.302030 0.020220 0.008894
34 0.742788 0.460644 0.020608 0.011268
34 0.910662 0.329091 0.028169 0.011924
34 0.929235 0.302070 0.020191 0.008547
34 0.918645 0.367583 0.031444 0.007860
34 0.900857 0.456989 0.020252 0.022824
34 0.158468 0.638809 0.017436 0.010898
34 0.132850 0.637901 0.012194 0.009687
34 0.088510 0.665138 0.051666 0.008777
34 0.070316 0.760946 0.020185 0.010983
34 0.066550 0.695131 0.018185 0.010895
34 0.109230 0.695282 0.017756 0.010593
34 0.100959 0.762355 0.023795 0.015443
34 0.109039 0.732256 0.037385 0.032377
34 0.071129 0.733491 0.038108 0.033098
34 0.164525 0.513813 0.043122 0.026327
34 0.156017 0.582038 0.004319 0.006042
34 0.143353 0.582016 0.008826 0.005925
34 0.143304 0.544023 0.008961 0.005771
34 0.143252 0.601522 0.009216 0.005477
34 0.130732 0.518518 0.021573 0.006526
34 0.134531 0.533138 0.019521 0.010983
34 0.134308 0.551964 0.018189 0.010983
34 0.134419 0.571576 0.018854 0.011297
34 0.134086 0.591030 0.018189 0.010667
34 0.277965 0.785318 0.010963 0.006498
34 0.230352 0.738235 0.033741 0.013237
34 0.215597 0.525658 0.035179 0.014337
34 0.268686 0.707116 0.028153 0.012157
34 0.292701 0.610836 0.016950 0.012097
34 0.322450 0.611190 0.019762 0.012559
34 0.355959 0.611898 0.020620 0.011143
34 0.279787 0.737328 0.032585 0.012793
34 0.512593 0.522311 0.016027 0.008812
34 0.371715 0.501596 0.023346 0.006897
34 0.438754 0.505722 0.034748 0.015150
34 0.472272 0.526334 0.009871 0.006101
34 0.509845 0.606788 0.043320 0.018227
34 0.690571 0.760318 0.021074 0.012240
34 0.590964 0.660828 0.038938 0.016213
34 0.691374 0.713300 0.009194 0.008880
34 0.537818 0.522485 0.019214 0.009547
34 0.561097 0.622428 0.021344 0.010647
34 0.872184 0.702581 0.034380 0.015375
34 0.852553 0.756552 0.019519 0.011610
34 0.867637 0.607033 0.015528 0.014431
34 0.726717 0.666489 0.009031 0.008310
34 0.786939 0.703683 0.020993 0.024392
34 0.922133 0.602539 0.015894 0.016039
34 0.101309 0.831978 0.023086 0.015440
34 0.101370 0.861855 0.022965 0.014734
34 0.070950 0.860148 0.018060 0.013046
34 0.070566 0.830794 0.018062 0.011414
34 0.268726 0.808863 0.029116 0.011696
34 0.226746 0.838525 0.034321 0.012833
34 0.281238 0.837201 0.032867 0.014688
34 0.267470 0.889886 0.024343 0.014135
34 0.268933 0.861610 0.021469 0.013856
34 0.369526 0.888624 0.024748 0.013668
34 0.432912 0.908354 0.023237 0.012918
34 0.499843 0.888896 0.020367 0.010901
34 0.609158 0.863227 0.023352 0.014155
34 0.644497 0.862323 0.010759 0.010328
34 0.649929 0.781887 0.010185 0.005922
34 0.613972 0.834004 0.020296 0.010704
34 0.636488 0.789726 0.010284 0.006036
34 0.787528 0.814957 0.020612 0.022716
34 0.746320 0.789622 0.009722 0.006158
34 0.787248 0.759674 0.021394 0.022568
34 0.758940 0.781840 0.008501 0.006301
34 0.747854 0.869058 0.024434 0.014862
34 0.905192 0.823360 0.020530 0.017469
28 0.477348 0.246798 0.011448 0.044870
28 0.637675 0.245955 0.013832 0.043183
28 0.454930 0.328200 0.012879 0.043856
28 0.654488 0.328706 0.012639 0.044195
27 0.147078 0.215876 0.014458 0.024850
27 0.145835 0.181382 0.013830 0.024469
27 0.148329 0.265563 0.013830 0.024822
27 0.148308 0.320824 0.013594 0.024092
27 0.148341 0.355660 0.013813 0.024999
27 0.199786 0.757457 0.016394 0.020470
27 0.342255 0.757797 0.016432 0.021151
26 0.144892 0.134419 0.012907 0.011858
25 0.253336 0.173588 0.061547 0.040484
25 0.357318 0.173589 0.050071 0.044534
25 0.372522 0.173594 0.040774 0.044206
25 0.776301 0.173757 0.061052 0.041496
20 0.776779 0.455219 0.025278 0.029350
20 0.668201 0.626193 0.024803 0.026988
20 0.627779 0.625685 0.024087 0.028675
20 0.867282 0.786067 0.031241 0.044531
17 0.776254 0.323571 0.022363 0.030014
17 0.887460 0.545690 0.014243 0.022277
17 0.229279 0.762404 0.023856 0.030365
17 0.293889 0.860829 0.023060 0.032340
17 0.244735 0.861040 0.011630 0.017013
17 0.229329 0.860899 0.023558 0.032200
17 0.309694 0.861039 0.011728 0.017296
17 0.293889 0.762333 0.023656 0.030222
17 0.309743 0.761203 0.011432 0.017013
17 0.244836 0.760992 0.012226 0.017435
17 0.705404 0.785560 0.024325 0.033400
17 0.585448 0.785224 0.024801 0.033400
11 0.851529 0.478113 0.021358 0.029490
11 0.919704 0.478185 0.021511 0.029689
11 0.888514 0.478158 0.016352 0.029664
11 0.146210 0.651915 0.012625 0.017435
11 0.129660 0.680530 0.012325 0.017013
11 0.116390 0.680530 0.012425 0.016734
11 0.118079 0.597496 0.012029 0.016874
11 0.146006 0.625759 0.011835 0.017156
11 0.089021 0.680711 0.012417 0.017655
11 0.058680 0.680426 0.012679 0.017712
11 0.118329 0.578162 0.011928 0.016734
11 0.118328 0.558475 0.011531 0.016170
11 0.118179 0.540127 0.011829 0.016030
11 0.073350 0.680740 0.012425 0.016874
11 0.102822 0.680178 0.012325 0.016874
11 0.323353 0.628946 0.016259 0.022947
11 0.292194 0.626191 0.013832 0.016868
11 0.517956 0.630717 0.015905 0.022397
11 0.451838 0.629042 0.016428 0.022781
11 0.358163 0.629129 0.012055 0.022699
11 0.388234 0.628816 0.016090 0.023035
11 0.420116 0.629112 0.016195 0.022459
11 0.803866 0.525095 0.016934 0.022804
11 0.777079 0.525071 0.016720 0.022545
11 0.788225 0.731281 0.020032 0.030701
11 0.750343 0.525184 0.016843 0.022787
11 0.788107 0.785222 0.020747 0.029350
11 0.788345 0.840214 0.020272 0.028002
9 0.248533 0.096158 0.013449 0.018484
9 0.503984 0.038748 0.013789 0.017957
9 0.422539 0.215854 0.014059 0.018512
9 0.503927 0.059340 0.013874 0.018356
9 0.439059 0.114887 0.012615 0.016529
9 0.702530 0.216267 0.012425 0.017543
9 0.502076 0.408252 0.013721 0.018133
9 0.502045 0.428899 0.013799 0.018612
