3 0.118639 0.296275 0.036642 0.052796
2 0.119387 0.232182 0.034833 0.026557
1 0.118911 0.183454 0.031976 0.023807
1 0.118919 0.570080 0.036174 0.045409
0 0.119728 0.134681 0.030294 0.023126
23 0.409913 0.776394 0.039742 0.058344
29 0.700650 0.356547 0.101118 0.039222
31 0.697002 0.510524 0.041035 0.065620
25 0.409148 0.909000 0.051970 0.049735
26 0.695654 0.136082 0.034394 0.029553
27 0.695272 0.187618 0.034138 0.049735
30 0.693234 0.415789 0.042290 0.056942
32 0.698201 0.582873 0.034392 0.051536
24 0.410295 0.843408 0.033882 0.048293
28 0.696766 0.272826 0.027492 0.093340
22 0.409531 0.705047 0.044073 0.060906
21 0.410295 0.650087 0.025731 0.041804
20 0.408766 0.585396 0.039486 0.060185
19 0.407237 0.510932 0.016050 0.057663
18 0.408893 0.444621 0.014776 0.043970
17 0.406855 0.384436 0.036684 0.047572
16 0.405454 0.308391 0.023693 0.070638
15 0.405454 0.233388 0.035413 0.048293
14 0.405964 0.181311 0.032863 0.045768
13 0.408256 0.129775 0.039998 0.045050
12 0.123887 0.918008 0.041525 0.056221
11 0.124015 0.845209 0.044327 0.057663
10 0.120957 0.772590 0.033118 0.045768
9 0.120066 0.698920 0.037450 0.054420
7 0.119301 0.633329 0.037450 0.047210
6 0.119518 0.517542 0.017887 0.014537
5 0.119708 0.448839 0.021313 0.044688
4 0.118865 0.372270 0.033024 0.043520
