0 0.923346 0.765410 0.010939 0.009783
0 0.890298 0.777836 0.011684 0.009327
0 0.923431 0.790158 0.011152 0.009094
34 0.900751 0.653004 0.055975 0.033577
34 0.884237 0.693277 0.019601 0.024047
11 0.883729 0.723485 0.020036 0.027957
34 0.713332 0.698031 0.023803 0.012551
34 0.750197 0.505621 0.007736 0.022300
35 0.496818 0.648398 0.013475 0.049923
35 0.582228 0.648491 0.012941 0.050080
35 0.562142 0.725331 0.010868 0.048324
34 0.127101 0.043589 0.014895 0.010393
34 0.087045 0.146770 0.007192 0.016606
34 0.107042 0.204419 0.009978 0.010946
34 0.174022 0.043313 0.015598 0.010262
34 0.086804 0.225604 0.007818 0.025429
34 0.124063 0.189999 0.024654 0.024380
34 0.341096 0.043199 0.015584 0.010507
34 0.178902 0.043123 0.005629 0.010254
34 0.229175 0.043575 0.017714 0.010901
34 0.283302 0.043445 0.017720 0.011006
34 0.453006 0.043424 0.017466 0.011043
34 0.505572 0.043393 0.017558 0.010359
34 0.396442 0.043247 0.017438 0.010570
34 0.705875 0.133048 0.018854 0.015061
34 0.574477 0.043269 0.017597 0.010482
34 0.666606 0.043545 0.017349 0.010618
34 0.660277 0.166818 0.024418 0.024694
34 0.660561 0.085681 0.024797 0.025828
34 0.705605 0.108510 0.023012 0.012345
34 0.750016 0.151262 0.007305 0.016130
34 0.750029 0.225694 0.007387 0.025352
34 0.086970 0.449333 0.007421 0.021812
34 0.086695 0.347306 0.007379 0.021348
34 0.086792 0.392645 0.007415 0.021681
34 0.086860 0.302140 0.007556 0.021978
34 0.646572 0.270536 0.024668 0.023847
34 0.667617 0.284974 0.009839 0.010427
34 0.750192 0.304325 0.007278 0.021542
34 0.750089 0.449885 0.007156 0.021781
34 0.750223 0.347636 0.007250 0.021143
34 0.750310 0.393839 0.007115 0.021385
34 0.087081 0.545090 0.007151 0.020530
34 0.149976 0.712568 0.024899 0.025472
34 0.127459 0.669983 0.007339 0.014146
34 0.107420 0.574538 0.009261 0.010063
34 0.123080 0.559342 0.025133 0.025415
34 0.151390 0.643944 0.024734 0.025050
34 0.086894 0.608759 0.007494 0.022197
34 0.207621 0.598725 0.009851 0.010262
34 0.496592 0.614788 0.046896 0.018860
34 0.492843 0.721791 0.007274 0.016669
34 0.543267 0.643267 0.024434 0.024887
34 0.541718 0.726636 0.026108 0.025628
34 0.590230 0.615148 0.046160 0.019467
34 0.557532 0.668863 0.007490 0.013958
34 0.615950 0.572629 0.009998 0.010963
34 0.647945 0.709751 0.024404 0.025058
34 0.578096 0.721717 0.007571 0.016874
34 0.595246 0.559380 0.024786 0.024380
34 0.646739 0.644175 0.024730 0.025563
34 0.753514 0.683596 0.022846 0.012551
34 0.750030 0.615191 0.007264 0.021998
34 0.857101 0.694088 0.021116 0.025190
34 0.748050 0.547025 0.007301 0.021693
34 0.713088 0.674340 0.017635 0.012864
34 0.937862 0.692274 0.021900 0.025175
34 0.909441 0.693159 0.021094 0.023799
34 0.543577 0.792854 0.012278 0.010348
33 0.080547 0.560472 0.020602 0.020197
11 0.857255 0.723269 0.020788 0.028464
11 0.938258 0.723336 0.020538 0.028341
11 0.909163 0.723350 0.020179 0.028444
1 0.865204 0.777484 0.012206 0.011171
1 0.896258 0.764631 0.012488 0.010601
0 0.124376 0.211315 0.018405 0.014651
0 0.678836 0.168360 0.010435 0.026956
0 0.678875 0.086641 0.010490 0.026854
0 0.646038 0.290811 0.018813 0.015546
0 0.131483 0.645249 0.010419 0.026292
0 0.131439 0.712934 0.010296 0.026985
0 0.122797 0.580933 0.018664 0.015130
0 0.562063 0.645916 0.010290 0.027421
0 0.664731 0.645304 0.010651 0.026406
0 0.664780 0.710482 0.010528 0.026389
0 0.595585 0.579711 0.018471 0.014292
0 0.870705 0.765328 0.011096 0.009681
0 0.890284 0.790087 0.011378 0.009276
0 0.950593 0.790309 0.011078 0.008723
34 0.086958 0.503739 0.007595 0.021841
34 0.392798 0.375239 0.104134 0.073118
