34 0.614978 0.577300 0.024883 0.021924
34 0.108872 0.746371 0.025935 0.021023
34 0.270917 0.532207 0.007780 0.018002
34 0.270914 0.584516 0.008004 0.018304
34 0.337060 0.718192 0.026251 0.021924
34 0.271356 0.746607 0.025874 0.020795
34 0.241650 0.577556 0.008062 0.018527
35 0.732473 0.354483 0.004031 0.033913
35 0.612542 0.472234 0.027019 0.016324
35 0.613079 0.490395 0.027166 0.016503
35 0.736143 0.355016 0.011251 0.034836
35 0.825754 0.411290 0.027617 0.015911
35 0.825002 0.393463 0.027450 0.016711
35 0.933493 0.260690 0.023932 0.016677
35 0.906992 0.407001 0.011515 0.034531
35 0.348585 0.563688 0.011589 0.034243
35 0.467142 0.671412 0.027085 0.016543
35 0.467729 0.689223 0.027335 0.016064
35 0.582123 0.663709 0.011765 0.035084
35 0.688158 0.547498 0.011392 0.034027
34 0.241805 0.376887 0.025060 0.022533
34 0.108070 0.375872 0.024992 0.022026
34 0.191679 0.295105 0.025522 0.021114
34 0.157588 0.393327 0.024905 0.020573
34 0.114706 0.295898 0.025741 0.022043
34 0.131446 0.274409 0.007977 0.017982
34 0.192039 0.393700 0.025044 0.021126
34 0.287168 0.776423 0.024948 0.021168
34 0.288507 0.635385 0.024198 0.020693
34 0.259905 0.663897 0.024472 0.019917
34 0.229212 0.635681 0.024234 0.021553
34 0.350328 0.609497 0.048473 0.054600
34 0.292389 0.559890 0.024867 0.020932
34 0.228644 0.706327 0.024037 0.021168
34 0.229121 0.776406 0.024519 0.021134
34 0.901632 0.376877 0.007973 0.018535
34 0.901641 0.298673 0.007794 0.018190
34 0.081769 0.515043 0.049166 0.033420
34 0.107755 0.584577 0.008153 0.018313
34 0.174467 0.717757 0.025167 0.021824
34 0.079177 0.579235 0.008141 0.018378
34 0.066579 0.635365 0.023775 0.021308
34 0.128342 0.664188 0.023856 0.020271
34 0.066049 0.706032 0.023261 0.020670
34 0.124095 0.706304 0.023662 0.021163
34 0.129144 0.559588 0.024166 0.020903
34 0.125949 0.635225 0.023872 0.020858
34 0.097415 0.663215 0.023799 0.020239
34 0.767358 0.348259 0.024909 0.020883
34 0.784671 0.259008 0.023963 0.019869
34 0.861469 0.402999 0.043082 0.024563
34 0.781788 0.480358 0.007887 0.018521
34 0.781020 0.371029 0.007842 0.018102
34 0.735174 0.388967 0.046626 0.033175
34 0.889645 0.354889 0.024045 0.021342
34 0.889705 0.322891 0.023930 0.021205
34 0.767317 0.448028 0.025157 0.021459
34 0.907198 0.451288 0.049037 0.056934
34 0.577011 0.257814 0.008104 0.017481
34 0.648476 0.481448 0.043693 0.024292
34 0.563565 0.286281 0.024990 0.020963
34 0.561498 0.315063 0.024656 0.020157
34 0.563446 0.406998 0.025244 0.021599
34 0.829481 0.350560 0.047585 0.034047
34 0.774087 0.281550 0.016044 0.011462
34 0.760261 0.308527 0.013080 0.011268
34 0.418024 0.356811 0.024654 0.020815
34 0.463254 0.451861 0.024639 0.020154
34 0.387915 0.305261 0.025201 0.020251
34 0.418871 0.424651 0.025212 0.021208
34 0.461571 0.367747 0.025262 0.021394
34 0.502324 0.369248 0.008233 0.018946
34 0.502268 0.446684 0.008014 0.018435
34 0.554610 0.406964 0.007621 0.021616
34 0.489600 0.465486 0.013076 0.011251
34 0.419374 0.293293 0.024817 0.021633
35 0.525319 0.930004 0.011634 0.034206
35 0.083774 0.910070 0.011654 0.034514
35 0.785892 0.625040 0.011664 0.035301
34 0.623792 0.427062 0.047601 0.034449
34 0.586531 0.335516 0.007695 0.017563
34 0.577167 0.435972 0.007633 0.018561
34 0.341166 0.448089 0.012933 0.010980
34 0.272184 0.494383 0.012671 0.010915
34 0.278282 0.325765 0.008002 0.018159
34 0.295256 0.448001 0.013155 0.011146
34 0.291754 0.400597 0.054003 0.031983
34 0.338257 0.412251 0.025073 0.021362
34 0.296325 0.325244 0.007653 0.018159
34 0.330737 0.485081 0.025048 0.020302
11 0.698744 0.106915 0.024938 0.034309
11 0.584958 0.106894 0.024923 0.034238
11 0.639518 0.106921 0.024474 0.034144
11 0.808117 0.106750 0.024623 0.034098
11 0.753273 0.106765 0.025002 0.034050
35 0.742836 0.547548 0.011313 0.033830
35 0.848836 0.718918 0.023836 0.016475
11 0.859643 0.106780 0.025073 0.034186
11 0.969036 0.106908 0.025103 0.034283
11 0.914291 0.107050 0.024855 0.034198
11 0.136456 0.316636 0.024343 0.033522
11 0.212958 0.316778 0.024369 0.033517
11 0.436337 0.386921 0.025828 0.033921
11 0.141639 0.736530 0.025115 0.033807
11 0.083965 0.736473 0.026112 0.033659
11 0.246288 0.736540 0.024942 0.033890
11 0.304459 0.736827 0.024934 0.033944
11 0.688530 0.604174 0.024817 0.034554
11 0.742917 0.604340 0.025016 0.034944
6 0.083793 0.233930 0.006483 0.007940
6 0.277530 0.211509 0.005584 0.008906
6 0.436661 0.227706 0.006078 0.007905
6 0.323884 0.454484 0.006265 0.008666
34 0.820037 0.712643 0.016267 0.010712
35 0.584843 0.064991 0.011261 0.033995
13 0.299825 0.834141 0.012401 0.022605
13 0.137269 0.833482 0.012806 0.021220
13 0.462797 0.473163 0.012375 0.021892
13 0.192105 0.415564 0.012816 0.023052
13 0.156668 0.416421 0.013832 0.024964
15 0.736106 0.244942 0.013618 0.018894
17 0.436686 0.680339 0.025040 0.035423
17 0.785961 0.403095 0.023610 0.035087
17 0.581740 0.481533 0.024587 0.037110
33 0.446351 0.776271 0.018934 0.015534
33 0.276062 0.821718 0.010185 0.022702
33 0.112374 0.821684 0.010373 0.022730
33 0.795828 0.538645 0.018739 0.015762
33 0.591897 0.577001 0.019003 0.015551
33 0.444223 0.460875 0.010570 0.023175
33 0.221333 0.376428 0.015872 0.015284
33 0.128273 0.376218 0.015228 0.015076
34 0.192420 0.204540 0.019232 0.011325
34 0.743152 0.771117 0.025224 0.020769
34 0.743148 0.800459 0.025324 0.021721
34 0.760127 0.880382 0.049460 0.055702
34 0.469615 0.776550 0.024855 0.021667
34 0.208047 0.274486 0.007992 0.017595
34 0.291958 0.205063 0.019085 0.010627
34 0.321362 0.259286 0.048425 0.054508
34 0.362697 0.046747 0.030032 0.043531
34 0.213111 0.066211 0.021960 0.008786
34 0.265570 0.066368 0.021737 0.010353
34 0.338817 0.119198 0.024303 0.020806
34 0.233638 0.243428 0.025544 0.020707
34 0.228954 0.184902 0.024875 0.020980
34 0.246852 0.279219 0.025103 0.021032
34 0.374170 0.160365 0.007691 0.023887
34 0.405063 0.046044 0.030469 0.044058
34 0.742255 0.519583 0.033680 0.021502
34 0.818932 0.538622 0.024948 0.022374
34 0.884456 0.718606 0.049980 0.035127
34 0.719142 0.690014 0.023961 0.020718
34 0.718528 0.602179 0.024140 0.021131
34 0.184981 0.857183 0.007903 0.017774
34 0.066650 0.776472 0.023828 0.020912
34 0.124558 0.775607 0.024188 0.020915
34 0.137808 0.812233 0.024339 0.020311
34 0.171915 0.826073 0.013072 0.011291
34 0.082907 0.950319 0.053574 0.048646
34 0.078575 0.865989 0.008326 0.018777
34 0.160469 0.876026 0.013247 0.011396
34 0.096277 0.808266 0.023578 0.020829
34 0.577266 0.625329 0.007583 0.018569
34 0.576577 0.577635 0.007748 0.019658
34 0.670909 0.651761 0.024335 0.020929
34 0.581599 0.708108 0.050397 0.057184
34 0.723979 0.651620 0.021019 0.021422
34 0.577823 0.518963 0.007536 0.018324
34 0.785637 0.668683 0.049134 0.055588
34 0.755115 0.745664 0.007796 0.018646
3 0.856576 0.177937 0.016577 0.021721
34 0.781257 0.586683 0.007824 0.017931
6 0.785935 0.518394 0.005842 0.006928
6 0.786031 0.558477 0.006088 0.007458
6 0.785957 0.565252 0.006386 0.006931
6 0.785957 0.571706 0.006237 0.006603
6 0.436763 0.796379 0.006358 0.007412
6 0.436591 0.809146 0.006700 0.007424
6 0.436701 0.756074 0.005965 0.006973
6 0.436763 0.802455 0.006358 0.007412
5 0.561322 0.336633 0.012595 0.022476
3 0.360013 0.119172 0.015755 0.021388
3 0.526957 0.177935 0.016404 0.021650
3 0.402693 0.119122 0.016708 0.021482
3 0.636382 0.177979 0.016503 0.021744
3 0.695129 0.177918 0.016591 0.021667
3 0.581717 0.178012 0.016505 0.021576
6 0.785935 0.511831 0.006015 0.007657
6 0.785891 0.505147 0.005929 0.007655
6 0.582230 0.550150 0.006100 0.007412
6 0.582144 0.610088 0.005498 0.007655
6 0.582059 0.543646 0.005584 0.007293
6 0.582101 0.603282 0.005757 0.007412
6 0.582084 0.597052 0.006565 0.007851
6 0.582402 0.556894 0.006271 0.008264
6 0.436728 0.749825 0.006185 0.007412
6 0.436713 0.743075 0.006041 0.007563
6 0.287800 0.501757 0.006616 0.007219
6 0.275957 0.515081 0.006531 0.008453
34 0.506155 0.178691 0.024192 0.021319
34 0.432174 0.242562 0.007897 0.017526
34 0.419385 0.184685 0.024740 0.020496
34 0.505381 0.105792 0.023695 0.020750
34 0.512837 0.140208 0.023902 0.020673
34 0.674655 0.178632 0.023773 0.021528
34 0.560691 0.178719 0.024835 0.021114
34 0.567408 0.140190 0.024551 0.020613
34 0.627069 0.233024 0.026555 0.032784
34 0.614963 0.105174 0.024144 0.021034
34 0.673890 0.105591 0.023711 0.020895
34 0.348024 0.866442 0.007981 0.016623
34 0.334590 0.826463 0.013249 0.011502
34 0.240890 0.866123 0.007873 0.018413
34 0.436194 0.907395 0.050179 0.057105
34 0.431906 0.824403 0.007784 0.018507
34 0.520303 0.866086 0.008060 0.017837
35 0.760427 0.836680 0.011430 0.034414
35 0.436664 0.862739 0.011350 0.035201
34 0.560364 0.105174 0.023918 0.021006
34 0.564102 0.226629 0.016624 0.010117
34 0.735969 0.140192 0.024593 0.020693
34 0.790711 0.139916 0.024476 0.020784
34 0.783601 0.104977 0.024490 0.020829
34 0.802772 0.221392 0.007889 0.022459
34 0.835812 0.178656 0.023493 0.021513
34 0.728674 0.105221 0.024504 0.021208
34 0.729211 0.178635 0.024446 0.021362
34 0.784158 0.178635 0.024408 0.021357
34 0.681256 0.139872 0.023822 0.020838
34 0.622246 0.140131 0.025020 0.020650
34 0.891783 0.232193 0.008014 0.023981
6 0.331210 0.503131 0.015502 0.009966
6 0.253092 0.501999 0.005757 0.007703
6 0.573795 0.336701 0.005270 0.008518
6 0.581912 0.348983 0.006100 0.007780
6 0.582084 0.324818 0.006187 0.007600
34 0.945205 0.178626 0.023779 0.021442
34 0.890835 0.105202 0.020647 0.021046
34 0.431517 0.206730 0.007820 0.018470
34 0.409183 0.150889 0.012899 0.010772
34 0.615502 0.178692 0.024714 0.021186
34 0.524726 0.962724 0.041297 0.032676
35 0.639487 0.064993 0.011452 0.033890
35 0.602963 0.232857 0.021475 0.015950
34 0.780366 0.538710 0.008129 0.019655
34 0.286548 0.706644 0.024382 0.021633
34 0.951691 0.139860 0.023918 0.020775
34 0.944454 0.105000 0.023292 0.020881
34 0.842416 0.139952 0.023306 0.020724
34 0.835036 0.105492 0.022812 0.020821
34 0.730712 0.221401 0.007714 0.022391
34 0.897022 0.140174 0.023842 0.020769
34 0.228576 0.287549 0.012514 0.011109
34 0.235964 0.493914 0.013306 0.011402
34 0.349607 0.375923 0.007716 0.019097
34 0.305908 0.493512 0.012927 0.011385
34 0.208294 0.388371 0.007631 0.018367
34 0.159914 0.066156 0.020876 0.009843
34 0.106894 0.065452 0.021539 0.009376
34 0.066481 0.184960 0.024033 0.020772
34 0.272947 0.894791 0.013485 0.011285
34 0.300022 0.812445 0.024984 0.020034
34 0.260049 0.809280 0.024474 0.021103
34 0.351964 0.962766 0.040475 0.033403
34 0.251923 0.160695 0.012452 0.010094
34 0.340239 0.211079 0.025695 0.033545
34 0.094602 0.160705 0.012778 0.009892
34 0.078669 0.212861 0.008145 0.018558
35 0.807979 0.064860 0.010971 0.033973
35 0.753326 0.065050 0.011664 0.033594
35 0.859886 0.064850 0.011247 0.033748
35 0.968941 0.064942 0.011267 0.033639
35 0.914282 0.064923 0.011130 0.033995
35 0.300726 0.360903 0.011320 0.038963
35 0.282457 0.360828 0.011739 0.039262
34 0.290799 0.664786 0.024523 0.019946
34 0.396903 0.656619 0.048382 0.035027
34 0.432465 0.718031 0.007556 0.018296
34 0.431714 0.590084 0.007929 0.019228
34 0.520839 0.570896 0.007750 0.018071
34 0.431041 0.776824 0.008171 0.020014
34 0.503009 0.680616 0.042520 0.024628
34 0.663268 0.603101 0.024198 0.021100
34 0.664316 0.690205 0.023959 0.020815
34 0.687987 0.518836 0.033785 0.021525
35 0.315598 0.211345 0.023799 0.016740
35 0.287812 0.247911 0.023989 0.017019
35 0.379123 0.194661 0.011670 0.039325
35 0.363046 0.083217 0.010931 0.030795
35 0.405896 0.083317 0.011072 0.030835
3 0.804483 0.177992 0.015953 0.021371
6 0.507413 0.418675 0.006293 0.007689
0 0.760456 0.800825 0.007971 0.021713
0 0.760482 0.771394 0.008012 0.022086
0 0.246446 0.635854 0.008042 0.021402
0 0.304558 0.635893 0.007794 0.021345
0 0.275767 0.560264 0.008100 0.021593
0 0.290074 0.679352 0.014696 0.010809
0 0.260996 0.679174 0.014954 0.011223
0 0.127445 0.679042 0.015224 0.010579
0 0.098514 0.678709 0.015389 0.011177
0 0.083695 0.635734 0.008139 0.021647
0 0.112882 0.560145 0.007863 0.021698
0 0.141927 0.635651 0.007754 0.021334
0 0.907205 0.323477 0.008020 0.021750
0 0.907216 0.355254 0.007994 0.021348
35 0.698568 0.064806 0.011060 0.033910
0 0.785908 0.448505 0.008133 0.021496
0 0.785882 0.348928 0.008018 0.021562
0 0.582059 0.286905 0.007985 0.021664
0 0.582025 0.407173 0.007901 0.021624
0 0.387827 0.322331 0.015747 0.011998
0 0.436808 0.293659 0.007931 0.022012
0 0.355833 0.411663 0.007395 0.021496
0 0.331318 0.501530 0.014793 0.011234
0 0.233349 0.258941 0.014917 0.011328
0 0.246839 0.294768 0.015197 0.011308
0 0.436799 0.184984 0.007490 0.021174
0 0.246430 0.185567 0.008022 0.021274
0 0.083721 0.185523 0.008127 0.021436
1 0.246481 0.776858 0.007905 0.021365
1 0.304554 0.776805 0.008004 0.021334
1 0.083740 0.776817 0.008141 0.021499
1 0.141908 0.775797 0.007816 0.021818
1 0.743042 0.652049 0.007599 0.021151
1 0.688429 0.652066 0.007651 0.020912
1 0.436829 0.424848 0.007683 0.021824
1 0.969056 0.140503 0.007891 0.021804
1 0.914445 0.140527 0.007693 0.021773
1 0.859897 0.140494 0.008078 0.021593
1 0.753426 0.140522 0.007822 0.021516
1 0.808107 0.140500 0.007766 0.021451
1 0.531221 0.140586 0.006035 0.021388
1 0.639657 0.140520 0.007649 0.021656
1 0.585004 0.140506 0.007832 0.021587
1 0.698629 0.140509 0.007834 0.021661
3 0.739710 0.689895 0.016503 0.021368
3 0.685023 0.689793 0.016606 0.021604
3 0.804923 0.259158 0.016886 0.020168
3 0.732770 0.270613 0.016632 0.022177
3 0.965757 0.178166 0.016773 0.021376
3 0.911108 0.178172 0.016422 0.021154
3 0.749810 0.177987 0.016211 0.021411
11 0.530798 0.107149 0.023844 0.033739
34 0.131751 0.389557 0.008284 0.019752
3 0.706593 0.712905 0.017377 0.022636
34 0.378249 0.224674 0.046362 0.022377
34 0.381972 0.118814 0.024533 0.020667
34 0.586416 0.041832 0.120197 0.013958
34 0.707321 0.735141 0.023062 0.021471
34 0.960494 0.257965 0.026463 0.036592
34 0.711593 0.270995 0.024839 0.021710
34 0.533655 0.308910 0.025328 0.020470
34 0.890307 0.178725 0.024007 0.021285
34 0.174016 0.481590 0.106440 0.034899
34 0.176148 0.251818 0.015790 0.010846
34 0.915131 0.042311 0.119778 0.015571
34 0.754654 0.036492 0.123368 0.025962
35 0.352166 0.930120 0.011946 0.034722
35 0.529277 0.065211 0.013187 0.033671
