34 0.126987 0.359920 0.021356 0.017709
34 0.443781 0.369685 0.020725 0.017016
34 0.523270 0.252220 0.006950 0.006292
34 0.512036 0.387632 0.018817 0.013360
34 0.475087 0.369722 0.021982 0.017216
34 0.526715 0.402267 0.006219 0.011978
34 0.259001 0.422543 0.050250 0.051835
34 0.238750 0.252139 0.006940 0.006130
34 0.203284 0.252137 0.006672 0.006127
34 0.296162 0.301539 0.069327 0.026794
34 0.282415 0.252096 0.006475 0.006044
34 0.541732 0.387638 0.018779 0.013383
34 0.597388 0.336406 0.037170 0.025774
34 0.649600 0.387525 0.018201 0.013539
34 0.679112 0.387501 0.019021 0.013611
34 0.637154 0.336344 0.037349 0.025950
34 0.430429 0.431151 0.010931 0.009268
34 0.445919 0.305214 0.066612 0.035061
34 0.457442 0.386339 0.006459 0.015677
34 0.554717 0.402314 0.006344 0.012135
34 0.496710 0.402210 0.006249 0.012189
34 0.466677 0.468837 0.023495 0.017042
34 0.747206 0.253477 0.006366 0.008806
34 0.763014 0.484117 0.018908 0.015164
34 0.806452 0.322274 0.006237 0.015241
34 0.594928 0.401252 0.006263 0.014098
34 0.669381 0.485697 0.006642 0.013371
34 0.651705 0.260174 0.007065 0.015201
34 0.594545 0.424166 0.006394 0.014300
34 0.634534 0.401254 0.006428 0.013958
34 0.610229 0.387511 0.018028 0.013619
34 0.689755 0.424578 0.023495 0.016292
34 0.569926 0.387593 0.018084 0.013471
34 0.944371 0.431262 0.011092 0.008977
34 0.946978 0.450626 0.019335 0.015882
34 0.782192 0.431824 0.011334 0.008464
34 0.832658 0.272488 0.011094 0.009427
34 0.792492 0.478319 0.006559 0.014044
34 0.850086 0.328514 0.006694 0.015375
34 0.776118 0.253470 0.006334 0.008792
34 0.779925 0.459228 0.018691 0.015708
34 0.228910 0.608551 0.010971 0.009687
34 0.216490 0.631101 0.011174 0.009413
34 0.102164 0.585044 0.019778 0.017538
34 0.070237 0.585006 0.021118 0.017820
34 0.133170 0.584893 0.021666 0.017481
34 0.130027 0.609256 0.010840 0.009222
34 0.931125 0.484984 0.019797 0.015520
34 0.955745 0.488983 0.006152 0.014340
34 0.899112 0.434949 0.030214 0.040123
34 0.480760 0.528987 0.043270 0.017347
34 0.414774 0.685975 0.006060 0.013990
34 0.431235 0.725576 0.009835 0.008803
34 0.453874 0.597321 0.011245 0.096267
34 0.383373 0.601932 0.011315 0.097156
34 0.418571 0.602149 0.010526 0.096341
34 0.230619 0.584967 0.020884 0.017486
34 0.202318 0.734339 0.006481 0.013859
34 0.205034 0.667888 0.044299 0.026264
34 0.220547 0.720883 0.022842 0.017612
34 0.199342 0.585017 0.019627 0.017632
34 0.204803 0.761109 0.035592 0.017333
34 0.523930 0.601385 0.014194 0.094762
34 0.488108 0.599816 0.012200 0.097273
34 0.379772 0.686040 0.006394 0.014081
34 0.519536 0.686089 0.006211 0.014184
34 0.484707 0.686050 0.006396 0.014101
34 0.502534 0.705596 0.022699 0.017381
34 0.432809 0.705574 0.022810 0.017384
34 0.467678 0.705618 0.022822 0.017398
34 0.449648 0.686063 0.006344 0.013881
34 0.397786 0.705573 0.021507 0.017239
34 0.749077 0.644031 0.009907 0.008666
34 0.742030 0.510842 0.021388 0.016287
34 0.770774 0.620940 0.027905 0.028361
34 0.538759 0.705456 0.021084 0.018179
34 0.658238 0.554793 0.023479 0.017435
34 0.724559 0.518501 0.010935 0.009427
34 0.942893 0.524118 0.029621 0.010698
34 0.896943 0.710315 0.024692 0.017569
34 0.943552 0.593871 0.024718 0.016993
34 0.878217 0.535212 0.005685 0.013274
34 0.778925 0.523413 0.030119 0.011328
34 0.768046 0.592156 0.009569 0.008353
34 0.711356 0.569078 0.006894 0.013682
34 0.755157 0.567080 0.022764 0.017250
34 0.812206 0.618880 0.022337 0.017116
34 0.844530 0.584250 0.022818 0.016663
34 0.891007 0.518049 0.011438 0.009567
34 0.298161 0.238454 0.006608 0.014332
34 0.342946 0.238501 0.006448 0.014289
34 0.184874 0.248216 0.006602 0.014323
34 0.354122 0.238458 0.006616 0.014209
34 0.379304 0.117358 0.006098 0.146851
34 0.255047 0.260094 0.006670 0.015178
34 0.369711 0.117201 0.011311 0.144657
34 0.222561 0.248300 0.006598 0.014531
34 0.238548 0.248296 0.006696 0.014557
34 0.309546 0.238495 0.006384 0.014198
34 0.321325 0.238485 0.006376 0.014155
34 0.282169 0.248195 0.006606 0.014263
34 0.266484 0.229132 0.006549 0.015523
34 0.167670 0.229108 0.006751 0.015748
34 0.115066 0.517428 0.067446 0.043064
34 0.073431 0.260204 0.006527 0.015227
34 0.731162 0.779198 0.023703 0.017278
34 0.711878 0.808403 0.006583 0.014315
34 0.877357 0.805151 0.006426 0.013956
34 0.897724 0.779681 0.024774 0.016837
34 0.203070 0.248400 0.006430 0.014594
33 0.763984 0.458675 0.011223 0.013485
33 0.931415 0.450829 0.011315 0.013274
22 0.771035 0.649132 0.021060 0.028438
21 0.751101 0.495231 0.004289 0.009031
21 0.918592 0.494967 0.004875 0.008025
21 0.374255 0.757294 0.011172 0.020145
6 0.717489 0.381139 0.006481 0.008609
6 0.885142 0.381148 0.006706 0.008909
6 0.457326 0.889815 0.007323 0.016854
6 0.494778 0.890191 0.007655 0.016455
6 0.532184 0.889920 0.007675 0.016820
6 0.419930 0.890437 0.007581 0.015762
6 0.569433 0.889745 0.007524 0.016993
0 0.077467 0.212878 0.005353 0.014010
0 0.094713 0.212720 0.005836 0.014685
0 0.655554 0.226364 0.005407 0.014409
0 0.669996 0.226238 0.005548 0.014015
0 0.750489 0.237288 0.004591 0.011453
0 0.810289 0.230935 0.005759 0.014084
0 0.779473 0.237351 0.004543 0.011339
0 0.794832 0.129407 0.010856 0.008361
0 0.965279 0.212998 0.005554 0.013833
0 0.140940 0.360264 0.005985 0.014474
0 0.172288 0.360204 0.005774 0.014144
0 0.297152 0.360239 0.005808 0.014380
0 0.259048 0.496029 0.006009 0.014520
0 0.235223 0.360274 0.005933 0.014146
0 0.204395 0.360161 0.005997 0.014389
0 0.429789 0.370409 0.005703 0.014400
0 0.500202 0.388059 0.004365 0.010858
0 0.482082 0.468966 0.005844 0.013662
0 0.370732 0.370457 0.005610 0.014497
0 0.460963 0.370406 0.005818 0.014446
0 0.598470 0.388095 0.004454 0.010861
0 0.558221 0.387975 0.004565 0.010946
0 0.530197 0.388153 0.003973 0.010647
0 0.638008 0.388048 0.004343 0.010658
0 0.666748 0.388142 0.004470 0.010903
0 0.689520 0.437213 0.009635 0.007808
0 0.750894 0.484353 0.004085 0.009738
0 0.918501 0.484272 0.004202 0.009860
0 0.147425 0.584993 0.005842 0.014551
0 0.162082 0.515645 0.005900 0.014426
0 0.116141 0.584866 0.005687 0.014765
0 0.084331 0.584960 0.006003 0.014594
0 0.381316 0.705533 0.002073 0.014081
0 0.205919 0.720922 0.005794 0.014451
0 0.213393 0.584912 0.005808 0.014725
34 0.530016 0.334879 0.052417 0.025705
34 0.731500 0.434241 0.029426 0.040633
34 0.356214 0.369783 0.022097 0.017253
34 0.371342 0.306096 0.065044 0.034135
34 0.189496 0.304856 0.035177 0.018005
11 0.715697 0.748226 0.019247 0.027999
34 0.189821 0.292786 0.113485 0.007703
34 0.228398 0.509135 0.052067 0.057706
35 0.482293 0.504112 0.008989 0.029883
35 0.530317 0.363518 0.009144 0.029270
11 0.881093 0.749635 0.019091 0.025460
34 0.882507 0.857694 0.044905 0.020661
34 0.715493 0.860004 0.034490 0.018846
34 0.688848 0.749054 0.030939 0.037749
34 0.909291 0.510627 0.025294 0.015925
34 0.731529 0.707734 0.025580 0.016398
34 0.908903 0.751803 0.032436 0.032799
34 0.176246 0.515061 0.020622 0.017264
35 0.160164 0.205489 0.009031 0.028846
35 0.171441 0.205379 0.009023 0.028609
35 0.128843 0.205291 0.009180 0.028683
35 0.144674 0.205484 0.009170 0.028757
35 0.077579 0.169672 0.008985 0.028926
35 0.204234 0.205886 0.004102 0.029869
35 0.095045 0.169796 0.009192 0.029191
35 0.259240 0.205543 0.008733 0.028612
35 0.242078 0.205523 0.009039 0.028834
35 0.346715 0.205403 0.008983 0.028698
35 0.226197 0.205430 0.009384 0.029139
35 0.335568 0.205453 0.008485 0.028604
35 0.301846 0.205338 0.009144 0.028692
35 0.206815 0.205378 0.009678 0.029496
35 0.285632 0.205242 0.009289 0.029134
35 0.188393 0.205392 0.009353 0.028909
35 0.270417 0.205382 0.009033 0.028923
35 0.313244 0.205419 0.008926 0.028786
35 0.325065 0.205380 0.008632 0.029005
35 0.498408 0.205068 0.008838 0.028472
35 0.464393 0.205296 0.009091 0.028826
35 0.431716 0.205380 0.009061 0.029051
35 0.357877 0.205306 0.009085 0.028852
35 0.487288 0.205285 0.008989 0.028746
35 0.381047 0.205380 0.008850 0.028789
35 0.369107 0.205398 0.008761 0.028840
35 0.509697 0.205058 0.009152 0.028669
35 0.442678 0.205398 0.008680 0.029062
35 0.475999 0.205249 0.009057 0.028926
35 0.453688 0.205362 0.008729 0.028968
35 0.408268 0.205425 0.009351 0.029305
35 0.526780 0.205522 0.009341 0.029419
35 0.392791 0.205369 0.008749 0.028584
35 0.420207 0.205370 0.009009 0.029060
35 0.587242 0.204993 0.009049 0.028983
35 0.573931 0.205492 0.009043 0.028954
35 0.655595 0.176944 0.009289 0.029863
35 0.560333 0.205274 0.009120 0.028552
35 0.614613 0.205245 0.008920 0.029282
35 0.546350 0.205410 0.008836 0.028381
35 0.670146 0.176871 0.009224 0.029319
35 0.626051 0.205127 0.009047 0.029325
35 0.599151 0.205117 0.009160 0.029054
35 0.701379 0.205494 0.008842 0.028874
35 0.762384 0.128739 0.019913 0.013038
35 0.854007 0.235144 0.009734 0.028720
35 0.736082 0.205336 0.009053 0.028820
35 0.712988 0.205487 0.009077 0.028837
35 0.724760 0.205359 0.008836 0.028683
35 0.750644 0.213019 0.008918 0.028997
35 0.779628 0.212858 0.008991 0.028897
35 0.140915 0.328005 0.009710 0.029496
35 0.172164 0.328463 0.009041 0.029436
35 0.161752 0.483408 0.009579 0.029262
35 0.258834 0.463974 0.009359 0.029390
35 0.204091 0.328648 0.009327 0.029162
35 0.297044 0.328512 0.008959 0.029182
35 0.235160 0.328277 0.009551 0.029561
35 0.500257 0.363643 0.009321 0.029054
35 0.461183 0.337931 0.009150 0.029228
35 0.370910 0.337958 0.009579 0.029327
35 0.429841 0.337733 0.009400 0.029305
35 0.666939 0.363538 0.009156 0.029008
35 0.558483 0.363606 0.008888 0.028524
35 0.638062 0.363783 0.009299 0.028746
35 0.598816 0.363837 0.009406 0.029003
35 0.084116 0.553044 0.009416 0.029558
35 0.116158 0.553123 0.009468 0.029484
35 0.147447 0.553102 0.009237 0.029801
35 0.244304 0.553159 0.009635 0.029459
35 0.213362 0.553015 0.008977 0.029456
35 0.205755 0.695473 0.009259 0.029327
35 0.418463 0.663713 0.009283 0.029034
35 0.523283 0.663748 0.009474 0.029194
35 0.453256 0.663515 0.009168 0.029071
35 0.488163 0.663715 0.009533 0.029270
35 0.383380 0.663652 0.009343 0.029094
35 0.494826 0.859253 0.009325 0.029159
35 0.420140 0.859299 0.009406 0.028852
35 0.457525 0.859426 0.009104 0.029270
35 0.532616 0.859248 0.008826 0.029228
35 0.569758 0.859355 0.009480 0.028946
35 0.593184 0.942150 0.025014 0.013938
35 0.715817 0.835950 0.009700 0.029541
34 0.569639 0.809444 0.010459 0.072938
34 0.518200 0.928624 0.021275 0.016683
34 0.494731 0.809490 0.012399 0.072961
34 0.532021 0.809803 0.011890 0.073759
34 0.419873 0.809533 0.010870 0.073149
34 0.480681 0.928666 0.021322 0.016774
34 0.405765 0.928772 0.020175 0.016956
34 0.443273 0.928625 0.020965 0.016720
34 0.551684 0.928702 0.013473 0.016748
34 0.457362 0.809655 0.010784 0.073081
34 0.171240 0.143246 0.011311 0.092568
34 0.160593 0.143873 0.009982 0.091314
34 0.129540 0.147011 0.011311 0.087546
34 0.144845 0.146540 0.010870 0.088487
34 0.078413 0.116887 0.007542 0.073112
34 0.108685 0.212266 0.022301 0.017224
34 0.091112 0.229013 0.006491 0.015534
34 0.141134 0.248217 0.006285 0.014201
34 0.063050 0.212284 0.022248 0.017142
34 0.125180 0.248236 0.006416 0.014335
34 0.095134 0.106123 0.011634 0.097449
34 0.624450 0.942528 0.038860 0.023625
34 0.331847 0.238505 0.006229 0.013990
34 0.347197 0.117045 0.011533 0.144970
34 0.336439 0.116888 0.009095 0.145284
34 0.326568 0.117201 0.009760 0.145284
34 0.313704 0.117672 0.009317 0.146851
0 0.244473 0.584974 0.005921 0.014440
0 0.418224 0.705343 0.005715 0.014335
0 0.383162 0.705466 0.005836 0.014580
0 0.522874 0.705453 0.005691 0.014343
0 0.487926 0.705453 0.005598 0.014389
0 0.453162 0.705416 0.005909 0.014434
34 0.303279 0.117515 0.011090 0.144030
0 0.673656 0.554920 0.005492 0.013705
0 0.715699 0.707662 0.005653 0.014161
0 0.738990 0.567797 0.005868 0.014289
0 0.742007 0.523723 0.011839 0.009812
0 0.796413 0.619584 0.005776 0.014488
0 0.844468 0.596911 0.009968 0.008327
0 0.882246 0.710600 0.003815 0.013306
0 0.907610 0.523832 0.011513 0.009738
0 0.959363 0.593614 0.005451 0.013793
0 0.419804 0.928639 0.005735 0.014451
0 0.457270 0.928726 0.005669 0.014346
0 0.494628 0.928746 0.005473 0.014169
0 0.532221 0.928634 0.005788 0.014337
0 0.569715 0.928653 0.005860 0.014286
0 0.532148 0.888659 0.006461 0.016925
0 0.881399 0.779762 0.005570 0.013671
0 0.715666 0.779729 0.005582 0.013736
34 0.472517 0.228485 0.006332 0.014030
34 0.365292 0.238478 0.006684 0.014181
34 0.483878 0.226596 0.006366 0.013887
34 0.427956 0.235694 0.006432 0.013998
34 0.405055 0.238514 0.006364 0.014058
34 0.416696 0.236660 0.006591 0.014175
34 0.494980 0.224382 0.006535 0.013368
34 0.388965 0.238416 0.006563 0.014192
34 0.587539 0.148423 0.008431 0.082841
34 0.599628 0.140735 0.009095 0.099470
34 0.615377 0.149051 0.009093 0.081584
34 0.626468 0.149678 0.009982 0.082838
34 0.655969 0.126458 0.007764 0.070288
34 0.450242 0.232367 0.006664 0.014212
34 0.452231 0.185541 0.068910 0.009869
34 0.526596 0.140543 0.012000 0.099154
34 0.523222 0.248356 0.006545 0.014323
34 0.438997 0.234581 0.006390 0.014400
34 0.505930 0.223777 0.006585 0.013665
34 0.460738 0.230425 0.006251 0.013776
34 0.666387 0.243028 0.006408 0.015973
34 0.697301 0.235707 0.006438 0.016082
34 0.683922 0.226328 0.021426 0.017529
34 0.641199 0.226157 0.021523 0.017438
34 0.556546 0.242407 0.006557 0.014206
34 0.622115 0.240113 0.006688 0.014577
34 0.553558 0.222659 0.009573 0.008481
34 0.570211 0.241452 0.006444 0.014058
34 0.670754 0.115326 0.011751 0.098860
34 0.546811 0.142197 0.010850 0.101100
34 0.700281 0.149179 0.010244 0.086349
34 0.561032 0.141205 0.009982 0.099156
34 0.574564 0.156895 0.010425 0.067150
34 0.723347 0.142931 0.010425 0.095705
34 0.712146 0.142304 0.010203 0.096959
34 0.762209 0.236932 0.017214 0.013505
34 0.825026 0.231104 0.021608 0.017096
34 0.791141 0.236914 0.018060 0.013719
34 0.761949 0.105741 0.032955 0.034184
34 0.794814 0.116067 0.022834 0.016723
34 0.853274 0.207915 0.042421 0.026176
34 0.595150 0.240892 0.006328 0.014243
34 0.583530 0.241455 0.006646 0.014355
34 0.720773 0.235804 0.006581 0.016480
34 0.610803 0.240527 0.006521 0.013970
34 0.161106 0.443359 0.051426 0.051436
34 0.141185 0.252201 0.006676 0.006255
34 0.156251 0.260101 0.006946 0.014981
34 0.892774 0.123786 0.010117 0.008592
34 0.949509 0.212115 0.024091 0.018045
34 0.732293 0.235346 0.006402 0.015799
34 0.765616 0.180235 0.039597 0.034885
34 0.709194 0.235838 0.006487 0.016036
34 0.736103 0.144500 0.010647 0.088800
34 0.190139 0.360001 0.021475 0.017387
34 0.222789 0.252107 0.006811 0.006067
34 0.273418 0.495667 0.020929 0.017638
34 0.221228 0.360043 0.020832 0.017435
34 0.336145 0.406932 0.011013 0.009356
34 0.311533 0.359859 0.022123 0.017831
34 0.185092 0.252140 0.006791 0.006133
34 0.158210 0.359991 0.020763 0.017310
34 0.125377 0.252192 0.006922 0.006235
34 0.426220 0.386308 0.006388 0.015802
34 0.285645 0.139480 0.011757 0.097586
34 0.271115 0.154543 0.010647 0.069974
34 0.259359 0.155797 0.011092 0.071228
34 0.242502 0.144030 0.011092 0.092881
34 0.226309 0.144188 0.015528 0.090684
34 0.207011 0.143716 0.015083 0.087233
34 0.188491 0.144972 0.015749 0.092251
34 0.377138 0.238477 0.006452 0.014172
34 0.392839 0.118455 0.011090 0.145284
34 0.357737 0.117985 0.011203 0.144343
