34 0.369103 0.612032 0.023116 0.018210
35 0.807982 0.121602 0.027520 0.013514
34 0.863751 0.859712 0.015085 0.011975
34 0.686440 0.831423 0.021313 0.010946
34 0.612439 0.831372 0.020892 0.011408
34 0.470288 0.831322 0.018437 0.011097
34 0.400224 0.831386 0.021366 0.011374
34 0.540631 0.831361 0.021056 0.011322
34 0.317860 0.052371 0.020707 0.011319
34 0.223012 0.195467 0.005479 0.007486
34 0.207215 0.161258 0.006352 0.007692
34 0.196924 0.197139 0.006245 0.013029
34 0.189734 0.052471 0.017985 0.010989
34 0.134665 0.122418 0.009438 0.020727
34 0.175298 0.160409 0.005919 0.007760
34 0.763079 0.831409 0.020900 0.011015
34 0.465252 0.143814 0.010854 0.008632
34 0.459816 0.051972 0.018483 0.011696
34 0.389689 0.052415 0.020868 0.011151
34 0.455521 0.173584 0.005550 0.007595
34 0.457486 0.187489 0.017990 0.017258
34 0.332818 0.186815 0.005475 0.007618
34 0.288297 0.149719 0.006126 0.007606
34 0.269200 0.201083 0.005923 0.012699
34 0.208700 0.141281 0.024623 0.024882
34 0.349259 0.183585 0.023002 0.017925
34 0.249036 0.204179 0.020921 0.018054
34 0.223525 0.208826 0.019319 0.016632
34 0.223970 0.236597 0.020651 0.017572
34 0.457792 0.227531 0.023163 0.018099
34 0.470847 0.206986 0.023153 0.017928
34 0.528919 0.252827 0.023362 0.018598
34 0.400041 0.205352 0.023205 0.017977
34 0.528261 0.227449 0.023352 0.018478
34 0.388010 0.227911 0.023328 0.018547
34 0.421650 0.198272 0.005757 0.012804
34 0.614349 0.187971 0.006128 0.013434
34 0.572515 0.175483 0.006166 0.013149
34 0.663902 0.211378 0.006281 0.013391
34 0.601845 0.052381 0.020967 0.011317
34 0.675818 0.052381 0.021241 0.011220
34 0.492258 0.197553 0.005983 0.012633
34 0.431406 0.175768 0.006108 0.012864
34 0.642093 0.211337 0.018654 0.018512
34 0.704535 0.200668 0.018433 0.019142
34 0.639395 0.198529 0.009325 0.007518
34 0.617927 0.136275 0.006048 0.007296
34 0.597181 0.173578 0.005699 0.007515
34 0.599506 0.187333 0.019098 0.016945
34 0.683505 0.241170 0.023183 0.018065
34 0.597359 0.227851 0.025427 0.018421
34 0.701485 0.158936 0.010504 0.007253
34 0.539767 0.204937 0.023056 0.018008
34 0.647410 0.149896 0.023757 0.017586
34 0.560938 0.198434 0.006094 0.012690
34 0.859570 0.182692 0.006146 0.015432
34 0.861633 0.116600 0.009261 0.008624
34 0.707044 0.189906 0.005526 0.012989
34 0.752562 0.052323 0.020927 0.011240
34 0.829126 0.052330 0.020959 0.011134
34 0.829497 0.116724 0.009398 0.008649
34 0.779510 0.149550 0.007921 0.007934
34 0.835817 0.135805 0.008000 0.007905
34 0.894720 0.152301 0.007566 0.007196
34 0.853416 0.080266 0.014615 0.011203
34 0.879448 0.080519 0.014287 0.011593
34 0.705562 0.158943 0.002583 0.006879
34 0.869861 0.178934 0.005794 0.013007
34 0.767738 0.120252 0.052659 0.023548
34 0.813422 0.216294 0.023056 0.018492
34 0.847075 0.108581 0.022804 0.017549
34 0.845727 0.207774 0.024762 0.025437
34 0.751637 0.216471 0.023302 0.018287
34 0.808727 0.240956 0.023151 0.017911
34 0.747787 0.241341 0.023137 0.018658
34 0.790286 0.209808 0.006124 0.013329
34 0.728233 0.211899 0.006233 0.013135
34 0.166641 0.404689 0.023346 0.018293
34 0.167285 0.370083 0.023330 0.018416
34 0.138932 0.313608 0.009029 0.027489
34 0.138990 0.426200 0.008946 0.026956
34 0.926019 0.123529 0.009484 0.021468
34 0.894107 0.126793 0.008596 0.007201
34 0.929960 0.216671 0.009093 0.034203
34 0.896355 0.139950 0.019075 0.016315
34 0.896914 0.165523 0.018421 0.017258
34 0.894822 0.178512 0.007347 0.007170
34 0.832579 0.273624 0.014662 0.016942
34 0.895907 0.219809 0.017546 0.017258
34 0.896350 0.192039 0.017990 0.016942
34 0.288176 0.416116 0.006146 0.013052
34 0.281296 0.476077 0.008721 0.008700
34 0.303597 0.341488 0.027041 0.019191
34 0.212141 0.412095 0.005705 0.008344
34 0.313274 0.413468 0.005830 0.007501
34 0.177175 0.404017 0.002214 0.016264
34 0.315467 0.427934 0.019098 0.017572
34 0.213322 0.426993 0.018876 0.018199
34 0.139047 0.368108 0.008666 0.026777
34 0.139012 0.496547 0.009337 0.027469
34 0.383780 0.485623 0.026984 0.021300
34 0.396861 0.286746 0.022909 0.018455
34 0.301145 0.286952 0.022899 0.017962
34 0.340736 0.292076 0.023290 0.018310
34 0.308922 0.481918 0.026144 0.021043
34 0.218183 0.374987 0.023674 0.017777
34 0.431436 0.415457 0.006289 0.013257
34 0.492709 0.288651 0.023116 0.018555
34 0.467082 0.287531 0.023040 0.017940
34 0.458596 0.427777 0.018876 0.018512
34 0.455553 0.412991 0.005526 0.007732
34 0.427948 0.481512 0.008640 0.007578
34 0.506574 0.481329 0.008431 0.007880
34 0.472143 0.342003 0.027196 0.020063
34 0.402913 0.342005 0.027812 0.020060
34 0.355800 0.480637 0.007321 0.007977
34 0.458114 0.483602 0.026446 0.020855
34 0.656574 0.536485 0.025477 0.008820
34 0.598707 0.485254 0.027103 0.020601
34 0.542774 0.342384 0.027881 0.020556
34 0.611800 0.341746 0.028193 0.021126
34 0.699710 0.316292 0.008163 0.007592
34 0.627303 0.375383 0.006277 0.007689
34 0.698568 0.354775 0.028054 0.020197
34 0.674215 0.393896 0.005570 0.007011
34 0.674646 0.480695 0.005232 0.007649
34 0.545003 0.302628 0.008060 0.007410
34 0.676919 0.494771 0.019543 0.017572
34 0.676918 0.407694 0.019098 0.017258
34 0.569014 0.482593 0.008552 0.008099
34 0.421740 0.288772 0.022939 0.018239
34 0.833780 0.471445 0.005763 0.007347
34 0.857668 0.383923 0.008890 0.008854
34 0.857448 0.478819 0.009033 0.008193
34 0.814421 0.318035 0.008959 0.008227
34 0.561395 0.290459 0.022955 0.017971
34 0.647417 0.301468 0.023259 0.018433
34 0.610616 0.286673 0.023304 0.018401
34 0.683472 0.265284 0.023411 0.018364
34 0.691450 0.286872 0.023151 0.018698
34 0.597686 0.255594 0.023793 0.013041
34 0.637886 0.443133 0.006259 0.015261
34 0.808369 0.266315 0.022927 0.017982
34 0.755809 0.286093 0.023124 0.018216
34 0.816719 0.293514 0.022685 0.017942
34 0.836504 0.317610 0.028257 0.015466
34 0.812891 0.355909 0.028090 0.020214
34 0.804554 0.486567 0.027456 0.019889
34 0.848964 0.255808 0.005985 0.012824
34 0.759053 0.485871 0.027925 0.020427
34 0.835203 0.260734 0.005709 0.007435
34 0.762795 0.355563 0.028374 0.021066
34 0.870425 0.336012 0.006096 0.007965
34 0.835421 0.286646 0.007639 0.007011
34 0.139145 0.659944 0.008918 0.026512
34 0.139070 0.566744 0.009204 0.027486
34 0.172210 0.657834 0.025153 0.027683
34 0.930329 0.369476 0.009732 0.028418
34 0.930512 0.497961 0.009605 0.028706
34 0.930292 0.427521 0.009863 0.029023
34 0.930295 0.315094 0.009764 0.028911
34 0.835241 0.485199 0.017323 0.019142
34 0.835584 0.389815 0.017522 0.017247
34 0.747523 0.264504 0.023032 0.017974
34 0.838251 0.337555 0.023231 0.017965
34 0.714737 0.304641 0.020933 0.017797
34 0.775572 0.304557 0.022703 0.017834
34 0.350130 0.646794 0.005490 0.013354
34 0.285786 0.712962 0.006023 0.013146
34 0.208286 0.711050 0.006015 0.012964
34 0.282460 0.637193 0.005745 0.012978
34 0.308338 0.611736 0.007417 0.007957
34 0.310082 0.710341 0.005598 0.008085
34 0.245630 0.552372 0.007859 0.007492
34 0.232960 0.708840 0.005780 0.007951
34 0.247382 0.599970 0.019519 0.019148
34 0.247825 0.566710 0.019519 0.019142
34 0.312597 0.723605 0.017297 0.017885
34 0.234738 0.722350 0.017301 0.017256
34 0.219618 0.588474 0.006392 0.013511
34 0.138745 0.619585 0.008872 0.026358
34 0.139039 0.504085 0.008739 0.011875
34 0.250752 0.624010 0.022766 0.017840
34 0.247133 0.538337 0.023239 0.017694
34 0.240345 0.647043 0.021372 0.017694
34 0.321404 0.555794 0.023320 0.018512
34 0.322043 0.527394 0.023497 0.018401
34 0.293758 0.561547 0.023137 0.018302
34 0.324432 0.651835 0.023368 0.018017
34 0.293406 0.595500 0.023008 0.018359
34 0.248418 0.508698 0.023266 0.018170
34 0.274973 0.619109 0.006191 0.012913
34 0.325270 0.680506 0.011023 0.009242
34 0.441566 0.612979 0.023527 0.018253
34 0.475156 0.652543 0.023334 0.018190
34 0.519452 0.580319 0.023159 0.018028
34 0.394238 0.528193 0.023515 0.018359
34 0.421686 0.639424 0.006221 0.013463
34 0.428670 0.712300 0.005927 0.012881
34 0.497247 0.712998 0.006110 0.013292
34 0.521843 0.710990 0.005685 0.007481
34 0.453585 0.709820 0.005884 0.008145
34 0.368682 0.579507 0.023290 0.018250
34 0.441229 0.580351 0.023235 0.018176
34 0.472557 0.528182 0.023584 0.018387
34 0.393927 0.556602 0.023471 0.018413
34 0.472241 0.556596 0.023407 0.018498
34 0.627543 0.672022 0.022359 0.017586
34 0.639390 0.708988 0.022587 0.018165
34 0.684551 0.580851 0.022462 0.017883
34 0.582047 0.605105 0.023328 0.018054
34 0.698207 0.672974 0.023247 0.017307
34 0.656613 0.540806 0.025409 0.017749
34 0.685407 0.613752 0.023163 0.018065
34 0.499566 0.642877 0.006569 0.013579
34 0.519763 0.612797 0.023576 0.018510
34 0.397523 0.651616 0.023382 0.018718
34 0.653862 0.780080 0.036229 0.016227
34 0.651860 0.727391 0.005993 0.015905
34 0.666577 0.641003 0.006253 0.013702
34 0.610806 0.649789 0.006092 0.012596
34 0.584928 0.681257 0.010945 0.008937
34 0.699579 0.711086 0.005669 0.007729
34 0.685008 0.509832 0.008739 0.007928
34 0.684346 0.682256 0.010425 0.007566
34 0.588471 0.621438 0.007474 0.007960
34 0.588833 0.650030 0.006553 0.007760
34 0.626993 0.608720 0.022895 0.018068
34 0.674757 0.712884 0.006146 0.013132
34 0.716809 0.673051 0.006168 0.007589
34 0.820773 0.603661 0.007573 0.007914
34 0.821144 0.718911 0.005834 0.007757
34 0.820151 0.640430 0.006547 0.007968
34 0.791659 0.637545 0.005719 0.013175
34 0.791278 0.502080 0.010683 0.007865
34 0.822487 0.732861 0.015772 0.016945
34 0.822265 0.760946 0.016215 0.017258
34 0.819160 0.653631 0.018876 0.016005
34 0.849052 0.700352 0.023205 0.017033
34 0.539009 0.653750 0.021612 0.018609
34 0.562976 0.642880 0.006452 0.013579
34 0.691901 0.651029 0.022838 0.018598
34 0.582083 0.581338 0.023348 0.018692
34 0.772291 0.519924 0.023370 0.017962
34 0.748471 0.708817 0.021861 0.017914
34 0.717533 0.552844 0.023237 0.018250
34 0.784753 0.776037 0.023483 0.018441
34 0.763436 0.553656 0.023141 0.018074
34 0.796728 0.721034 0.006180 0.013257
34 0.720829 0.652867 0.023124 0.018096
34 0.758567 0.577372 0.022681 0.017857
34 0.802755 0.576989 0.023000 0.018367
34 0.729810 0.519377 0.023535 0.018293
34 0.733994 0.779316 0.036191 0.016044
34 0.828274 0.675171 0.021970 0.024557
34 0.740272 0.631047 0.006023 0.013140
34 0.730602 0.727189 0.005717 0.015477
34 0.784794 0.632471 0.005993 0.013132
34 0.845648 0.675484 0.005868 0.007880
34 0.257947 0.831337 0.018396 0.010903
34 0.328540 0.831435 0.020848 0.011054
34 0.930429 0.568216 0.009915 0.029000
34 0.930071 0.620527 0.009315 0.028869
34 0.930578 0.661378 0.009488 0.028142
34 0.773331 0.601613 0.023153 0.018495
34 0.758670 0.673132 0.022965 0.017315
34 0.715595 0.577475 0.022649 0.017942
34 0.728998 0.601576 0.023137 0.018461
34 0.764111 0.650054 0.023088 0.017982
34 0.868837 0.556237 0.006581 0.016338
34 0.830160 0.707485 0.009180 0.008569
34 0.327445 0.226398 0.019543 0.016632
34 0.335874 0.201297 0.018654 0.017885
34 0.309659 0.189617 0.006178 0.013186
34 0.288613 0.255048 0.023217 0.018031
34 0.288430 0.227251 0.022959 0.017940
34 0.214677 0.276834 0.023173 0.018142
34 0.324478 0.212702 0.009033 0.006743
34 0.187921 0.264885 0.006092 0.008350
34 0.368598 0.203309 0.006309 0.013468
34 0.245235 0.158096 0.010852 0.008931
34 0.299151 0.200311 0.006146 0.013320
34 0.247299 0.052174 0.018038 0.011291
34 0.839576 0.831394 0.021102 0.011057
34 0.889825 0.860013 0.014025 0.010057
34 0.138967 0.213691 0.008872 0.031376
33 0.203384 0.236221 0.005802 0.010995
33 0.918693 0.280950 0.017156 0.021741
33 0.281695 0.288738 0.016203 0.013987
33 0.519695 0.288995 0.012383 0.013500
33 0.449158 0.288973 0.012712 0.013391
33 0.379185 0.288759 0.013048 0.013836
33 0.676593 0.293132 0.009243 0.017144
33 0.590696 0.288666 0.016694 0.013936
33 0.740724 0.293116 0.009160 0.017974
33 0.802799 0.300821 0.009510 0.017960
33 0.342914 0.526255 0.016420 0.013964
33 0.256187 0.649431 0.009605 0.017050
33 0.269324 0.508391 0.017427 0.014206
33 0.493707 0.526858 0.016519 0.014275
33 0.415533 0.527097 0.016392 0.013819
33 0.556414 0.527950 0.016370 0.013904
33 0.733943 0.534940 0.016694 0.012776
33 0.772239 0.535405 0.010405 0.012952
21 0.256774 0.308180 0.007210 0.011915
21 0.200300 0.294336 0.007188 0.011379
21 0.356178 0.308589 0.007425 0.011616
21 0.506909 0.308296 0.007170 0.012095
21 0.435885 0.308235 0.007178 0.011824
21 0.575490 0.308327 0.007409 0.011069
21 0.661665 0.321934 0.007262 0.011932
21 0.852398 0.353987 0.007190 0.011918
21 0.788802 0.321892 0.007194 0.011679
21 0.726967 0.322068 0.007166 0.011408
21 0.336781 0.572394 0.007510 0.011781
21 0.262397 0.555285 0.007643 0.011881
21 0.487593 0.573247 0.007248 0.011978
21 0.409311 0.573150 0.007603 0.011710
21 0.550435 0.574188 0.007385 0.011351
21 0.701525 0.592989 0.007514 0.011616
21 0.777987 0.566369 0.007286 0.011525
21 0.732604 0.564746 0.007488 0.011482
21 0.211647 0.782773 0.007250 0.012003
21 0.800035 0.792820 0.007351 0.011311
6 0.180521 0.171227 0.003713 0.005463
6 0.204874 0.168968 0.004305 0.005147
6 0.200197 0.184409 0.005197 0.011029
6 0.272507 0.187599 0.005075 0.009903
6 0.328479 0.199326 0.004174 0.006044
6 0.319037 0.223933 0.003380 0.006327
6 0.302809 0.176741 0.004603 0.010188
6 0.313018 0.176426 0.004827 0.009769
6 0.263604 0.190932 0.003654 0.004902
6 0.282577 0.161623 0.003787 0.005788
6 0.215751 0.233357 0.003489 0.005358
6 0.215640 0.206888 0.003713 0.005358
6 0.485896 0.183106 0.003747 0.005415
6 0.363313 0.163267 0.003733 0.004859
6 0.372114 0.188634 0.005191 0.010125
6 0.450302 0.185174 0.004037 0.004739
6 0.434905 0.162662 0.005749 0.010413
6 0.495691 0.188246 0.004770 0.009983
6 0.414879 0.183273 0.003743 0.005007
6 0.424842 0.188203 0.005175 0.009761
6 0.696171 0.199201 0.003479 0.004922
6 0.667391 0.194266 0.004726 0.009359
6 0.591268 0.184903 0.003491 0.004517
6 0.554526 0.183491 0.003741 0.005346
6 0.633798 0.209718 0.003777 0.005483
6 0.575898 0.162583 0.004678 0.009875
6 0.612280 0.146985 0.003340 0.003676
6 0.617850 0.162478 0.004974 0.009664
6 0.564529 0.188870 0.005089 0.009954
6 0.672884 0.194828 0.003592 0.004976
6 0.710000 0.176825 0.004468 0.010208
6 0.793528 0.194107 0.004124 0.009724
6 0.774544 0.160929 0.004124 0.004617
6 0.737212 0.195198 0.003525 0.004759
6 0.799017 0.194706 0.003268 0.004705
6 0.830690 0.146932 0.003975 0.003656
6 0.868759 0.227870 0.006958 0.007874
6 0.731563 0.194812 0.004811 0.009721
6 0.888197 0.189535 0.003699 0.004970
6 0.888197 0.137613 0.003513 0.004711
6 0.888290 0.217133 0.003143 0.004970
6 0.888437 0.163928 0.003082 0.004397
6 0.307088 0.425349 0.003709 0.004873
6 0.299724 0.311848 0.003678 0.005343
6 0.205585 0.423852 0.003560 0.004557
6 0.291821 0.402834 0.005963 0.009014
6 0.285003 0.490232 0.003479 0.004922
6 0.243720 0.386456 0.002919 0.004631
6 0.182252 0.275869 0.004037 0.005104
6 0.434997 0.402169 0.004716 0.009763
6 0.510460 0.495805 0.003620 0.004594
6 0.431996 0.495975 0.003598 0.004688
6 0.359444 0.495115 0.003707 0.005118
6 0.399531 0.312682 0.003521 0.004742
6 0.469031 0.312196 0.003695 0.004255
6 0.450293 0.424457 0.004027 0.004879
6 0.573019 0.496954 0.003624 0.004702
6 0.632469 0.385953 0.003866 0.004862
6 0.608879 0.312633 0.003435 0.004252
6 0.694722 0.325815 0.003566 0.005531
6 0.668833 0.404829 0.003600 0.004825
6 0.540324 0.312330 0.003779 0.004374
6 0.668747 0.491962 0.003396 0.004882
6 0.830226 0.296774 0.004371 0.006669
6 0.758979 0.326059 0.004025 0.005044
6 0.809466 0.326140 0.003795 0.005856
6 0.830053 0.271231 0.004027 0.006019
6 0.858345 0.252221 0.007017 0.006295
6 0.865492 0.347193 0.003304 0.004332
6 0.862259 0.388805 0.007355 0.006050
6 0.828066 0.386559 0.003380 0.004922
6 0.862283 0.484711 0.006787 0.007341
6 0.828152 0.482358 0.004257 0.004517
6 0.238872 0.563840 0.003360 0.004751
6 0.265129 0.611973 0.003646 0.005058
6 0.339482 0.639441 0.003566 0.004822
6 0.239031 0.597177 0.003811 0.004984
6 0.211439 0.698095 0.005344 0.009983
6 0.301383 0.623370 0.003491 0.004734
6 0.289256 0.699755 0.005369 0.009952
6 0.304515 0.722258 0.003082 0.004722
6 0.278388 0.644115 0.004371 0.009273
6 0.285864 0.650868 0.004601 0.009761
6 0.223529 0.615157 0.004831 0.009926
6 0.227000 0.720130 0.003340 0.005041
6 0.227038 0.747858 0.003713 0.004620
6 0.411972 0.639883 0.003795 0.004993
6 0.503729 0.673199 0.005068 0.009584
6 0.490520 0.640574 0.003554 0.005702
6 0.447786 0.721777 0.003513 0.004152
6 0.500730 0.699892 0.004373 0.009279
6 0.516190 0.722273 0.003398 0.003810
6 0.432547 0.699205 0.005175 0.010248
6 0.425301 0.672847 0.004716 0.009273
6 0.689024 0.524068 0.003580 0.004922
6 0.614231 0.679250 0.004639 0.009724
6 0.566594 0.672883 0.004039 0.009601
6 0.678507 0.640319 0.003501 0.004856
6 0.651293 0.686458 0.005850 0.006971
6 0.582884 0.633713 0.003866 0.004252
6 0.582839 0.661422 0.003608 0.004497
6 0.553563 0.640410 0.003656 0.005717
6 0.658942 0.686612 0.006124 0.007119
6 0.693799 0.722686 0.003952 0.005224
6 0.678379 0.699778 0.004724 0.009963
6 0.669965 0.673454 0.005167 0.009809
6 0.794642 0.668113 0.004369 0.009273
6 0.743464 0.668846 0.004599 0.009439
6 0.750758 0.522194 0.003511 0.004463
6 0.795083 0.523051 0.003928 0.004734
6 0.738846 0.686349 0.005818 0.006726
6 0.778096 0.637854 0.003566 0.004930
6 0.735044 0.640751 0.003670 0.004922
6 0.729077 0.686505 0.006144 0.006979
6 0.840470 0.686478 0.004273 0.004639
6 0.815410 0.730355 0.003177 0.004255
6 0.810462 0.651506 0.004124 0.005104
6 0.814714 0.615167 0.003521 0.004132
6 0.711721 0.683975 0.003680 0.004229
6 0.799875 0.701954 0.004944 0.009926
6 0.788490 0.668438 0.004946 0.009273
6 0.815410 0.757903 0.003092 0.004377
3 0.269420 0.256660 0.015133 0.015115
3 0.664234 0.265916 0.015024 0.021459
3 0.790525 0.268454 0.015328 0.020094
3 0.728661 0.265447 0.016074 0.022174
3 0.349560 0.578668 0.015433 0.021593
3 0.275164 0.562438 0.015437 0.021080
3 0.500288 0.579449 0.015214 0.021148
3 0.422013 0.579478 0.015679 0.021619
3 0.562810 0.580155 0.015596 0.021291
3 0.666964 0.580232 0.014883 0.021057
3 0.740414 0.576948 0.014986 0.020006
3 0.784872 0.577370 0.014780 0.019972
0 0.272322 0.227015 0.007681 0.018555
0 0.263656 0.203970 0.004291 0.010151
0 0.371754 0.227465 0.007423 0.018367
0 0.512631 0.227233 0.007716 0.019008
0 0.441310 0.227246 0.007476 0.018624
0 0.363361 0.184907 0.004128 0.010430
0 0.485831 0.204815 0.004587 0.010524
0 0.414711 0.204809 0.004365 0.010445
0 0.646125 0.163443 0.012581 0.010282
0 0.672818 0.216811 0.004315 0.010499
0 0.554622 0.205282 0.004261 0.010536
0 0.667198 0.240789 0.007683 0.018649
0 0.581101 0.227518 0.007480 0.018381
0 0.731739 0.240895 0.007446 0.018866
0 0.798859 0.216372 0.004265 0.010362
0 0.737212 0.216854 0.004226 0.010402
0 0.847470 0.122056 0.012921 0.010393
0 0.793393 0.240608 0.007303 0.018242
0 0.182683 0.369701 0.007345 0.018575
0 0.200139 0.277001 0.004303 0.010553
0 0.218059 0.388899 0.012697 0.010359
0 0.256629 0.290980 0.004349 0.011000
0 0.182616 0.404092 0.007331 0.018045
0 0.356204 0.291698 0.004365 0.010453
0 0.506826 0.291244 0.004232 0.010393
0 0.435819 0.291267 0.004277 0.010359
0 0.575558 0.291503 0.004315 0.010752
0 0.661618 0.304939 0.004323 0.010123
0 0.852255 0.337015 0.004390 0.010308
0 0.726965 0.305150 0.004071 0.010493
0 0.788966 0.304987 0.004216 0.010117
0 0.265052 0.623659 0.004190 0.010185
0 0.278414 0.595436 0.007556 0.018795
0 0.339801 0.650826 0.004299 0.010459
0 0.262473 0.538400 0.004293 0.010359
0 0.336721 0.555530 0.004329 0.010997
0 0.354482 0.611979 0.004686 0.018396
0 0.425604 0.612699 0.007575 0.018592
0 0.503851 0.612458 0.007411 0.018715
0 0.409299 0.556302 0.004404 0.010473
0 0.487557 0.556288 0.004261 0.010524
0 0.490465 0.652099 0.004347 0.010274
0 0.412315 0.651643 0.004303 0.010120
0 0.701545 0.576178 0.004114 0.010043
0 0.698088 0.686308 0.012321 0.010359
0 0.627346 0.687287 0.012722 0.010368
0 0.550348 0.557404 0.004450 0.010955
0 0.678607 0.652063 0.004232 0.010140
0 0.670078 0.613837 0.007331 0.018532
0 0.566392 0.605369 0.007619 0.018769
0 0.655231 0.708797 0.007448 0.017903
0 0.553470 0.652107 0.004301 0.010239
0 0.642015 0.609262 0.007301 0.018017
0 0.734039 0.708913 0.007421 0.017928
0 0.743912 0.601620 0.007393 0.018652
0 0.732372 0.551572 0.004313 0.010262
0 0.788531 0.602357 0.007244 0.018455
0 0.777777 0.553253 0.004019 0.010274
0 0.849265 0.712139 0.007413 0.006506
0 0.778178 0.649075 0.004285 0.010376
0 0.757931 0.686478 0.012571 0.010100
0 0.735072 0.652498 0.004241 0.010439
0 0.211551 0.765761 0.004315 0.010581
0 0.800088 0.775601 0.004414 0.010547
35 0.733654 0.753139 0.009323 0.038002
35 0.655140 0.753333 0.009341 0.038099
34 0.822147 0.746787 0.007518 0.008193
34 0.686621 0.218118 0.022246 0.018139
34 0.530749 0.052318 0.019758 0.011459
34 0.220450 0.252975 0.029889 0.015611
34 0.457849 0.252704 0.024013 0.018946
34 0.388062 0.252308 0.024073 0.019464
34 0.536345 0.483874 0.026678 0.020294
34 0.537308 0.288435 0.022480 0.018353
34 0.710772 0.488153 0.027063 0.022040
34 0.534971 0.557703 0.023326 0.017777
34 0.535703 0.529443 0.022615 0.018572
34 0.232993 0.751080 0.015755 0.018091
34 0.196172 0.765986 0.023288 0.018390
34 0.200412 0.831513 0.017871 0.010995
34 0.241427 0.291119 0.023257 0.018675
6 0.352873 0.672093 0.005463 0.009966
3 0.438596 0.252284 0.015330 0.020556
3 0.368744 0.252310 0.015131 0.021177
3 0.509612 0.252397 0.015123 0.020382
3 0.578065 0.252318 0.015405 0.020339
34 0.833984 0.300291 0.012492 0.018193
34 0.232461 0.736909 0.008862 0.007350
34 0.246440 0.586049 0.008405 0.007783
34 0.310228 0.625170 0.019557 0.018153
34 0.238953 0.374779 0.006876 0.008430
34 0.221995 0.222404 0.009321 0.006700
34 0.404418 0.302806 0.009625 0.007566
34 0.474085 0.302266 0.009625 0.008213
34 0.454531 0.724051 0.017264 0.017073
34 0.523053 0.724374 0.015888 0.016860
34 0.591118 0.663424 0.017571 0.017723
34 0.591194 0.636083 0.016807 0.017506
34 0.613730 0.302266 0.009321 0.008213
34 0.694169 0.187714 0.006416 0.007780
34 0.746956 0.501109 0.008405 0.007347
33 0.660635 0.555791 0.013598 0.014266
34 0.701198 0.725131 0.017415 0.017506
34 0.819909 0.617713 0.019251 0.018373
34 0.831826 0.374887 0.006722 0.008646
