34 0.886585 0.259862 0.020149 0.015546
35 0.653214 0.053619 0.020034 0.010938
35 0.728423 0.079349 0.008247 0.029094
35 0.831400 0.077457 0.007973 0.030063
35 0.964548 0.216755 0.020719 0.010610
35 0.917021 0.151100 0.020214 0.011148
35 0.953561 0.043350 0.020232 0.011516
35 0.959251 0.178217 0.020850 0.010040
35 0.054335 0.461023 0.008872 0.023534
35 0.347753 0.464459 0.007705 0.023588
35 0.636898 0.460254 0.007603 0.023272
35 0.159862 0.720989 0.015389 0.010818
35 0.060542 0.675100 0.016120 0.010239
35 0.074863 0.583773 0.018695 0.010624
35 0.323851 0.633384 0.015119 0.010331
35 0.348550 0.679537 0.015556 0.010148
35 0.321228 0.574916 0.018334 0.010715
35 0.368486 0.587978 0.018120 0.011015
35 0.448364 0.725399 0.015806 0.010228
35 0.610055 0.646252 0.015006 0.010693
35 0.638582 0.675046 0.015850 0.010199
35 0.657571 0.583796 0.018022 0.010869
35 0.609708 0.579399 0.018537 0.010636
35 0.738389 0.721077 0.015872 0.010647
35 0.918164 0.641929 0.017000 0.010732
35 0.908988 0.574835 0.018354 0.010775
35 0.062992 0.761689 0.015048 0.010769
35 0.157061 0.799892 0.015673 0.009877
35 0.351125 0.765821 0.015324 0.010142
35 0.445585 0.804272 0.015538 0.009855
35 0.641312 0.761753 0.015054 0.010641
35 0.735689 0.799903 0.015721 0.010191
35 0.964432 0.853642 0.020560 0.010088
34 0.802626 0.791818 0.006102 0.012009
34 0.790595 0.806556 0.022705 0.016047
34 0.807518 0.836592 0.036249 0.015948
34 0.738330 0.790584 0.019533 0.009011
34 0.692761 0.801975 0.022339 0.015560
34 0.608516 0.806845 0.023975 0.016472
34 0.721160 0.812314 0.022675 0.015571
34 0.478226 0.145114 0.145731 0.007846
34 0.494313 0.120108 0.010391 0.009302
34 0.471351 0.208968 0.145288 0.011297
34 0.254828 0.241305 0.021541 0.015771
34 0.299937 0.241037 0.021360 0.015725
34 0.281345 0.182820 0.006940 0.014132
34 0.962596 0.841368 0.033604 0.017190
34 0.860008 0.198824 0.007079 0.013682
34 0.811943 0.037377 0.009901 0.009498
34 0.785648 0.104879 0.006827 0.014249
34 0.878541 0.241033 0.022816 0.015825
34 0.827446 0.055054 0.006998 0.013773
34 0.760633 0.172234 0.010649 0.009496
34 0.833265 0.241396 0.022681 0.015531
34 0.149673 0.432984 0.022089 0.016062
34 0.070820 0.413685 0.021612 0.016398
34 0.149958 0.454496 0.021579 0.016218
34 0.149580 0.476988 0.021863 0.016130
34 0.079756 0.267686 0.021418 0.015982
34 0.135091 0.383397 0.006640 0.013879
34 0.121389 0.351830 0.006642 0.013816
34 0.960285 0.161572 0.047427 0.023480
34 0.955988 0.029786 0.032931 0.016483
34 0.916966 0.138065 0.042881 0.017139
34 0.963409 0.204608 0.040649 0.015497
34 0.912573 0.030684 0.021652 0.015526
34 0.831468 0.102875 0.060207 0.025631
34 0.330950 0.461357 0.006610 0.013434
34 0.265842 0.271204 0.006817 0.014400
34 0.110849 0.393795 0.021162 0.016082
34 0.075030 0.487025 0.021201 0.015492
34 0.090315 0.487687 0.006344 0.013460
34 0.078213 0.332499 0.021398 0.016033
34 0.121675 0.498437 0.006509 0.013591
34 0.071494 0.436981 0.022085 0.016139
34 0.070393 0.390531 0.021994 0.016406
34 0.076088 0.461395 0.031865 0.015973
34 0.242890 0.488612 0.021602 0.015794
34 0.306104 0.399457 0.021406 0.016384
34 0.205005 0.302877 0.010868 0.008472
34 0.204933 0.292875 0.010018 0.008966
34 0.307645 0.294429 0.019311 0.015606
34 0.307874 0.277179 0.019462 0.015566
34 0.316611 0.345815 0.006803 0.014109
34 0.350800 0.362125 0.020665 0.016794
34 0.196641 0.395655 0.037278 0.038453
34 0.280888 0.505245 0.062756 0.016378
34 0.428845 0.429467 0.020763 0.016347
34 0.368644 0.466091 0.032575 0.016139
34 0.409976 0.356193 0.006555 0.013468
34 0.493535 0.307638 0.009633 0.007786
34 0.423526 0.387474 0.007125 0.013961
34 0.409961 0.493635 0.006763 0.013933
34 0.493421 0.322173 0.065657 0.015061
34 0.438421 0.460856 0.020532 0.016082
34 0.307631 0.260312 0.019420 0.015546
34 0.281784 0.383150 0.006489 0.013973
34 0.438884 0.482719 0.020987 0.015805
34 0.533164 0.495171 0.023112 0.016366
34 0.493291 0.297115 0.009905 0.008963
34 0.379481 0.272209 0.022846 0.016592
34 0.371748 0.437240 0.020679 0.015911
34 0.371776 0.414356 0.020610 0.016270
34 0.369274 0.491211 0.022480 0.015549
34 0.377586 0.336121 0.023040 0.016438
34 0.484483 0.399860 0.035554 0.039265
34 0.371442 0.391432 0.020778 0.016144
34 0.356646 0.362130 0.009021 0.016019
34 0.604930 0.350020 0.006863 0.014352
34 0.639019 0.366606 0.020753 0.016233
34 0.570145 0.387258 0.006724 0.014078
34 0.699740 0.488243 0.007107 0.013351
34 0.620741 0.404984 0.006737 0.013662
34 0.699941 0.351973 0.006940 0.013619
34 0.657712 0.461570 0.032583 0.016495
34 0.662397 0.390506 0.023501 0.016532
34 0.783670 0.317938 0.066100 0.014748
34 0.821438 0.491154 0.022518 0.016364
34 0.729800 0.478411 0.023024 0.016144
34 0.729464 0.456549 0.022909 0.016227
34 0.658441 0.486929 0.022401 0.015460
34 0.669752 0.332498 0.023102 0.016053
34 0.596488 0.297241 0.020582 0.015708
34 0.720239 0.429109 0.022681 0.016349
34 0.594059 0.403766 0.022808 0.015899
34 0.663190 0.437008 0.023157 0.016147
34 0.662595 0.413686 0.023207 0.016224
34 0.956090 0.367298 0.023070 0.016398
34 0.775216 0.395566 0.035665 0.038330
34 0.783427 0.292938 0.010210 0.009045
34 0.860094 0.387075 0.007436 0.014503
34 0.783671 0.303410 0.009531 0.007686
34 0.844619 0.281627 0.006398 0.013730
34 0.883699 0.399684 0.022788 0.016763
34 0.713566 0.383273 0.006886 0.014252
34 0.140503 0.662030 0.019599 0.015227
34 0.114533 0.669729 0.011446 0.008019
34 0.143108 0.711126 0.019738 0.014580
34 0.119164 0.644849 0.006035 0.013682
34 0.088435 0.655496 0.021700 0.015289
34 0.076447 0.606718 0.012516 0.009635
34 0.165019 0.578309 0.010647 0.009099
34 0.134520 0.574386 0.046803 0.016318
34 0.936669 0.404949 0.006561 0.014235
34 0.894895 0.345524 0.007063 0.014959
34 0.126572 0.688250 0.005772 0.013936
34 0.060057 0.691760 0.020747 0.014981
34 0.113166 0.618146 0.005856 0.012576
34 0.059902 0.708062 0.020546 0.015258
34 0.104435 0.713924 0.019676 0.015737
34 0.081436 0.741297 0.021632 0.015241
34 0.146107 0.735346 0.019502 0.015298
34 0.099991 0.571100 0.019450 0.015309
34 0.103184 0.602865 0.021505 0.015130
34 0.121919 0.501332 0.006303 0.006369
34 0.061867 0.659645 0.026547 0.022699
34 0.088372 0.622592 0.022103 0.016007
34 0.159912 0.646161 0.019756 0.015492
34 0.251954 0.599829 0.008932 0.008686
34 0.280396 0.596804 0.044559 0.014771
34 0.079183 0.637600 0.009289 0.008190
34 0.141705 0.688716 0.018930 0.014337
34 0.147184 0.605698 0.047849 0.016429
34 0.135877 0.551671 0.062915 0.015449
34 0.105092 0.741054 0.019535 0.015366
34 0.162702 0.711698 0.019692 0.009097
34 0.073383 0.570668 0.029398 0.016469
34 0.075147 0.504875 0.022309 0.013357
34 0.073662 0.531914 0.021587 0.016110
34 0.101678 0.690235 0.021382 0.016190
34 0.350106 0.663468 0.027053 0.022821
34 0.322793 0.623648 0.018161 0.009239
34 0.314402 0.593343 0.018977 0.015115
34 0.320005 0.562063 0.028854 0.016073
34 0.261943 0.563139 0.047387 0.021741
34 0.296558 0.562504 0.018749 0.015375
34 0.331586 0.697484 0.006565 0.014015
34 0.302554 0.620745 0.019194 0.015147
34 0.229252 0.569809 0.009909 0.009638
34 0.453079 0.583309 0.009321 0.010083
34 0.367628 0.641463 0.009023 0.008347
34 0.430823 0.555389 0.062899 0.016307
34 0.423440 0.579406 0.045026 0.015061
34 0.428844 0.666492 0.020697 0.015133
34 0.249812 0.626944 0.010868 0.009726
34 0.283526 0.522610 0.058781 0.013805
34 0.274832 0.624008 0.037496 0.015067
34 0.210951 0.667723 0.037603 0.039738
34 0.451099 0.716026 0.019410 0.009145
34 0.519681 0.573611 0.009776 0.009319
34 0.365791 0.536154 0.026142 0.016230
34 0.431563 0.715425 0.019585 0.014383
34 0.414748 0.692254 0.005564 0.013896
34 0.435341 0.609242 0.048012 0.015737
34 0.371527 0.611381 0.011946 0.008700
34 0.403045 0.674125 0.011142 0.008170
34 0.407477 0.649255 0.006432 0.014007
34 0.376801 0.659886 0.022353 0.014944
34 0.499245 0.671431 0.038110 0.038387
34 0.370158 0.712977 0.019837 0.015426
34 0.434571 0.739467 0.020645 0.014722
34 0.438577 0.505541 0.020820 0.014731
34 0.369049 0.507462 0.023074 0.016321
34 0.391224 0.575030 0.020292 0.015064
34 0.370085 0.745580 0.022341 0.015663
34 0.392909 0.718321 0.020556 0.014973
34 0.370046 0.696942 0.019452 0.015224
34 0.430034 0.692907 0.019948 0.015258
34 0.401367 0.622135 0.006029 0.013269
34 0.391016 0.607030 0.022166 0.015058
34 0.376916 0.626979 0.023038 0.015737
34 0.537733 0.640124 0.009760 0.008472
34 0.562131 0.638867 0.038594 0.014748
34 0.568167 0.600958 0.045173 0.016136
34 0.704979 0.688447 0.006211 0.017885
34 0.567456 0.527474 0.057671 0.014748
34 0.551374 0.567481 0.045028 0.023220
34 0.540172 0.604352 0.010647 0.009102
34 0.680474 0.570664 0.020203 0.015212
34 0.692908 0.784032 0.021916 0.011872
34 0.667148 0.622514 0.023076 0.015885
34 0.393477 0.745370 0.020459 0.015415
34 0.367476 0.574449 0.029512 0.016546
34 0.390609 0.694068 0.019684 0.015586
34 0.448167 0.650569 0.020697 0.015386
34 0.697581 0.644909 0.006519 0.013500
34 0.657635 0.637492 0.009637 0.008407
34 0.568974 0.509558 0.063419 0.016500
34 0.585031 0.566441 0.020522 0.015474
34 0.731279 0.646194 0.006366 0.016076
34 0.660217 0.741475 0.022830 0.015170
34 0.680654 0.689735 0.020095 0.015748
34 0.609137 0.636727 0.018197 0.009168
34 0.609533 0.566274 0.028678 0.016099
34 0.659982 0.708903 0.020165 0.015247
34 0.691548 0.618155 0.005590 0.012924
34 0.682752 0.713958 0.020500 0.015606
34 0.656729 0.570242 0.029651 0.016284
34 0.602062 0.596644 0.021013 0.015312
34 0.640344 0.659412 0.026612 0.022060
34 0.620673 0.680383 0.006765 0.014052
34 0.664940 0.775359 0.021591 0.014845
34 0.667077 0.655678 0.022458 0.014810
34 0.588731 0.633819 0.020439 0.014734
34 0.693133 0.669803 0.010971 0.007797
34 0.661742 0.607276 0.011972 0.009062
34 0.829151 0.636361 0.009458 0.008196
34 0.809251 0.569604 0.010379 0.009427
34 0.726872 0.605670 0.045062 0.017125
34 0.858851 0.506117 0.062762 0.015831
34 0.856536 0.633691 0.039261 0.015064
34 0.857090 0.521983 0.059889 0.013178
34 0.743280 0.579115 0.009537 0.008866
34 0.680867 0.602887 0.023028 0.016124
34 0.683621 0.740990 0.020631 0.015227
34 0.656424 0.531939 0.022369 0.015973
34 0.660213 0.692804 0.019571 0.015674
34 0.721366 0.773200 0.022131 0.015292
34 0.721416 0.711332 0.019746 0.014412
34 0.718887 0.662096 0.020453 0.015392
34 0.720310 0.688785 0.019327 0.014332
34 0.729589 0.503457 0.023590 0.010561
34 0.741219 0.711784 0.019589 0.009074
34 0.738322 0.646200 0.020467 0.015574
34 0.834618 0.601097 0.008954 0.009171
34 0.724605 0.735286 0.020685 0.015190
34 0.867497 0.597244 0.044192 0.015828
34 0.846142 0.563209 0.044863 0.022451
34 0.062499 0.752633 0.027609 0.009222
34 0.140231 0.789594 0.019732 0.015004
34 0.114000 0.802069 0.021537 0.015560
34 0.141878 0.812240 0.020629 0.015457
34 0.159951 0.790520 0.019696 0.009077
34 0.085992 0.775117 0.020985 0.015215
34 0.917583 0.632122 0.018562 0.009584
34 0.905875 0.592828 0.023173 0.015358
34 0.909243 0.562045 0.029714 0.016133
34 0.936644 0.680207 0.006837 0.014212
34 0.706171 0.688096 0.003801 0.013924
34 0.789681 0.667891 0.038213 0.039755
34 0.428675 0.793746 0.019885 0.015141
34 0.500426 0.811201 0.022967 0.016184
34 0.224122 0.791921 0.006084 0.012722
34 0.373061 0.779434 0.018584 0.015118
34 0.211367 0.806405 0.021541 0.016184
34 0.320708 0.813299 0.021525 0.015854
34 0.228721 0.836362 0.036394 0.016469
34 0.350926 0.757045 0.027194 0.008361
34 0.372895 0.795598 0.018916 0.015603
34 0.141938 0.772630 0.020898 0.015549
34 0.085972 0.791622 0.021473 0.015731
34 0.114014 0.785826 0.021303 0.015437
34 0.134213 0.755242 0.011871 0.008347
34 0.718599 0.789664 0.019668 0.014870
34 0.728835 0.847831 0.010276 0.009148
34 0.712947 0.755266 0.011559 0.008304
34 0.640812 0.752521 0.027929 0.009379
34 0.664648 0.791681 0.021904 0.016027
34 0.516924 0.839981 0.036467 0.016897
34 0.512693 0.796053 0.005975 0.014112
34 0.431280 0.777243 0.023068 0.015791
34 0.402575 0.789997 0.021789 0.015093
34 0.422787 0.759608 0.011904 0.008797
34 0.431395 0.847562 0.010506 0.009362
34 0.448398 0.794761 0.019343 0.009139
34 0.431089 0.816394 0.022710 0.015808
34 0.402652 0.806193 0.022194 0.015816
34 0.671673 0.267761 0.022846 0.016281
34 0.653119 0.036130 0.035320 0.024286
34 0.588837 0.245370 0.022500 0.015745
34 0.596434 0.263806 0.020637 0.015449
34 0.569949 0.197942 0.007097 0.014209
34 0.539844 0.145427 0.023282 0.008472
34 0.554427 0.285757 0.006972 0.012038
34 0.622620 0.145160 0.011420 0.009099
34 0.652259 0.210378 0.011412 0.008957
34 0.596529 0.279984 0.020749 0.015523
34 0.716193 0.047861 0.009637 0.008809
34 0.700018 0.040237 0.021378 0.015452
34 0.543351 0.245503 0.022818 0.015902
34 0.923457 0.796694 0.024106 0.016717
34 0.089723 0.186486 0.007053 0.014574
33 0.291806 0.259367 0.010598 0.011456
33 0.580320 0.262784 0.011092 0.012237
33 0.088234 0.436976 0.011380 0.011194
33 0.132386 0.432268 0.012190 0.011205
33 0.088019 0.413069 0.011726 0.010920
33 0.087995 0.390519 0.011739 0.011559
33 0.132599 0.453944 0.012434 0.010852
33 0.132458 0.476463 0.012196 0.011040
33 0.291702 0.277325 0.010653 0.011015
33 0.228074 0.493344 0.007321 0.014748
33 0.291733 0.292834 0.009539 0.014121
33 0.517377 0.497894 0.007985 0.016318
33 0.388595 0.390527 0.011787 0.011565
33 0.388583 0.436971 0.011682 0.011257
33 0.388661 0.413078 0.011553 0.010841
33 0.420960 0.459655 0.011944 0.011696
33 0.420953 0.481338 0.012103 0.010855
33 0.580054 0.296130 0.010185 0.010863
33 0.680673 0.390519 0.011910 0.011399
33 0.680768 0.436942 0.011704 0.011280
33 0.579987 0.280647 0.010220 0.010476
33 0.680661 0.413015 0.011801 0.010943
33 0.807516 0.493658 0.007764 0.016629
33 0.870032 0.276496 0.010689 0.011083
33 0.870115 0.258648 0.010693 0.011066
33 0.869949 0.292676 0.010332 0.010881
33 0.711082 0.500130 0.012417 0.011630
33 0.711106 0.456015 0.012268 0.011624
33 0.711070 0.477593 0.012313 0.011442
33 0.105256 0.727495 0.009061 0.009678
33 0.117182 0.689762 0.009984 0.010855
33 0.146634 0.751613 0.007397 0.016899
33 0.159927 0.664099 0.008034 0.019478
33 0.210335 0.524578 0.009132 0.012992
33 0.393383 0.731593 0.011533 0.011297
33 0.404585 0.695192 0.008207 0.012551
33 0.448589 0.668383 0.007613 0.019684
33 0.420986 0.503826 0.012246 0.011260
33 0.695108 0.690171 0.009982 0.011297
33 0.683796 0.726572 0.010425 0.011297
33 0.738558 0.664159 0.007599 0.019456
33 0.434971 0.755909 0.007899 0.017045
32 0.210247 0.525098 0.009168 0.014335
32 0.498625 0.528853 0.008926 0.012628
32 0.788875 0.524758 0.009651 0.013311
22 0.105474 0.761475 0.015199 0.024232
22 0.393793 0.765777 0.016406 0.024235
22 0.684103 0.761851 0.014716 0.023890
21 0.072467 0.717508 0.005953 0.009191
21 0.062532 0.513740 0.005431 0.009191
21 0.358228 0.721636 0.005651 0.008857
21 0.355995 0.518002 0.005234 0.009148
21 0.648089 0.717655 0.005490 0.009393
21 0.645229 0.513765 0.005538 0.009194
21 0.129408 0.822377 0.005685 0.009290
21 0.073278 0.801767 0.005729 0.009706
21 0.101175 0.812526 0.005913 0.009487
21 0.227872 0.823155 0.006150 0.012066
21 0.361587 0.805946 0.005915 0.009624
21 0.516442 0.827823 0.006301 0.012391
21 0.389602 0.816592 0.005840 0.008720
21 0.417960 0.826528 0.005715 0.009345
21 0.679580 0.812539 0.006452 0.009416
21 0.651752 0.801781 0.005872 0.009541
21 0.708086 0.822494 0.005298 0.009057
21 0.806330 0.823381 0.006060 0.012479
6 0.116656 0.590208 0.003965 0.005238
6 0.327003 0.591744 0.003016 0.006258
6 0.404928 0.594211 0.003680 0.005395
6 0.615599 0.599380 0.003725 0.005765
6 0.695129 0.590135 0.004226 0.005218
6 0.922683 0.586482 0.004432 0.006592
5 0.094207 0.332209 0.011682 0.010123
5 0.394912 0.336432 0.012109 0.010237
5 0.687068 0.332190 0.011920 0.010313
3 0.088209 0.671594 0.010600 0.016235
3 0.056531 0.531753 0.011809 0.014602
3 0.088475 0.639249 0.010419 0.016606
3 0.350184 0.535992 0.011896 0.015500
3 0.376620 0.676006 0.010830 0.016760
3 0.376842 0.643591 0.010562 0.016552
3 0.666970 0.639322 0.010415 0.016603
3 0.639332 0.531815 0.011710 0.014500
3 0.666709 0.671681 0.010707 0.016244
3 0.081561 0.758182 0.010383 0.016922
3 0.370161 0.762243 0.010633 0.017321
3 0.660213 0.758121 0.010606 0.016851
1 0.140643 0.674887 0.010500 0.009986
1 0.428872 0.679337 0.010415 0.010120
1 0.719058 0.674906 0.010457 0.009897
0 0.285737 0.241223 0.008263 0.018205
0 0.270096 0.241131 0.008447 0.018416
0 0.556499 0.245510 0.003844 0.017797
0 0.558738 0.245573 0.008314 0.017922
0 0.574309 0.245527 0.008159 0.018219
0 0.699405 0.053739 0.012613 0.011570
0 0.864120 0.241170 0.008292 0.018196
0 0.848663 0.241200 0.008133 0.018096
0 0.912860 0.043441 0.012327 0.010923
0 0.062296 0.486874 0.003930 0.008880
0 0.125682 0.394205 0.008173 0.017518
0 0.094283 0.268515 0.008263 0.018148
0 0.320895 0.399333 0.008346 0.018068
0 0.335435 0.362160 0.008368 0.017709
0 0.556663 0.251580 0.003499 0.004962
0 0.394943 0.272757 0.008370 0.018242
0 0.413985 0.430060 0.008300 0.017800
0 0.356016 0.491237 0.003934 0.009062
0 0.686994 0.268535 0.008590 0.018188
0 0.645190 0.486879 0.003777 0.008755
0 0.609366 0.403520 0.007826 0.017509
0 0.704056 0.428933 0.008378 0.018264
0 0.624841 0.366825 0.008300 0.017572
0 0.899316 0.399412 0.008133 0.018156
0 0.940778 0.366763 0.008485 0.017988
0 0.072614 0.707149 0.003741 0.008757
0 0.100096 0.583817 0.010203 0.009658
0 0.072623 0.691056 0.003896 0.008575
0 0.116621 0.603470 0.005103 0.011288
0 0.145220 0.699692 0.006495 0.006441
0 0.062290 0.503011 0.003944 0.008661
0 0.141618 0.721235 0.006330 0.006101
0 0.302586 0.633122 0.010167 0.009487
0 0.314322 0.605409 0.009942 0.009239
0 0.297206 0.575067 0.010117 0.009142
0 0.433583 0.704313 0.006638 0.005834
0 0.358086 0.695209 0.003977 0.008595
0 0.405146 0.607663 0.005195 0.010989
0 0.358091 0.711230 0.003946 0.008957
0 0.391177 0.587985 0.010119 0.009632
0 0.430032 0.725467 0.006507 0.006124
0 0.355978 0.507140 0.004083 0.008558
0 0.695117 0.603433 0.005052 0.011151
0 0.679888 0.583653 0.009889 0.009667
0 0.584824 0.579041 0.010344 0.009795
0 0.645191 0.503058 0.003860 0.008544
0 0.648261 0.707026 0.004005 0.008871
0 0.588720 0.646472 0.010183 0.009490
0 0.648254 0.691033 0.003918 0.008450
0 0.602408 0.609963 0.010421 0.009809
0 0.723654 0.699738 0.006362 0.006281
0 0.719934 0.721282 0.006197 0.006036
0 0.888857 0.642030 0.010135 0.009396
0 0.906742 0.605774 0.010312 0.009496
0 0.884637 0.576111 0.008598 0.009726
0 0.073177 0.775051 0.004210 0.008917
0 0.101254 0.785836 0.004087 0.008669
0 0.129546 0.772696 0.003757 0.008447
0 0.101283 0.801904 0.004053 0.009040
0 0.129697 0.811803 0.004043 0.008957
0 0.138568 0.800085 0.006342 0.005762
0 0.073183 0.791032 0.004061 0.008350
0 0.227962 0.806026 0.006497 0.014377
0 0.335451 0.813284 0.008336 0.018441
0 0.361472 0.779050 0.004051 0.008661
0 0.389594 0.805896 0.003938 0.008367
0 0.417982 0.815841 0.003975 0.008438
0 0.361498 0.795336 0.003902 0.008495
0 0.417978 0.776717 0.004067 0.009165
0 0.389545 0.789964 0.003916 0.008974
0 0.427120 0.804228 0.006170 0.005788
0 0.516431 0.810286 0.006783 0.014383
0 0.624884 0.806730 0.008237 0.017808
0 0.679716 0.785851 0.004041 0.008584
0 0.651837 0.775076 0.003989 0.008977
0 0.679721 0.801939 0.004067 0.008871
0 0.651812 0.791029 0.003898 0.008435
0 0.806386 0.806017 0.006519 0.014480
0 0.717049 0.800066 0.006438 0.005757
0 0.708092 0.772697 0.004122 0.008541
0 0.708074 0.811840 0.004243 0.008877
0 0.940880 0.795950 0.008711 0.018336
34 0.729214 0.105190 0.062498 0.024360
34 0.205113 0.318095 0.065222 0.013807
34 0.886708 0.276623 0.020395 0.015423
34 0.886693 0.293956 0.020365 0.015554
34 0.721787 0.552720 0.063678 0.014942
34 0.658606 0.503085 0.022812 0.016771
34 0.714577 0.574543 0.046358 0.016005
34 0.889186 0.629674 0.022611 0.015506
34 0.883047 0.562132 0.022379 0.015076
34 0.528034 0.171892 0.012232 0.008823
33 0.725323 0.751366 0.008149 0.017581
