17 0.364700 0.882558 0.035142 0.050616
34 0.449554 0.291006 0.019647 0.010755
35 0.601020 0.458400 0.019645 0.013893
34 0.597442 0.396924 0.017798 0.011282
34 0.591918 0.445244 0.022297 0.015913
34 0.834904 0.397672 0.018694 0.012100
34 0.223200 0.604161 0.020770 0.012192
34 0.358516 0.632626 0.031705 0.017313
34 0.127237 0.604052 0.021300 0.011610
34 0.111466 0.578414 0.031568 0.016087
34 0.920220 0.455014 0.026738 0.015420
34 0.805005 0.368628 0.043171 0.016976
34 0.752071 0.455417 0.025174 0.017207
34 0.758343 0.406736 0.027147 0.008586
34 0.639722 0.368589 0.042353 0.016632
34 0.678749 0.444350 0.033435 0.012257
0 0.259624 0.221030 0.011805 0.009595
0 0.275938 0.220482 0.012642 0.010795
6 0.923291 0.573930 0.005990 0.007216
11 0.958746 0.531348 0.019442 0.027461
11 0.666863 0.708966 0.019327 0.026845
11 0.361062 0.607954 0.017711 0.027039
11 0.466471 0.708004 0.018128 0.027327
11 0.471904 0.319232 0.019682 0.027093
17 0.236222 0.882723 0.035301 0.050268
17 0.298359 0.882553 0.034110 0.049929
17 0.912843 0.650228 0.021886 0.031872
17 0.784926 0.649470 0.037925 0.055326
17 0.580426 0.648121 0.037471 0.056002
17 0.484123 0.647616 0.039597 0.055665
17 0.275223 0.649639 0.015027 0.029350
17 0.251966 0.649639 0.037689 0.054315
17 0.154696 0.648796 0.037927 0.056002
17 0.550107 0.152424 0.017582 0.025583
17 0.502802 0.152392 0.017576 0.025554
22 0.846866 0.649192 0.021396 0.029612
23 0.473150 0.151490 0.021469 0.032049
34 0.390307 0.832649 0.023931 0.014127
34 0.387003 0.963762 0.036738 0.009940
34 0.480647 0.882351 0.052162 0.011855
34 0.390351 0.799031 0.017904 0.012243
34 0.373365 0.924981 0.025070 0.013349
34 0.441049 0.883624 0.022041 0.015124
34 0.271774 0.799345 0.017322 0.011838
34 0.323488 0.799315 0.017691 0.012417
34 0.269562 0.832703 0.037238 0.015141
34 0.330063 0.832703 0.039736 0.015204
34 0.268006 0.924836 0.021207 0.013554
34 0.533380 0.495333 0.010141 0.016047
34 0.490188 0.460764 0.045793 0.017908
34 0.523370 0.495399 0.030617 0.015061
34 0.264170 0.460097 0.028642 0.015378
34 0.221031 0.459156 0.044370 0.017258
34 0.339210 0.459530 0.042716 0.015452
34 0.154969 0.460097 0.044372 0.018512
34 0.112294 0.380737 0.028235 0.015398
34 0.885449 0.214788 0.011314 0.010983
34 0.820129 0.217330 0.028567 0.011804
34 0.658546 0.216854 0.027111 0.012169
34 0.573078 0.147489 0.028243 0.007347
34 0.572596 0.152311 0.029819 0.016939
34 0.391033 0.216671 0.015307 0.009729
34 0.452154 0.063074 0.013310 0.009413
34 0.409710 0.170000 0.042212 0.017435
34 0.525879 0.152632 0.029690 0.017136
34 0.231236 0.220906 0.043484 0.017572
34 0.299679 0.097589 0.042376 0.017572
34 0.160676 0.232307 0.046603 0.015819
34 0.331144 0.924159 0.023639 0.014406
34 0.252545 0.799672 0.019025 0.013320
34 0.213245 0.848189 0.019216 0.009242
34 0.341618 0.849004 0.018449 0.009242
34 0.267430 0.882994 0.022388 0.013283
34 0.204176 0.882837 0.022496 0.013750
34 0.274837 0.849139 0.019410 0.009513
34 0.122910 0.882552 0.053246 0.011664
34 0.160748 0.883686 0.020467 0.014902
34 0.890123 0.616604 0.016417 0.009726
34 0.890062 0.649307 0.019093 0.017606
34 0.921850 0.565614 0.037272 0.010043
34 0.924273 0.586197 0.025591 0.015221
34 0.931296 0.716689 0.041245 0.011964
34 0.889424 0.584912 0.017816 0.010980
34 0.932388 0.504269 0.020633 0.010356
34 0.745344 0.650142 0.029353 0.017150
34 0.829652 0.617231 0.013756 0.010353
34 0.791205 0.574654 0.040560 0.018096
34 0.792532 0.687568 0.026055 0.015044
34 0.331625 0.883116 0.022678 0.013317
34 0.807406 0.730030 0.041525 0.010559
34 0.748453 0.616133 0.023518 0.011297
34 0.542842 0.617545 0.023516 0.009726
34 0.698427 0.574778 0.040901 0.017296
34 0.581207 0.591713 0.028213 0.016335
34 0.655879 0.742274 0.024624 0.017572
34 0.690598 0.728311 0.020854 0.009099
34 0.632472 0.708700 0.028841 0.016945
34 0.659095 0.616133 0.022184 0.010670
34 0.542980 0.647994 0.029341 0.019345
34 0.446940 0.616446 0.021521 0.010670
34 0.385708 0.614877 0.015309 0.010040
34 0.488427 0.727371 0.014421 0.009726
34 0.495738 0.694836 0.027181 0.014488
34 0.422111 0.598316 0.031858 0.017036
34 0.207608 0.650650 0.030393 0.016945
34 0.217037 0.719369 0.027510 0.015688
34 0.303656 0.603983 0.029799 0.014520
0 0.846636 0.679290 0.011503 0.009763
0 0.404851 0.525423 0.012019 0.009997
0 0.259599 0.098525 0.012404 0.011807
34 0.182799 0.403930 0.029873 0.018512
25 0.356996 0.263605 0.111614 0.073861
25 0.633695 0.264484 0.110308 0.073454
25 0.799542 0.263209 0.110306 0.073981
17 0.178239 0.649302 0.014830 0.029353
