0 0.368119 0.962033 0.009378 0.006803
0 0.368297 0.879741 0.009007 0.006982
4 0.666179 0.496488 0.008374 0.013460
4 0.439103 0.729544 0.009535 0.014266
4 0.475354 0.589288 0.010485 0.012653
4 0.439197 0.647435 0.010485 0.013730
4 0.438341 0.693874 0.011058 0.017769
4 0.439007 0.773589 0.012389 0.020459
4 0.438708 0.814779 0.009128 0.016153
4 0.439005 0.892848 0.009339 0.014537
4 0.438626 0.936864 0.012006 0.018578
4 0.439197 0.855834 0.012008 0.019652
3 0.644004 0.496741 0.008846 0.014719
3 0.606683 0.456264 0.016082 0.022719
3 0.544197 0.263086 0.010276 0.013998
3 0.225719 0.692858 0.010858 0.018239
3 0.203463 0.693658 0.011035 0.019199
3 0.503233 0.506309 0.014251 0.016324
3 0.502894 0.566307 0.014023 0.016637
3 0.476192 0.686939 0.009523 0.012801
3 0.458775 0.693339 0.013594 0.017917
3 0.462395 0.647742 0.010427 0.015038
3 0.475389 0.253832 0.014226 0.020516
34 0.438130 0.837562 0.019269 0.015255
34 0.458282 0.837813 0.020681 0.015255
34 0.401095 0.914960 0.020860 0.015004
34 0.506188 0.157988 0.045784 0.015503
3 0.462281 0.729657 0.010199 0.015038
3 0.476020 0.568289 0.010296 0.013192
3 0.618218 0.561348 0.013366 0.013759
3 0.655399 0.529030 0.011120 0.018880
3 0.226401 0.855966 0.012770 0.020459
3 0.204422 0.855834 0.012200 0.019652
3 0.226687 0.772244 0.011819 0.017769
3 0.203888 0.773320 0.010798 0.019384
3 0.204041 0.937806 0.011438 0.019920
3 0.226401 0.937806 0.013149 0.020462
3 0.462330 0.892656 0.008942 0.013440
3 0.476193 0.767224 0.010427 0.012157
3 0.458662 0.773624 0.013368 0.019838
3 0.476305 0.849298 0.010201 0.012479
3 0.458437 0.936812 0.012010 0.019838
3 0.475965 0.929933 0.008618 0.012479
3 0.461942 0.814420 0.010427 0.015680
3 0.459340 0.854738 0.012915 0.018880
1 0.746457 0.158074 0.007464 0.018877
1 0.507410 0.481423 0.007089 0.017176
1 0.433522 0.259313 0.012468 0.010373
1 0.478680 0.667740 0.005451 0.011519
1 0.478567 0.834678 0.004261 0.010416
1 0.478592 0.912875 0.004629 0.010567
1 0.478663 0.751205 0.004829 0.007968
0 0.533849 0.233145 0.009378 0.006803
0 0.533368 0.075841 0.006491 0.015306
0 0.796590 0.053222 0.014426 0.012924
0 0.837943 0.067167 0.005770 0.013605
0 0.786493 0.210016 0.013944 0.010883
0 0.810635 0.210352 0.013662 0.010872
0 0.452870 0.292773 0.005772 0.013605
35 0.404817 0.230007 0.019964 0.010667
35 0.558150 0.232831 0.019297 0.010040
35 0.847008 0.210708 0.019521 0.014121
35 0.898351 0.052875 0.019075 0.011610
35 0.407036 0.258960 0.019075 0.010356
35 0.447073 0.401576 0.007764 0.027615
35 0.424780 0.463861 0.007985 0.029182
35 0.572456 0.267119 0.020407 0.013491
35 0.140502 0.699010 0.019432 0.009105
35 0.567244 0.626646 0.021072 0.011610
35 0.551939 0.700071 0.019297 0.012864
35 0.619591 0.605621 0.009093 0.028552
35 0.140793 0.860284 0.019406 0.010057
35 0.140888 0.778064 0.019214 0.010331
35 0.140618 0.942097 0.019021 0.009513
35 0.391191 0.880806 0.018445 0.011416
35 0.390902 0.962347 0.019021 0.010331
35 0.390614 0.798313 0.020367 0.009513
35 0.551889 0.779014 0.018830 0.010601
35 0.551600 0.860693 0.019021 0.011416
35 0.551888 0.942777 0.019597 0.012502
34 0.431771 0.224420 0.010882 0.009724
34 0.433419 0.246300 0.017901 0.015802
34 0.476307 0.235359 0.017756 0.016207
34 0.462845 0.202441 0.011456 0.007903
34 0.508743 0.202035 0.011027 0.007495
34 0.518553 0.228068 0.008592 0.008510
34 0.503015 0.226243 0.006730 0.016612
34 0.544901 0.248223 0.018187 0.015192
34 0.552276 0.202036 0.010596 0.009117
34 0.583494 0.232321 0.029212 0.010536
34 0.547097 0.075621 0.019255 0.015888
34 0.691873 0.076583 0.017699 0.014357
34 0.766292 0.203859 0.011456 0.010333
34 0.759133 0.158481 0.019188 0.016409
34 0.863644 0.032793 0.015971 0.009729
34 0.850889 0.067152 0.018854 0.015688
34 0.708820 0.048012 0.008872 0.008159
34 0.795992 0.038911 0.018632 0.015691
34 0.877991 0.210544 0.037806 0.021271
34 0.810112 0.196160 0.018330 0.015192
34 0.785983 0.196566 0.019331 0.016814
34 0.917537 0.053502 0.017967 0.010356
34 0.889589 0.033733 0.017079 0.016632
34 0.378200 0.259430 0.035490 0.016945
34 0.412066 0.491868 0.018330 0.015597
34 0.425599 0.444869 0.039382 0.014788
34 0.446721 0.422687 0.038664 0.017828
34 0.524767 0.430791 0.018616 0.015802
34 0.481161 0.393920 0.025635 0.036059
34 0.442282 0.365762 0.006873 0.014585
34 0.457319 0.373055 0.018904 0.015395
34 0.447079 0.327271 0.018187 0.014588
34 0.464407 0.355531 0.007017 0.014386
34 0.489181 0.335680 0.009309 0.007495
34 0.492188 0.354013 0.017615 0.014181
34 0.522690 0.261737 0.009595 0.008712
34 0.520900 0.292732 0.018618 0.015597
34 0.496771 0.308735 0.009307 0.007900
34 0.460039 0.303165 0.009164 0.008102
34 0.475863 0.292528 0.019047 0.016409
34 0.440922 0.291921 0.017899 0.016409
34 0.492403 0.254038 0.009452 0.008709
34 0.492689 0.482144 0.018618 0.016002
34 0.584087 0.455439 0.010483 0.009231
34 0.606925 0.436298 0.018934 0.014830
34 0.643831 0.481543 0.019361 0.014828
34 0.601291 0.268216 0.033715 0.016318
34 0.665277 0.481771 0.018826 0.014981
34 0.691805 0.446436 0.019255 0.016344
34 0.655436 0.494785 0.008129 0.007717
34 0.558736 0.455667 0.009841 0.008775
34 0.759621 0.335728 0.018292 0.016797
34 0.742665 0.263394 0.006632 0.014677
34 0.154329 0.660554 0.015939 0.015740
34 0.141225 0.690744 0.016475 0.007717
34 0.335883 0.679363 0.019897 0.016646
34 0.351074 0.709098 0.006418 0.011955
34 0.225866 0.676716 0.018292 0.014377
34 0.203883 0.676640 0.018826 0.014528
34 0.214848 0.693437 0.010804 0.008173
34 0.216719 0.660372 0.016259 0.011351
34 0.268547 0.660070 0.017008 0.014679
34 0.286464 0.645996 0.007915 0.008321
34 0.304060 0.662945 0.019788 0.015586
34 0.303152 0.682163 0.018612 0.014677
34 0.292027 0.720296 0.019468 0.014374
34 0.276729 0.735429 0.005562 0.012864
34 0.490346 0.539903 0.010447 0.009678
34 0.410238 0.510476 0.020153 0.014648
34 0.438159 0.510019 0.019045 0.013733
34 0.458590 0.506029 0.018860 0.013078
34 0.471348 0.515969 0.010355 0.009156
34 0.486002 0.505554 0.018398 0.014813
34 0.475185 0.535064 0.018952 0.012818
34 0.454014 0.535130 0.020062 0.013993
34 0.461363 0.568088 0.018120 0.014517
34 0.461410 0.588622 0.018396 0.016087
34 0.491641 0.584108 0.018213 0.015694
34 0.520163 0.567499 0.018674 0.015432
34 0.527652 0.613668 0.018306 0.014386
34 0.553113 0.609612 0.010614 0.022234
34 0.494600 0.650549 0.011001 0.007583
34 0.462843 0.632696 0.018306 0.015041
34 0.439730 0.632630 0.018122 0.013861
34 0.490810 0.669513 0.018767 0.014648
34 0.490994 0.686711 0.018213 0.014779
34 0.457897 0.676837 0.019138 0.014648
34 0.437696 0.676771 0.018491 0.014779
34 0.462242 0.714765 0.018030 0.014648
34 0.493722 0.732813 0.010171 0.007848
34 0.437881 0.715091 0.018489 0.013995
34 0.367850 0.707834 0.018028 0.014386
34 0.391978 0.710187 0.020802 0.009156
34 0.400438 0.670950 0.018862 0.013864
34 0.363550 0.672652 0.019416 0.014127
34 0.420223 0.675006 0.006287 0.014651
34 0.655956 0.511666 0.019059 0.015056
34 0.563881 0.528629 0.012089 0.008624
34 0.572413 0.698921 0.017575 0.011379
34 0.542647 0.620483 0.008292 0.008928
34 0.566473 0.609282 0.037131 0.022246
34 0.619136 0.628535 0.043441 0.020484
34 0.603232 0.581351 0.016585 0.016107
34 0.602365 0.559902 0.017575 0.014531
34 0.616041 0.544319 0.006064 0.013830
34 0.141754 0.770678 0.016493 0.008128
34 0.141707 0.852013 0.014732 0.007994
34 0.141615 0.934332 0.015659 0.007210
34 0.225414 0.838041 0.018717 0.014548
34 0.203686 0.838368 0.019551 0.014679
34 0.335476 0.923696 0.018419 0.015292
34 0.292071 0.920353 0.018900 0.016540
34 0.276616 0.902172 0.005766 0.012351
34 0.291951 0.884102 0.018660 0.015409
34 0.303083 0.845074 0.018499 0.014839
34 0.303964 0.817092 0.018979 0.015067
34 0.351572 0.870621 0.005925 0.012687
34 0.336077 0.841731 0.019301 0.014275
34 0.351332 0.788259 0.005766 0.011781
34 0.336396 0.759768 0.019460 0.014161
34 0.292031 0.753920 0.018981 0.013397
34 0.225643 0.756255 0.018820 0.014164
34 0.214944 0.936677 0.010935 0.007603
34 0.214994 0.855343 0.010850 0.008259
34 0.203871 0.919833 0.018995 0.015073
34 0.225692 0.919506 0.017975 0.014942
34 0.351252 0.953095 0.006247 0.012009
34 0.215031 0.773306 0.010570 0.007022
34 0.204060 0.756596 0.018580 0.014161
34 0.457767 0.920218 0.019406 0.015221
34 0.438072 0.919944 0.019214 0.015221
34 0.461610 0.877951 0.017869 0.014950
34 0.438937 0.878359 0.019406 0.014677
34 0.420785 0.918179 0.005772 0.014950
34 0.391480 0.953106 0.022480 0.008698
34 0.367269 0.951067 0.019406 0.016036
34 0.363139 0.915597 0.019214 0.016307
34 0.391767 0.871701 0.021519 0.009513
34 0.367750 0.868981 0.018445 0.016036
34 0.420492 0.837045 0.005955 0.016307
34 0.400025 0.832425 0.019974 0.016312
34 0.363235 0.833376 0.020173 0.017125
34 0.493696 0.895755 0.010566 0.008153
34 0.490717 0.912200 0.018445 0.014950
34 0.490718 0.929323 0.018060 0.015494
34 0.530971 0.936526 0.011720 0.008698
34 0.367366 0.787169 0.018060 0.015494
34 0.391383 0.789072 0.022286 0.010057
34 0.437975 0.798993 0.017869 0.016309
34 0.461801 0.799128 0.018251 0.014950
34 0.490833 0.849412 0.017484 0.016036
34 0.493906 0.817203 0.011720 0.008153
34 0.489853 0.833920 0.019021 0.014406
34 0.530394 0.855392 0.012488 0.007341
34 0.530490 0.773035 0.011527 0.008971
34 0.490641 0.766919 0.019021 0.014135
34 0.457593 0.756727 0.019021 0.015494
34 0.438091 0.756183 0.018830 0.014406
34 0.420299 0.755031 0.005957 0.015620
34 0.401182 0.752586 0.019982 0.010730
34 0.363428 0.753264 0.020175 0.012086
34 0.572411 0.860806 0.017615 0.009125
34 0.572039 0.942667 0.017615 0.009649
34 0.572542 0.778336 0.017486 0.011958
33 0.515282 0.412095 0.013590 0.012163
33 0.514357 0.447865 0.011926 0.012556
33 0.515236 0.370752 0.013497 0.012163
33 0.518703 0.353750 0.012111 0.013993
33 0.515282 0.329687 0.014146 0.012687
33 0.515057 0.645315 0.014196 0.013178
33 0.515168 0.595110 0.013531 0.015064
33 0.400714 0.687989 0.010425 0.019456
33 0.363006 0.688618 0.009537 0.018826
33 0.363086 0.768887 0.008969 0.018242
33 0.401326 0.768207 0.008570 0.019145
33 0.362806 0.850966 0.009690 0.018353
33 0.401165 0.850285 0.009369 0.018581
33 0.362774 0.932583 0.009222 0.017940
33 0.401009 0.931770 0.008840 0.020114
22 0.506974 0.354172 0.012039 0.015469
21 0.838293 0.083136 0.007158 0.012593
21 0.396314 0.530839 0.008044 0.011510
15 0.507220 0.431687 0.014496 0.019641
15 0.336407 0.699017 0.014752 0.021094
15 0.336246 0.943012 0.013652 0.020559
15 0.336467 0.860626 0.014093 0.022739
15 0.336533 0.778334 0.014525 0.022288
13 0.445591 0.342622 0.015304 0.015412
11 0.507407 0.391632 0.021986 0.029886
6 0.481692 0.207958 0.003977 0.004363
6 0.533877 0.059867 0.003733 0.005030
6 0.536353 0.207793 0.003906 0.006010
6 0.573960 0.461177 0.004208 0.005113
6 0.280028 0.637608 0.006346 0.007629
6 0.442263 0.537249 0.003789 0.006540
6 0.279892 0.791518 0.005381 0.008427
5 0.692164 0.090396 0.005560 0.012881
5 0.692276 0.461240 0.004799 0.012414
5 0.508078 0.583642 0.013175 0.008720
5 0.458648 0.521063 0.006217 0.013502
5 0.619832 0.582153 0.015050 0.010769
0 0.487852 0.293283 0.005530 0.013947
0 0.506965 0.293113 0.008173 0.020408
0 0.424499 0.491063 0.007693 0.017686
0 0.456694 0.383336 0.008610 0.005942
0 0.746310 0.334899 0.007883 0.018256
35 0.711980 0.533138 0.020737 0.010983
34 0.370111 0.230802 0.047998 0.019245
34 0.535164 0.222090 0.021336 0.014788
34 0.533862 0.328857 0.020866 0.015737
34 0.535737 0.352388 0.018614 0.016193
34 0.535365 0.370925 0.024919 0.016646
34 0.533488 0.412009 0.022254 0.016193
34 0.535039 0.449463 0.025357 0.016344
34 0.531771 0.693055 0.011728 0.008054
34 0.532402 0.645958 0.018632 0.016458
34 0.532193 0.595446 0.019301 0.015583
34 0.711472 0.521369 0.041275 0.015061
34 0.490448 0.750207 0.018253 0.015489
0 0.279924 0.719947 0.004406 0.010980
0 0.291561 0.683441 0.004529 0.011311
0 0.291590 0.662639 0.004361 0.010995
0 0.453488 0.545641 0.008165 0.006329
0 0.527801 0.626632 0.011452 0.009319
0 0.368119 0.718092 0.008382 0.006671
0 0.475714 0.545799 0.007996 0.007119
0 0.409846 0.520922 0.008443 0.006250
0 0.437748 0.521040 0.007772 0.006959
29 0.508262 0.147324 0.282750 0.097589
0 0.279807 0.919859 0.005048 0.013944
0 0.279687 0.884146 0.005288 0.012585
0 0.291468 0.844184 0.004809 0.012243
0 0.291468 0.816973 0.005772 0.014967
0 0.279927 0.752508 0.005290 0.010573
0 0.367932 0.798262 0.008334 0.006401
