33 0.128874 0.131793 0.019299 0.018826
35 0.073415 0.573903 0.031567 0.016703
35 0.313515 0.574447 0.032337 0.014161
35 0.945745 0.733830 0.018477 0.015611
35 0.803886 0.773700 0.025564 0.016982
34 0.086338 0.245863 0.034799 0.017239
34 0.099656 0.092115 0.034799 0.018028
34 0.099727 0.180846 0.034369 0.017219
34 0.099799 0.112273 0.035943 0.017016
34 0.099870 0.133544 0.035800 0.016612
34 0.100372 0.157143 0.033652 0.015597
34 0.144979 0.087962 0.007734 0.015799
34 0.128725 0.222060 0.035085 0.016227
34 0.272108 0.204248 0.035300 0.017102
34 0.245044 0.179052 0.034444 0.016948
34 0.244244 0.159758 0.034337 0.015588
34 0.244029 0.135925 0.034980 0.016341
34 0.243601 0.114966 0.035836 0.018914
34 0.243441 0.093327 0.036156 0.015888
34 0.334151 0.133881 0.034015 0.016495
34 0.334365 0.157716 0.034444 0.016042
34 0.335166 0.181473 0.034337 0.017857
34 0.411422 0.185891 0.038952 0.018233
34 0.409775 0.136358 0.034797 0.017219
34 0.421088 0.209692 0.034226 0.016005
34 0.410062 0.158846 0.034799 0.016005
34 0.357722 0.113366 0.007160 0.017019
34 0.538409 0.071074 0.012643 0.011610
34 0.671908 0.124832 0.037232 0.019649
34 0.672337 0.150256 0.035802 0.018233
34 0.672265 0.172945 0.034510 0.017421
34 0.840478 0.233559 0.035622 0.017401
34 0.840533 0.208136 0.035300 0.015891
34 0.771878 0.111684 0.007732 0.014791
34 0.737867 0.111381 0.007877 0.016612
34 0.722401 0.111178 0.007877 0.016207
34 0.844266 0.043009 0.036517 0.018028
34 0.787630 0.043718 0.037806 0.016207
34 0.728917 0.044326 0.034656 0.019042
34 0.930905 0.187368 0.043533 0.010940
34 0.086681 0.349421 0.035300 0.019823
34 0.086307 0.375903 0.035407 0.017404
34 0.145355 0.370531 0.007381 0.017250
34 0.104063 0.453155 0.022784 0.031171
34 0.086737 0.322107 0.033699 0.017250
34 0.086038 0.295777 0.035514 0.018159
34 0.086574 0.271262 0.034873 0.017857
34 0.290293 0.376402 0.006739 0.017706
34 0.341746 0.389870 0.034124 0.017404
34 0.342013 0.416201 0.035514 0.020125
34 0.432322 0.293319 0.060776 0.044557
34 0.368782 0.391194 0.007673 0.017133
34 0.418475 0.390083 0.036056 0.017002
34 0.418337 0.417287 0.035409 0.015172
34 0.480095 0.485819 0.011555 0.009678
34 0.490343 0.425296 0.012089 0.010895
34 0.490664 0.457149 0.012943 0.012559
34 0.722538 0.391490 0.007168 0.017253
34 0.741978 0.391837 0.008006 0.017296
34 0.840683 0.335130 0.034795 0.018102
34 0.793088 0.440165 0.031728 0.017002
34 0.840756 0.257669 0.035780 0.017019
34 0.840391 0.307717 0.034766 0.017920
34 0.841360 0.280714 0.034726 0.017506
34 0.773123 0.498594 0.023386 0.016543
34 0.792820 0.392571 0.031632 0.017452
34 0.792785 0.415683 0.031311 0.016979
34 0.839643 0.361603 0.034803 0.017928
34 0.890110 0.373407 0.019216 0.016270
34 0.917335 0.330301 0.013973 0.011037
34 0.899328 0.439755 0.021686 0.017059
34 0.956743 0.463500 0.008541 0.017355
34 0.960229 0.368138 0.032480 0.034548
34 0.963741 0.431312 0.033594 0.017883
34 0.102037 0.535341 0.021974 0.016803
34 0.161768 0.668538 0.015808 0.021129
34 0.149139 0.628095 0.019039 0.031659
34 0.113122 0.568202 0.010415 0.009467
34 0.072228 0.553074 0.040242 0.028039
34 0.134051 0.558870 0.032994 0.016378
34 0.134607 0.520627 0.032889 0.017578
34 0.241569 0.552837 0.018586 0.031203
34 0.201530 0.615482 0.019071 0.032958
34 0.325893 0.601602 0.020300 0.032300
34 0.219257 0.537451 0.018985 0.031721
34 0.312566 0.553500 0.040633 0.027894
34 0.261075 0.535999 0.021493 0.016398
34 0.283724 0.535979 0.021880 0.016381
34 0.521316 0.532883 0.035373 0.018036
34 0.369891 0.583062 0.034799 0.017541
34 0.382229 0.655821 0.034913 0.018133
34 0.382216 0.537873 0.035439 0.017683
34 0.441014 0.583736 0.035719 0.018227
34 0.372692 0.616800 0.038036 0.029330
34 0.453693 0.657250 0.035451 0.017971
34 0.443654 0.617843 0.038731 0.030704
34 0.502845 0.590225 0.035751 0.017486
34 0.522109 0.563132 0.032071 0.016882
34 0.451215 0.539578 0.039504 0.017652
34 0.689669 0.652315 0.061392 0.045497
34 0.616372 0.681700 0.043054 0.033722
34 0.638760 0.562754 0.035852 0.017221
34 0.654254 0.590549 0.031763 0.017125
34 0.638464 0.531565 0.036013 0.019196
34 0.701179 0.551875 0.007685 0.017760
34 0.828376 0.708269 0.036011 0.018042
34 0.879340 0.508552 0.044285 0.020650
34 0.730454 0.517583 0.032657 0.023927
34 0.739999 0.570208 0.034684 0.016312
34 0.770252 0.577465 0.013183 0.011716
34 0.773274 0.637771 0.035971 0.018330
34 0.792490 0.678904 0.035866 0.018054
34 0.801712 0.528796 0.013799 0.011117
34 0.773728 0.502807 0.025655 0.009211
34 0.825762 0.584421 0.031884 0.012303
34 0.932087 0.640135 0.037091 0.022533
34 0.965895 0.734708 0.017786 0.016996
34 0.891216 0.508671 0.021755 0.020100
34 0.938016 0.511758 0.008509 0.016364
34 0.945610 0.611144 0.023461 0.017221
34 0.924713 0.510443 0.008169 0.019171
34 0.372366 0.950145 0.019974 0.021864
34 0.770433 0.761730 0.037873 0.017150
34 0.768009 0.797147 0.038133 0.016495
34 0.736234 0.802229 0.013048 0.011359
34 0.743521 0.767273 0.012788 0.010675
34 0.838011 0.773427 0.039140 0.012251
34 0.905471 0.784657 0.022764 0.016421
33 0.115011 0.246480 0.019962 0.018512
33 0.134531 0.178547 0.029279 0.017572
33 0.134531 0.154856 0.029722 0.017258
33 0.129096 0.110141 0.018854 0.018202
33 0.128874 0.089118 0.019742 0.015688
33 0.272890 0.093354 0.019075 0.017258
33 0.273112 0.114848 0.019964 0.017572
33 0.272890 0.135871 0.019075 0.017572
33 0.278435 0.159876 0.029279 0.018515
33 0.278436 0.179330 0.029724 0.016632
33 0.308713 0.133048 0.015749 0.019456
33 0.309157 0.156423 0.014861 0.017885
33 0.308602 0.181057 0.015085 0.018199
33 0.382859 0.159718 0.016414 0.017572
33 0.382414 0.184352 0.015526 0.017885
33 0.382636 0.136342 0.016859 0.019769
33 0.391841 0.209454 0.023292 0.017888
33 0.703769 0.048011 0.012865 0.028869
33 0.702771 0.170859 0.015304 0.019769
33 0.702771 0.146070 0.015304 0.017258
33 0.702660 0.123477 0.015526 0.021026
33 0.813847 0.232988 0.014418 0.017256
33 0.814180 0.209298 0.015085 0.019456
33 0.817058 0.050708 0.013890 0.029373
33 0.761853 0.049897 0.013461 0.030185
33 0.115234 0.372709 0.020407 0.020710
33 0.115456 0.269600 0.020324 0.016344
33 0.115403 0.293507 0.020218 0.016948
33 0.104697 0.481433 0.011755 0.024161
33 0.114788 0.344937 0.020850 0.018515
33 0.115267 0.319521 0.021227 0.019139
33 0.315588 0.413658 0.016193 0.020396
33 0.315699 0.387613 0.016414 0.019769
33 0.392395 0.388239 0.015971 0.017258
33 0.391730 0.415540 0.015085 0.018512
33 0.810146 0.281257 0.023064 0.018062
33 0.810824 0.257391 0.021853 0.016634
33 0.767961 0.415684 0.015411 0.017740
33 0.768054 0.392263 0.015246 0.018005
33 0.810140 0.307360 0.022589 0.018219
33 0.813545 0.334212 0.015046 0.018125
33 0.813060 0.360959 0.015902 0.017991
33 0.767704 0.440256 0.016118 0.018227
33 0.921393 0.439648 0.020312 0.017865
33 0.101977 0.558757 0.012548 0.029119
33 0.343417 0.600228 0.012055 0.032317
33 0.261468 0.559356 0.012512 0.028430
33 0.283648 0.559279 0.012450 0.028909
33 0.627441 0.590295 0.020256 0.018276
33 0.534953 0.590503 0.013499 0.018715
33 0.773703 0.522116 0.012655 0.028216
33 0.742852 0.637018 0.021021 0.019062
32 0.149739 0.415285 0.014148 0.016680
32 0.294709 0.417786 0.013854 0.016677
32 0.374094 0.415701 0.013854 0.016680
32 0.747242 0.417244 0.012635 0.018752
32 0.727877 0.415926 0.013255 0.019045
31 0.647185 0.717593 0.028789 0.041017
31 0.580805 0.720963 0.031481 0.041311
24 0.878449 0.535645 0.022784 0.028128
22 0.475156 0.613581 0.023197 0.035158
22 0.405152 0.614899 0.026509 0.034278
21 0.961094 0.444275 0.009823 0.013639
21 0.202160 0.558351 0.009529 0.016703
21 0.187869 0.645956 0.010770 0.017287
17 0.171324 0.574266 0.027204 0.040661
13 0.193150 0.536523 0.009321 0.020507
12 0.929806 0.371062 0.022556 0.031396
11 0.614876 0.647274 0.026303 0.030473
11 0.543008 0.648300 0.022990 0.033106
6 0.930789 0.199317 0.009277 0.012867
6 0.154399 0.505319 0.005179 0.008495
6 0.391275 0.559231 0.006628 0.008498
6 0.461590 0.559816 0.008076 0.008495
5 0.150621 0.193035 0.016956 0.012921
5 0.294053 0.187112 0.011056 0.010769
5 0.362766 0.216358 0.013670 0.011114
5 0.777736 0.212418 0.014464 0.012382
5 0.728257 0.212686 0.011035 0.012382
5 0.742530 0.212955 0.013320 0.012921
4 0.218521 0.568752 0.019468 0.027541
1 0.541661 0.563039 0.009112 0.023730
1 0.615600 0.563331 0.010355 0.026076
0 0.150141 0.221921 0.007937 0.023807
0 0.294594 0.205085 0.009136 0.023468
0 0.962095 0.499421 0.005641 0.014927
0 0.904430 0.372553 0.007458 0.015953
0 0.162995 0.626281 0.005800 0.014973
0 0.134413 0.573689 0.016569 0.010519
0 0.154399 0.521111 0.006005 0.014357
0 0.187972 0.615601 0.005179 0.014064
0 0.241925 0.575023 0.016569 0.012599
0 0.475881 0.657646 0.008491 0.023146
0 0.404013 0.657353 0.009319 0.023146
0 0.404945 0.538823 0.009942 0.024639
0 0.391171 0.583960 0.006005 0.014064
0 0.462419 0.584692 0.006007 0.014942
0 0.476193 0.539835 0.010770 0.023733
0 0.542800 0.532085 0.008078 0.024055
0 0.616533 0.531352 0.009734 0.023702
0 0.738751 0.583666 0.016777 0.013477
0 0.731191 0.537050 0.017397 0.012893
0 0.930807 0.611462 0.005276 0.015697
0 0.770335 0.773056 0.011183 0.009082
0 0.768367 0.808948 0.010977 0.008202
0 0.891083 0.784846 0.005514 0.015380
34 0.870869 0.609812 0.009583 0.020530
34 0.817612 0.809104 0.037238 0.016270
33 0.797924 0.708005 0.023548 0.018592
33 0.759864 0.680117 0.027383 0.024788
35 0.796117 0.584635 0.024917 0.016657
34 0.891810 0.816120 0.036884 0.016309
34 0.649369 0.757461 0.048235 0.032847
34 0.581005 0.758507 0.047143 0.033400
34 0.974883 0.499877 0.021035 0.016626
34 0.541091 0.681600 0.045477 0.033500
34 0.355412 0.717358 0.014128 0.012157
34 0.191174 0.510436 0.021475 0.031359
34 0.138229 0.594726 0.037272 0.031687
