34 0.705913 0.760449 0.007111 0.016486
35 0.886444 0.285747 0.016684 0.011379
35 0.886420 0.302194 0.016918 0.011610
34 0.355957 0.172679 0.035040 0.037378
34 0.374052 0.498504 0.021033 0.014688
34 0.355646 0.290638 0.012339 0.010117
34 0.357345 0.723316 0.019847 0.015848
34 0.535733 0.811738 0.020741 0.015543
34 0.535079 0.784248 0.020721 0.015489
17 0.355520 0.212287 0.018977 0.027709
17 0.276928 0.508943 0.021285 0.030539
17 0.396165 0.509278 0.020103 0.026740
17 0.525432 0.509504 0.021940 0.028071
0 0.263162 0.251800 0.012145 0.008928
0 0.478488 0.251938 0.013402 0.009091
0 0.370704 0.251659 0.011948 0.008931
0 0.693303 0.251686 0.011819 0.008985
0 0.585668 0.251736 0.011751 0.009199
0 0.800751 0.251797 0.012111 0.009208
34 0.270060 0.079238 0.012276 0.009687
34 0.526498 0.201278 0.020981 0.014896
34 0.416867 0.201087 0.021128 0.015061
34 0.516494 0.183159 0.021146 0.015791
34 0.376608 0.155769 0.007039 0.017541
34 0.484132 0.155854 0.007027 0.017583
34 0.478219 0.239608 0.020955 0.015284
34 0.442435 0.201220 0.020892 0.014642
34 0.395171 0.167136 0.021354 0.015497
34 0.462583 0.172306 0.035778 0.036671
34 0.370782 0.239434 0.021317 0.015147
34 0.444430 0.245637 0.012083 0.009490
34 0.656779 0.201243 0.020794 0.014705
34 0.538813 0.126755 0.015077 0.009020
34 0.591603 0.155997 0.006916 0.017546
34 0.532613 0.201285 0.008820 0.014494
34 0.693332 0.239543 0.021245 0.015050
34 0.699109 0.155751 0.007085 0.017640
34 0.549266 0.201267 0.020816 0.014651
34 0.624035 0.183320 0.020786 0.015982
34 0.570128 0.173300 0.035453 0.036597
34 0.634121 0.201297 0.021295 0.014677
34 0.677770 0.171650 0.035850 0.036723
34 0.552254 0.245681 0.012260 0.009658
34 0.585795 0.239568 0.021505 0.015101
34 0.665357 0.245626 0.011906 0.009404
34 0.733239 0.181948 0.021217 0.015797
34 0.840975 0.185420 0.021414 0.015959
34 0.785477 0.172102 0.035500 0.037090
34 0.766184 0.200043 0.020498 0.014848
34 0.766938 0.245698 0.011994 0.009692
34 0.800978 0.239520 0.021424 0.014970
34 0.806675 0.155822 0.006948 0.017766
34 0.743512 0.200539 0.021082 0.014944
34 0.179051 0.479745 0.005959 0.016993
34 0.300655 0.449376 0.007119 0.017720
34 0.285423 0.263230 0.012264 0.009766
34 0.222727 0.498304 0.021170 0.014819
34 0.351983 0.498300 0.021078 0.014902
34 0.333714 0.481651 0.021066 0.015369
34 0.274692 0.469544 0.036829 0.036700
34 0.244759 0.498363 0.021013 0.014748
34 0.500018 0.498527 0.020943 0.014659
34 0.477799 0.498356 0.021037 0.014830
34 0.467027 0.408145 0.012192 0.009689
34 0.453466 0.483246 0.021299 0.016096
34 0.523666 0.469132 0.035935 0.037022
34 0.455037 0.318339 0.012347 0.009855
34 0.420327 0.449778 0.007158 0.017994
34 0.500126 0.539668 0.012609 0.002454
34 0.395365 0.470137 0.036483 0.036244
34 0.682266 0.376808 0.012607 0.010282
34 0.569564 0.347438 0.012415 0.009285
34 0.551128 0.456076 0.007111 0.017526
34 0.584272 0.481777 0.021215 0.015728
34 0.682253 0.420564 0.012419 0.009661
34 0.785370 0.486173 0.006859 0.016597
34 0.833397 0.274681 0.021130 0.015078
34 0.832833 0.315004 0.021348 0.015093
34 0.874780 0.324644 0.013864 0.009453
34 0.849693 0.324735 0.013616 0.008963
34 0.299479 0.536721 0.021191 0.015227
34 0.192394 0.530742 0.006908 0.016982
34 0.276357 0.723079 0.021150 0.015711
34 0.328005 0.702378 0.036396 0.037005
34 0.246865 0.703064 0.036358 0.037241
34 0.250418 0.542955 0.012206 0.009952
34 0.300881 0.505292 0.012282 0.008977
34 0.489162 0.703012 0.036454 0.036871
34 0.500157 0.542818 0.012631 0.009855
34 0.523323 0.627261 0.012166 0.007826
34 0.408096 0.704061 0.036434 0.036643
34 0.517794 0.723058 0.021088 0.015663
34 0.437377 0.723071 0.020963 0.015546
34 0.372616 0.542913 0.012573 0.009883
34 0.406977 0.536694 0.021392 0.014927
34 0.420778 0.505094 0.012502 0.009379
34 0.649465 0.703226 0.036154 0.036763
34 0.568261 0.702689 0.036217 0.037199
34 0.664383 0.647610 0.012278 0.009339
34 0.678752 0.723075 0.021493 0.015663
34 0.598418 0.723055 0.021424 0.015685
34 0.539355 0.536797 0.021072 0.015030
34 0.554443 0.505198 0.012355 0.009011
34 0.593997 0.635735 0.012486 0.008883
34 0.631397 0.617374 0.012593 0.010194
34 0.748093 0.657885 0.012488 0.009575
34 0.759163 0.723158 0.021130 0.015720
34 0.730710 0.702940 0.036372 0.037461
34 0.776507 0.573390 0.006886 0.016651
34 0.303449 0.760372 0.006644 0.016743
34 0.346335 0.791287 0.006565 0.017296
34 0.222674 0.761422 0.007053 0.017133
34 0.293562 0.784310 0.020898 0.015426
34 0.213042 0.784293 0.020786 0.015403
34 0.294256 0.812093 0.020659 0.015808
34 0.335928 0.824892 0.020610 0.015517
34 0.255280 0.824877 0.020907 0.015654
34 0.265603 0.793500 0.007000 0.017070
34 0.213813 0.812049 0.020564 0.015657
34 0.416481 0.824087 0.020923 0.015748
34 0.491246 0.864175 0.011477 0.009513
34 0.506975 0.791502 0.007137 0.017441
34 0.426633 0.791904 0.006803 0.017521
34 0.374718 0.811594 0.020709 0.015455
34 0.455199 0.811676 0.020774 0.015606
34 0.496852 0.824081 0.021122 0.015748
34 0.374019 0.784272 0.020866 0.015588
34 0.454504 0.784335 0.020757 0.015252
34 0.383858 0.759654 0.006720 0.017256
34 0.464572 0.758903 0.006376 0.017412
34 0.532090 0.841107 0.007742 0.009498
34 0.587512 0.791121 0.007039 0.017432
34 0.616177 0.811738 0.020929 0.015674
34 0.696603 0.811723 0.020917 0.015705
34 0.577482 0.824085 0.021124 0.015500
34 0.696018 0.784377 0.020804 0.015554
34 0.615463 0.784333 0.020814 0.015460
34 0.657876 0.824042 0.020796 0.015540
34 0.668214 0.793880 0.006682 0.017512
34 0.625443 0.759437 0.006865 0.017045
34 0.545044 0.758715 0.006821 0.017105
34 0.859786 0.796096 0.048715 0.010282
34 0.738214 0.824072 0.020945 0.015628
34 0.748557 0.794869 0.006956 0.017221
21 0.879109 0.779631 0.007826 0.012970
21 0.869214 0.779684 0.007973 0.012898
21 0.824504 0.779772 0.008296 0.013189
21 0.813231 0.779728 0.007941 0.012776
21 0.858493 0.779734 0.007998 0.013118
21 0.836027 0.779682 0.008405 0.013460
21 0.847043 0.779788 0.008030 0.013129
21 0.890671 0.780076 0.008143 0.013027
21 0.901360 0.779755 0.007869 0.013206
17 0.247499 0.211922 0.020340 0.029117
17 0.240679 0.083108 0.021539 0.030131
17 0.463413 0.211076 0.020580 0.030131
17 0.678009 0.212938 0.019623 0.029792
17 0.570558 0.212599 0.020580 0.030470
17 0.785515 0.211754 0.020820 0.029453
17 0.248337 0.741215 0.020103 0.031824
17 0.328266 0.742569 0.018666 0.031824
17 0.489378 0.742908 0.019863 0.030467
17 0.409447 0.741724 0.020340 0.030806
17 0.650607 0.743246 0.019861 0.030470
17 0.569840 0.741723 0.020582 0.030809
17 0.731789 0.742231 0.020580 0.029792
13 0.285925 0.190294 0.014690 0.025341
13 0.288721 0.058702 0.014424 0.031225
13 0.501140 0.187702 0.015097 0.030120
13 0.394098 0.188943 0.014952 0.027700
13 0.608778 0.187417 0.014587 0.030690
13 0.823793 0.186915 0.014895 0.031795
13 0.716150 0.187353 0.014512 0.030789
13 0.317656 0.484413 0.014942 0.031465
13 0.437486 0.486599 0.014682 0.030764
13 0.568438 0.483963 0.014559 0.032730
13 0.277021 0.745712 0.015056 0.028672
13 0.358443 0.745657 0.012615 0.029091
13 0.438031 0.745648 0.014100 0.029000
13 0.518485 0.746231 0.014621 0.027885
13 0.679506 0.745449 0.013965 0.029399
13 0.598993 0.745774 0.014251 0.028795
13 0.760252 0.745661 0.014855 0.028911
6 0.317258 0.131519 0.011007 0.011171
2 0.335445 0.214292 0.013400 0.010157
2 0.218543 0.084631 0.014120 0.009478
2 0.228234 0.213614 0.013402 0.009478
2 0.443071 0.213615 0.012923 0.011510
2 0.656949 0.213953 0.012444 0.010835
2 0.549739 0.214292 0.012923 0.012186
2 0.766946 0.213383 0.010766 0.012049
2 0.244388 0.510671 0.012683 0.008125
2 0.499188 0.511516 0.013163 0.011850
2 0.373670 0.511178 0.013880 0.010496
2 0.308523 0.785101 0.007897 0.016928
2 0.227517 0.784592 0.007657 0.017267
2 0.387879 0.784848 0.006652 0.017048
2 0.468406 0.784718 0.006912 0.016840
2 0.629240 0.784694 0.006622 0.016609
2 0.548771 0.784714 0.006612 0.016569
2 0.709533 0.785608 0.006221 0.017942
0 0.209210 0.213276 0.012683 0.009481
0 0.199568 0.084939 0.011618 0.009370
0 0.314629 0.214092 0.010987 0.008356
0 0.253115 0.122796 0.011251 0.009000
0 0.527528 0.213715 0.011519 0.009196
0 0.417728 0.213870 0.011092 0.008812
0 0.634980 0.214042 0.010927 0.008438
0 0.749506 0.213709 0.010032 0.011146
0 0.833644 0.286661 0.011007 0.008997
0 0.833653 0.302357 0.011320 0.009199
0 0.299617 0.548984 0.011434 0.009601
0 0.225152 0.511251 0.011348 0.008783
0 0.480322 0.511254 0.011128 0.008829
0 0.407259 0.549041 0.011166 0.009630
0 0.356030 0.511183 0.007790 0.008863
0 0.539103 0.548947 0.011352 0.009333
0 0.227061 0.812116 0.006648 0.016184
0 0.307489 0.812146 0.006634 0.016335
0 0.350147 0.825969 0.006769 0.016070
0 0.269708 0.825983 0.006479 0.016064
0 0.430631 0.825218 0.006668 0.016101
0 0.511171 0.825276 0.006952 0.016156
0 0.387865 0.812174 0.006265 0.016181
0 0.468441 0.812186 0.006454 0.016244
0 0.629285 0.812154 0.006648 0.016056
0 0.591796 0.825301 0.006585 0.016067
0 0.548854 0.812083 0.006450 0.016062
0 0.672218 0.825328 0.006390 0.016036
0 0.709873 0.812143 0.006732 0.016415
35 0.106855 0.178323 0.016253 0.010992
35 0.106492 0.195249 0.015864 0.010852
34 0.150465 0.172998 0.011861 0.009285
34 0.084795 0.178250 0.026708 0.010180
34 0.084955 0.195861 0.026964 0.009789
34 0.117687 0.212187 0.014416 0.009208
34 0.142304 0.211797 0.013612 0.009077
34 0.149870 0.189798 0.011658 0.009148
34 0.328122 0.081783 0.007373 0.018025
34 0.269066 0.155808 0.006900 0.017566
34 0.208198 0.201156 0.020711 0.014491
34 0.337691 0.245708 0.012115 0.009148
34 0.219500 0.072412 0.020584 0.015027
34 0.240354 0.044860 0.035876 0.036349
34 0.228634 0.201261 0.020894 0.014702
34 0.301130 0.184721 0.021096 0.015580
34 0.304670 0.065342 0.021092 0.015403
34 0.313646 0.202884 0.021132 0.014859
0 0.752459 0.825170 0.006456 0.016010
34 0.335900 0.202496 0.020367 0.014779
34 0.215972 0.245668 0.012061 0.009034
34 0.247037 0.172659 0.035624 0.036746
34 0.198451 0.072921 0.021108 0.014614
34 0.263313 0.239534 0.021215 0.014907
34 0.253714 0.111409 0.021271 0.014696
34 0.281191 0.116798 0.012305 0.009721
34 0.271613 0.208122 0.012170 0.009387
