21 0.522877 0.168861 0.011330 0.022471
21 0.689969 0.263984 0.012105 0.022650
21 0.375238 0.607891 0.011978 0.022593
21 0.754860 0.724845 0.011743 0.022097
21 0.429995 0.920865 0.011807 0.022950
17 0.639347 0.529115 0.047288 0.061935
6 0.456208 0.196304 0.007137 0.010858
6 0.552128 0.255118 0.006996 0.015019
6 0.846787 0.140385 0.007123 0.011371
6 0.846873 0.150353 0.007679 0.011821
6 0.456206 0.332673 0.007625 0.011536
6 0.777765 0.292236 0.007746 0.010239
6 0.317419 0.606993 0.007550 0.012015
6 0.506974 0.529013 0.007623 0.009664
6 0.359431 0.528534 0.007967 0.009778
6 0.535247 0.803944 0.008137 0.010938
6 0.549072 0.803547 0.007613 0.009801
5 0.136465 0.163817 0.008711 0.010581
5 0.248661 0.187405 0.007714 0.010878
5 0.678915 0.190268 0.007722 0.012288
5 0.846780 0.210918 0.008685 0.010579
5 0.136718 0.396337 0.009649 0.009555
5 0.357685 0.440842 0.007345 0.010730
5 0.456082 0.279923 0.008259 0.010214
5 0.317599 0.542506 0.008227 0.013311
5 0.522265 0.787548 0.007484 0.004842
5 0.561469 0.787499 0.007800 0.004939
5 0.669259 0.637565 0.007615 0.011288
5 0.522148 0.790522 0.007238 0.011604
5 0.561553 0.790219 0.007861 0.010259
4 0.291143 0.181714 0.017524 0.024460
4 0.374790 0.163424 0.018147 0.025400
4 0.816136 0.554463 0.018441 0.025284
3 0.485787 0.116785 0.019607 0.025472
3 0.375148 0.197895 0.018959 0.026472
3 0.653818 0.183416 0.017875 0.024893
3 0.548349 0.116590 0.019454 0.025976
3 0.874034 0.096760 0.017528 0.024771
3 0.900173 0.554035 0.017655 0.025056
1 0.352042 0.074964 0.016428 0.012767
1 0.378599 0.127525 0.008427 0.024386
0 0.204089 0.187719 0.016096 0.012559
0 0.429210 0.116318 0.008848 0.024537
0 0.456261 0.248129 0.008691 0.023411
0 0.522889 0.145227 0.006938 0.018529
0 0.689736 0.216934 0.006769 0.018621
0 0.689730 0.240091 0.006688 0.018735
0 0.188242 0.436731 0.008608 0.023699
0 0.430596 0.441137 0.012377 0.009154
0 0.467696 0.441059 0.012754 0.009356
0 0.583392 0.362585 0.012462 0.009900
0 0.317501 0.572975 0.008967 0.023403
0 0.375213 0.584095 0.007113 0.018871
0 0.375236 0.561536 0.007067 0.018735
0 0.435929 0.528418 0.016160 0.011958
0 0.754930 0.674280 0.006694 0.018227
0 0.754959 0.700587 0.006747 0.018604
0 0.779327 0.637734 0.016390 0.012089
0 0.429807 0.896830 0.006753 0.018242
0 0.429693 0.870704 0.007210 0.018797
35 0.239339 0.132692 0.021338 0.013608
35 0.308638 0.074859 0.021753 0.012682
35 0.429548 0.174350 0.010292 0.030484
35 0.489635 0.167804 0.009944 0.031664
35 0.378667 0.239146 0.010349 0.031305
35 0.595099 0.189426 0.021446 0.013203
35 0.763303 0.189553 0.021481 0.013274
35 0.800763 0.102742 0.022059 0.013913
35 0.947195 0.102576 0.021718 0.013987
35 0.188408 0.479329 0.011106 0.031134
35 0.262984 0.410928 0.021867 0.013762
35 0.761244 0.560021 0.021368 0.013916
35 0.953034 0.560023 0.022168 0.014431
34 0.120482 0.164823 0.020929 0.018738
34 0.153266 0.126707 0.015540 0.009880
34 0.307212 0.054443 0.036221 0.028755
34 0.241712 0.111670 0.035862 0.029427
34 0.290992 0.159404 0.021569 0.018638
34 0.203947 0.172679 0.021585 0.017817
34 0.248247 0.172402 0.021680 0.018159
34 0.351674 0.060063 0.021160 0.018262
34 0.485121 0.091768 0.007490 0.020915
34 0.444181 0.138242 0.014809 0.010316
34 0.490004 0.199426 0.041857 0.029698
34 0.354057 0.164222 0.021168 0.019108
34 0.354133 0.198770 0.020957 0.018772
34 0.362343 0.126127 0.020395 0.019105
0 0.708488 0.637921 0.016493 0.011693
3 0.843472 0.252046 0.019116 0.026007
34 0.708976 0.622891 0.021255 0.018487
34 0.543308 0.699121 0.049146 0.024152
34 0.575673 0.794538 0.020407 0.021012
34 0.191760 0.507268 0.042343 0.021091
34 0.822433 0.251210 0.021734 0.022967
34 0.508200 0.144238 0.021259 0.018381
34 0.430063 0.199047 0.029337 0.019610
34 0.413551 0.116498 0.021122 0.018564
34 0.465514 0.116673 0.021350 0.018561
34 0.441090 0.247826 0.021350 0.018535
34 0.404936 0.069162 0.015258 0.010430
34 0.654154 0.161248 0.020866 0.018381
34 0.567949 0.116850 0.021120 0.019074
34 0.675050 0.239618 0.020044 0.018341
34 0.677693 0.174651 0.020568 0.017692
34 0.595816 0.167910 0.029734 0.029744
34 0.675076 0.216161 0.020022 0.017994
34 0.874203 0.074293 0.020506 0.018475
34 0.731126 0.183716 0.016515 0.010636
34 0.830849 0.211294 0.021730 0.019595
34 0.762882 0.167707 0.036392 0.029447
34 0.797746 0.084721 0.046330 0.019729
34 0.827560 0.098200 0.015850 0.008552
34 0.949059 0.084583 0.046737 0.020051
34 0.136742 0.297036 0.044152 0.025477
34 0.173263 0.436398 0.020673 0.018227
34 0.120604 0.397962 0.020951 0.018718
34 0.278564 0.434564 0.013143 0.010148
34 0.265443 0.390328 0.035262 0.028510
34 0.328523 0.304554 0.007599 0.020285
34 0.212751 0.405242 0.015804 0.010291
34 0.441106 0.253019 0.016172 0.007891
34 0.468527 0.426841 0.021817 0.018259
34 0.371254 0.536956 0.005776 0.007820
34 0.451998 0.304245 0.006821 0.021057
34 0.360340 0.426067 0.016410 0.018239
34 0.415773 0.355794 0.015566 0.009997
34 0.430785 0.427353 0.021775 0.018148
34 0.379045 0.270563 0.042647 0.029698
34 0.583334 0.348498 0.021664 0.018581
34 0.637761 0.485677 0.051130 0.024742
34 0.815527 0.287474 0.012568 0.008706
34 0.742424 0.287357 0.014647 0.009031
34 0.707265 0.327667 0.005989 0.022055
34 0.337100 0.522347 0.015562 0.009869
34 0.301332 0.543152 0.021185 0.018866
34 0.302323 0.572702 0.020741 0.018689
34 0.435498 0.513443 0.020201 0.017458
34 0.371382 0.541746 0.006805 0.018515
34 0.463977 0.522243 0.015882 0.010151
34 0.361219 0.583941 0.018167 0.018775
34 0.361361 0.561366 0.018451 0.017865
34 0.580358 0.523049 0.015542 0.008806
34 0.537819 0.632055 0.014631 0.009621
34 0.669252 0.622402 0.022097 0.018695
34 0.779550 0.622371 0.022000 0.018347
34 0.740380 0.699929 0.021622 0.018421
34 0.740381 0.673699 0.021253 0.018889
34 0.759277 0.538871 0.042276 0.029507
34 0.751688 0.651082 0.006720 0.018635
34 0.868968 0.554057 0.015324 0.010393
34 0.816489 0.531671 0.021813 0.019080
34 0.900709 0.531597 0.021668 0.018897
34 0.950342 0.538307 0.042748 0.028641
34 0.486748 0.828500 0.015175 0.008820
34 0.506609 0.795027 0.021158 0.018490
34 0.414952 0.869933 0.020842 0.018373
34 0.426318 0.847763 0.006239 0.018205
34 0.414959 0.896362 0.021001 0.018339
