34 0.909390 0.181931 0.044819 0.036042
35 0.911383 0.215563 0.009764 0.031046
35 0.942221 0.291409 0.021412 0.012719
35 0.941031 0.806721 0.020979 0.013243
34 0.097018 0.245202 0.006726 0.014537
34 0.084610 0.203938 0.021416 0.017606
34 0.122144 0.200321 0.010747 0.009618
34 0.152473 0.158874 0.020828 0.016922
34 0.136279 0.116317 0.023461 0.018111
34 0.113661 0.170214 0.023612 0.017903
34 0.133936 0.231176 0.006898 0.016822
34 0.231504 0.079600 0.021259 0.017364
34 0.225720 0.209374 0.007162 0.017011
34 0.253955 0.190704 0.021315 0.017885
34 0.215735 0.158427 0.021003 0.016865
34 0.231462 0.126956 0.021340 0.016700
34 0.231387 0.103813 0.021243 0.017093
34 0.350767 0.158712 0.020864 0.017144
34 0.334034 0.116285 0.023378 0.018150
34 0.311564 0.170150 0.023423 0.017791
34 0.330926 0.208256 0.007278 0.016791
34 0.429291 0.103759 0.021338 0.016939
34 0.413341 0.158242 0.020933 0.017008
34 0.510207 0.170137 0.023247 0.017737
34 0.451989 0.190688 0.021348 0.018065
34 0.429155 0.126952 0.021271 0.016760
34 0.513877 0.247079 0.021448 0.016546
34 0.429182 0.079544 0.021193 0.017207
34 0.382302 0.048408 0.033503 0.037706
34 0.480452 0.174061 0.024257 0.017686
34 0.509039 0.193749 0.010661 0.009926
34 0.423558 0.209430 0.007224 0.017144
34 0.627879 0.125611 0.021007 0.016660
34 0.622525 0.176904 0.006787 0.016874
34 0.549057 0.233277 0.021430 0.017338
34 0.640492 0.233575 0.020955 0.017318
34 0.627857 0.079580 0.021172 0.017335
34 0.548673 0.158716 0.020828 0.017142
34 0.611966 0.158199 0.020971 0.016928
34 0.581059 0.048497 0.033648 0.037803
34 0.536335 0.116392 0.016263 0.017834
34 0.650679 0.206539 0.021237 0.016874
34 0.650696 0.186352 0.021364 0.017481
34 0.183944 0.048410 0.034327 0.037977
34 0.182848 0.484849 0.021779 0.018071
34 0.885027 0.263937 0.018040 0.016520
34 0.536196 0.563423 0.020296 0.017640
34 0.707349 0.578608 0.020379 0.017512
34 0.707782 0.558441 0.019593 0.017008
34 0.886141 0.781612 0.017085 0.012719
33 0.177827 0.538360 0.012673 0.013619
13 0.102172 0.203282 0.013223 0.026552
3 0.382382 0.284922 0.014974 0.022348
3 0.531553 0.233183 0.013791 0.018814
34 0.627704 0.104890 0.021311 0.016820
34 0.923935 0.248520 0.020066 0.017136
34 0.277541 0.472115 0.020453 0.017167
34 0.230734 0.416770 0.032427 0.037307
34 0.301251 0.362680 0.021620 0.017751
34 0.234121 0.384923 0.011940 0.009288
34 0.264435 0.285370 0.011839 0.009664
34 0.185296 0.265017 0.018449 0.016817
34 0.278555 0.446785 0.020139 0.017270
34 0.312188 0.467126 0.006942 0.014759
34 0.277540 0.495239 0.020463 0.016612
34 0.482225 0.255031 0.007117 0.011858
34 0.382180 0.264940 0.022071 0.016908
34 0.462575 0.446747 0.020322 0.017353
34 0.498513 0.467008 0.007023 0.015013
34 0.404184 0.346958 0.010262 0.009459
34 0.424067 0.367716 0.021660 0.016503
34 0.366656 0.484859 0.022405 0.017948
34 0.461680 0.472083 0.020169 0.017070
34 0.423658 0.338930 0.021410 0.016851
34 0.461702 0.495229 0.020226 0.016455
34 0.414674 0.416798 0.032313 0.036594
34 0.580231 0.265031 0.020095 0.016617
34 0.591178 0.412192 0.006982 0.014865
34 0.574819 0.371461 0.021608 0.017090
34 0.637606 0.416879 0.032810 0.037304
34 0.678258 0.264691 0.021694 0.017013
34 0.589380 0.484840 0.022288 0.017997
34 0.684365 0.495151 0.020105 0.016520
34 0.685351 0.446785 0.020226 0.017315
34 0.651960 0.285041 0.012240 0.009895
34 0.606802 0.285539 0.011904 0.009601
34 0.553626 0.412331 0.006672 0.014528
34 0.538427 0.419758 0.020447 0.016671
34 0.531068 0.274915 0.005729 0.017204
34 0.684460 0.472028 0.020185 0.017033
34 0.848990 0.285507 0.011964 0.009658
34 0.864181 0.301020 0.005147 0.012174
34 0.828099 0.301359 0.004954 0.011690
34 0.781996 0.488397 0.010334 0.009573
34 0.816056 0.316815 0.020189 0.017472
34 0.757159 0.335262 0.019752 0.017655
34 0.748580 0.458591 0.019702 0.017199
34 0.852184 0.316423 0.018437 0.016968
34 0.907699 0.270593 0.006632 0.013126
34 0.940392 0.276485 0.035804 0.018264
34 0.141335 0.590067 0.022395 0.018310
34 0.174525 0.584698 0.010431 0.009390
34 0.154319 0.657327 0.006910 0.014802
34 0.160053 0.538349 0.022109 0.017962
34 0.261615 0.526386 0.019942 0.017179
34 0.256534 0.662801 0.011992 0.009376
34 0.177833 0.584201 0.003531 0.007985
34 0.335852 0.683394 0.006761 0.014682
34 0.377898 0.526761 0.008910 0.017033
34 0.344001 0.538474 0.022804 0.017957
34 0.199231 0.526871 0.020171 0.017019
34 0.300320 0.558668 0.020318 0.017501
34 0.230748 0.642320 0.021396 0.017030
34 0.180314 0.623726 0.006692 0.016794
34 0.272270 0.574524 0.006962 0.017062
34 0.357844 0.701274 0.011418 0.017948
34 0.353803 0.537801 0.003320 0.016515
34 0.364069 0.630373 0.006869 0.016905
34 0.414722 0.642429 0.021289 0.017170
34 0.383430 0.526875 0.020050 0.016976
34 0.484356 0.558585 0.020558 0.017250
34 0.445495 0.526208 0.020332 0.016748
34 0.456342 0.574484 0.007079 0.017056
34 0.440527 0.662799 0.012041 0.009296
34 0.518006 0.516274 0.006918 0.015284
34 0.587142 0.651607 0.006477 0.016312
34 0.696945 0.603515 0.020175 0.017090
34 0.703655 0.645419 0.020647 0.016862
34 0.661667 0.663293 0.012109 0.009721
34 0.548889 0.605449 0.006739 0.014363
34 0.604512 0.603803 0.020081 0.017524
34 0.570754 0.559803 0.010340 0.009171
34 0.606085 0.526814 0.020010 0.017076
34 0.566900 0.538266 0.022309 0.017991
34 0.570563 0.623528 0.017951 0.014882
34 0.669284 0.526314 0.019817 0.017102
34 0.637448 0.642549 0.021354 0.017421
34 0.678871 0.548739 0.006972 0.016862
34 0.767002 0.636765 0.006894 0.017059
34 0.750566 0.546877 0.021362 0.017646
34 0.803879 0.509298 0.019909 0.017256
34 0.801752 0.585621 0.019543 0.016857
34 0.781813 0.600801 0.010375 0.009159
34 0.727461 0.524477 0.006908 0.016945
34 0.824875 0.562932 0.006434 0.016911
34 0.414283 0.800021 0.011616 0.009504
34 0.552509 0.769867 0.010397 0.009396
34 0.589820 0.834062 0.022798 0.016936
34 0.640211 0.827999 0.006469 0.015155
34 0.576412 0.761656 0.022293 0.016899
34 0.661280 0.787391 0.020574 0.016919
34 0.677759 0.827700 0.006557 0.014899
34 0.590391 0.791962 0.022083 0.017079
34 0.810992 0.815953 0.006448 0.014141
34 0.826254 0.830899 0.018173 0.016549
34 0.848537 0.800720 0.011640 0.009390
34 0.942056 0.792390 0.036307 0.017438
34 0.907477 0.781570 0.016855 0.012944
33 0.154227 0.118631 0.012532 0.013044
33 0.131569 0.170078 0.011882 0.013551
33 0.351766 0.118537 0.012375 0.012970
33 0.213968 0.126979 0.012194 0.012676
33 0.236733 0.190366 0.012186 0.013009
33 0.213961 0.103671 0.012236 0.012653
33 0.329459 0.170081 0.012113 0.013351
33 0.528323 0.170033 0.012315 0.013368
33 0.411889 0.103651 0.012488 0.012836
33 0.434700 0.190366 0.012172 0.013101
33 0.411886 0.127015 0.012442 0.012628
33 0.550658 0.118558 0.012790 0.013081
33 0.610469 0.104478 0.012365 0.012468
33 0.633617 0.186203 0.011956 0.012770
33 0.633539 0.206593 0.011922 0.012918
33 0.610572 0.125274 0.012156 0.012707
33 0.200153 0.486701 0.012514 0.013038
33 0.260258 0.471991 0.012361 0.013135
33 0.260350 0.495118 0.012290 0.012853
33 0.444335 0.472021 0.012583 0.013126
33 0.384506 0.486734 0.012510 0.013166
33 0.444376 0.495084 0.012458 0.012801
33 0.607022 0.486680 0.012190 0.013121
33 0.667163 0.471954 0.012452 0.013163
33 0.667228 0.495224 0.012466 0.012824
33 0.884997 0.281562 0.008717 0.018159
33 0.283183 0.558484 0.012293 0.013217
33 0.467252 0.558427 0.011821 0.013143
33 0.361878 0.538450 0.012002 0.013018
33 0.584780 0.538413 0.012252 0.013103
33 0.690176 0.558535 0.011976 0.012984
33 0.690092 0.579058 0.012105 0.012981
33 0.887122 0.797173 0.008858 0.017350
33 0.908156 0.797184 0.009035 0.017623
21 0.165448 0.177875 0.009132 0.015004
21 0.202342 0.178009 0.008834 0.014947
21 0.400465 0.177974 0.008868 0.015087
21 0.363453 0.178242 0.008699 0.015235
21 0.598914 0.177970 0.009110 0.015164
21 0.561402 0.177888 0.009110 0.015024
21 0.866793 0.331592 0.007659 0.011881
21 0.830863 0.331335 0.007178 0.010832
21 0.211853 0.546332 0.008413 0.014568
21 0.339327 0.727076 0.007494 0.011616
21 0.248734 0.546395 0.008737 0.015001
21 0.432680 0.546272 0.008552 0.014716
21 0.503141 0.652519 0.007651 0.011508
21 0.395947 0.546357 0.008868 0.015073
21 0.656564 0.546134 0.008882 0.014993
21 0.618709 0.546217 0.008642 0.014788
21 0.790539 0.526073 0.008854 0.012528
21 0.779838 0.578572 0.007407 0.011815
21 0.100844 0.827351 0.007067 0.011744
21 0.521924 0.870040 0.008376 0.015571
21 0.814949 0.846207 0.006940 0.011850
15 0.574485 0.391565 0.014990 0.021938
15 0.661423 0.807126 0.014776 0.021770
13 0.487941 0.196518 0.014597 0.027421
13 0.159830 0.588787 0.014390 0.028906
13 0.554475 0.563103 0.014015 0.028225
6 0.100866 0.221909 0.007417 0.011850
6 0.218288 0.064206 0.004795 0.006064
6 0.416230 0.064246 0.004736 0.005950
6 0.486186 0.214709 0.006948 0.012172
6 0.614712 0.064285 0.005064 0.006307
6 0.265496 0.431463 0.004919 0.005936
6 0.449539 0.431445 0.005000 0.006384
6 0.672309 0.431471 0.004811 0.005888
6 0.706610 0.291730 0.008860 0.010841
6 0.552572 0.581191 0.006960 0.012009
6 0.779731 0.575487 0.003282 0.003599
6 0.731981 0.555225 0.005187 0.008427
4 0.184038 0.285080 0.014019 0.022773
4 0.580889 0.285227 0.014917 0.023009
4 0.766968 0.459480 0.016571 0.020168
4 0.230473 0.662875 0.014553 0.022958
4 0.414368 0.662818 0.014515 0.022907
4 0.637323 0.662877 0.014412 0.022818
3 0.623664 0.233491 0.014243 0.019276
3 0.423685 0.385888 0.013646 0.019031
3 0.678590 0.285148 0.014847 0.023007
3 0.680423 0.603431 0.014287 0.019681
3 0.587950 0.603374 0.013628 0.019840
3 0.703560 0.663931 0.013860 0.019399
3 0.768497 0.547080 0.015040 0.019347
3 0.574764 0.801502 0.013715 0.019909
0 0.165541 0.158957 0.004897 0.012072
0 0.218430 0.080027 0.004728 0.011311
0 0.202372 0.158911 0.004748 0.011935
0 0.400355 0.158951 0.004782 0.011981
0 0.416073 0.079969 0.004776 0.011371
0 0.363505 0.158957 0.004706 0.012009
0 0.598902 0.158944 0.004770 0.011830
0 0.614816 0.079987 0.005014 0.011425
0 0.561375 0.159013 0.004776 0.011949
0 0.911369 0.248728 0.004583 0.011448
0 0.316393 0.362147 0.005038 0.011961
0 0.265592 0.447283 0.004823 0.011499
0 0.449465 0.447163 0.005034 0.011693
0 0.423237 0.352432 0.008046 0.006740
0 0.514806 0.259034 0.008080 0.006965
0 0.537729 0.431790 0.008120 0.007130
0 0.672387 0.447313 0.004762 0.011268
0 0.771310 0.335316 0.006573 0.016674
0 0.830850 0.315416 0.004887 0.011647
0 0.866782 0.315254 0.005179 0.011801
0 0.211892 0.527287 0.004875 0.011462
0 0.248734 0.527095 0.004821 0.011123
0 0.339346 0.701653 0.004712 0.011701
0 0.396082 0.527144 0.004504 0.010955
0 0.432577 0.526912 0.005012 0.011584
0 0.571278 0.634250 0.008080 0.006421
0 0.656457 0.527080 0.004966 0.011277
0 0.618799 0.527274 0.004682 0.011305
0 0.789601 0.585744 0.004625 0.011465
0 0.790187 0.509175 0.004508 0.011351
0 0.589295 0.847689 0.008372 0.006401
0 0.575844 0.775138 0.008026 0.006110
0 0.814367 0.830777 0.004573 0.011060
