6 0.803950 0.426109 0.007345 0.007179
6 0.786858 0.425919 0.007343 0.006423
6 0.778180 0.426486 0.007879 0.007934
6 0.418772 0.577904 0.003201 0.003879
6 0.419343 0.719196 0.003586 0.004383
6 0.418949 0.655529 0.003560 0.004434
6 0.363709 0.641820 0.003324 0.005902
6 0.368152 0.708099 0.003209 0.004389
6 0.650331 0.565201 0.003789 0.003528
6 0.650112 0.679276 0.004224 0.004269
6 0.846777 0.611555 0.004069 0.007447
6 0.932864 0.612038 0.003197 0.004748
6 0.342485 0.755272 0.003620 0.004879
6 0.401287 0.780158 0.003352 0.005269
6 0.374294 0.825594 0.003906 0.004543
6 0.650392 0.793364 0.003757 0.004973
5 0.114906 0.735557 0.012061 0.009165
5 0.077175 0.735630 0.009813 0.009139
4 0.251204 0.775549 0.013157 0.017988
3 0.113392 0.654302 0.014512 0.018857
3 0.112957 0.630007 0.013666 0.016999
3 0.848758 0.554336 0.014784 0.019125
3 0.934936 0.554551 0.014774 0.019493
2 0.645582 0.143538 0.012683 0.011510
2 0.629907 0.414785 0.014359 0.010493
2 0.557756 0.259057 0.012683 0.012528
2 0.752637 0.696894 0.012768 0.009877
1 0.169743 0.180258 0.012665 0.010353
1 0.092061 0.108340 0.006007 0.016771
1 0.281661 0.672646 0.012230 0.010370
1 0.282843 0.589487 0.012536 0.010077
0 0.145592 0.180456 0.012546 0.010311
0 0.100561 0.154568 0.007770 0.006429
0 0.092273 0.239535 0.006702 0.016797
0 0.100506 0.133302 0.007800 0.006170
0 0.193130 0.208984 0.008233 0.006307
0 0.193210 0.232135 0.008322 0.006526
0 0.293004 0.163232 0.011704 0.009712
0 0.435856 0.230417 0.004307 0.010610
0 0.462742 0.230352 0.004504 0.010821
0 0.675552 0.787398 0.004255 0.010658
0 0.650401 0.843712 0.004359 0.011225
0 0.650385 0.803407 0.004271 0.010410
0 0.621147 0.787361 0.004434 0.010938
0 0.591159 0.824922 0.011589 0.008897
34 0.503054 0.120195 0.008098 0.007783
34 0.448129 0.119872 0.008251 0.007997
34 0.408787 0.120087 0.009319 0.007566
34 0.350118 0.119439 0.008709 0.007130
34 0.929790 0.115771 0.006749 0.008681
34 0.929176 0.076708 0.007977 0.008681
34 0.926732 0.349269 0.005834 0.007253
34 0.926026 0.310258 0.006541 0.007253
34 0.429114 0.044306 0.062047 0.010504
6 0.291886 0.617760 0.003566 0.006349
0 0.415618 0.823227 0.011817 0.008626
0 0.499264 0.835872 0.007367 0.005765
0 0.415697 0.801200 0.011821 0.009285
0 0.498980 0.782045 0.007726 0.005731
0 0.498992 0.807070 0.007754 0.006252
0 0.460946 0.758964 0.004237 0.011288
0 0.378878 0.779709 0.011636 0.009171
0 0.415586 0.845395 0.011974 0.009296
0 0.374200 0.835948 0.004146 0.010556
0 0.342336 0.766059 0.004531 0.010801
0 0.227735 0.779336 0.012339 0.010105
0 0.968013 0.701706 0.004329 0.011026
0 0.927562 0.724729 0.004335 0.010308
0 0.932783 0.627636 0.004635 0.011528
0 0.937930 0.714038 0.006718 0.016734
0 0.922366 0.594117 0.007649 0.006335
0 0.885804 0.701822 0.004287 0.010678
0 0.959997 0.685594 0.012472 0.009969
0 0.905647 0.678434 0.004605 0.010747
0 0.840525 0.724635 0.004313 0.010530
0 0.836202 0.594121 0.007762 0.006458
0 0.760917 0.558682 0.007780 0.008045
0 0.846909 0.627075 0.004164 0.010650
0 0.710366 0.824547 0.011702 0.009379
0 0.873551 0.685819 0.012242 0.009211
0 0.710289 0.710074 0.011573 0.008720
0 0.785800 0.621378 0.004251 0.010211
0 0.759517 0.584839 0.007474 0.006235
0 0.759508 0.623125 0.007494 0.006512
0 0.805379 0.553742 0.006704 0.017025
0 0.796915 0.744577 0.004579 0.010915
0 0.851837 0.714034 0.006898 0.016817
0 0.819874 0.679252 0.004587 0.010502
0 0.754359 0.734494 0.011886 0.009205
0 0.710340 0.596402 0.011741 0.009772
0 0.591189 0.710245 0.011406 0.008515
0 0.591282 0.596351 0.011956 0.009852
0 0.650425 0.688698 0.004291 0.010761
0 0.650444 0.615058 0.004357 0.010647
0 0.650430 0.729238 0.004301 0.010456
0 0.621178 0.674089 0.004416 0.011012
0 0.621189 0.564639 0.004367 0.010881
0 0.675530 0.564671 0.004198 0.010658
0 0.561147 0.555640 0.004708 0.010778
0 0.533566 0.747657 0.004307 0.010499
0 0.675551 0.674154 0.004237 0.010655
0 0.540126 0.555551 0.004353 0.010829
0 0.650298 0.574671 0.004480 0.010180
0 0.463357 0.691874 0.004422 0.010405
0 0.447692 0.572358 0.011682 0.009156
0 0.419237 0.729724 0.004396 0.010886
0 0.510665 0.746203 0.012317 0.009265
0 0.370815 0.737630 0.004643 0.011054
0 0.393318 0.609181 0.011974 0.009647
0 0.393343 0.746054 0.011730 0.009276
0 0.463216 0.619919 0.004539 0.010644
0 0.511982 0.682548 0.012006 0.009171
0 0.393299 0.682602 0.011726 0.008766
0 0.418673 0.588153 0.004245 0.010863
0 0.510630 0.609208 0.012524 0.009860
0 0.418776 0.666020 0.004527 0.010895
0 0.358810 0.555693 0.004414 0.010502
0 0.267551 0.653428 0.004357 0.010288
0 0.320053 0.724094 0.006541 0.017193
0 0.243551 0.570664 0.004696 0.011223
0 0.197391 0.689272 0.004234 0.010188
0 0.243526 0.653401 0.004567 0.010467
0 0.267567 0.570665 0.004458 0.011174
0 0.197858 0.606309 0.004631 0.010539
0 0.277276 0.779516 0.011692 0.009621
0 0.301275 0.624189 0.007901 0.006463
0 0.181851 0.672844 0.011543 0.009325
0 0.179469 0.542714 0.006803 0.006877
0 0.300092 0.672582 0.011549 0.009490
0 0.337602 0.724795 0.006610 0.016555
0 0.179398 0.565856 0.006660 0.006919
0 0.181871 0.589788 0.011434 0.009094
20 0.182508 0.349364 0.060870 0.127968
22 0.449533 0.258143 0.018666 0.023155
33 0.529502 0.598027 0.010012 0.012582
33 0.529249 0.577811 0.010230 0.011901
34 0.710428 0.813186 0.016908 0.014620
34 0.294912 0.287796 0.018886 0.016543
34 0.557732 0.247130 0.020475 0.014397
34 0.181355 0.755433 0.018793 0.014121
34 0.378918 0.768216 0.019239 0.013787
0 0.300221 0.589506 0.011505 0.009225
0 0.253365 0.743388 0.011851 0.009535
0 0.098825 0.599201 0.007677 0.005759
33 0.906337 0.624762 0.009317 0.018512
34 0.202904 0.755462 0.019373 0.013927
34 0.710755 0.698669 0.016878 0.014460
34 0.686784 0.787428 0.016884 0.015056
34 0.527896 0.555855 0.017476 0.014702
34 0.609563 0.786959 0.016547 0.014967
34 0.358047 0.581775 0.017141 0.014865
34 0.358790 0.529571 0.018266 0.014360
34 0.357383 0.601435 0.017587 0.014514
34 0.179932 0.531763 0.017599 0.014218
34 0.182111 0.661261 0.017566 0.014731
34 0.179824 0.555530 0.017383 0.013870
34 0.886914 0.290809 0.049936 0.012551
0 0.152170 0.707895 0.004210 0.010684
0 0.115418 0.715322 0.006876 0.016999
0 0.077207 0.715231 0.006739 0.017022
0 0.098857 0.547348 0.007601 0.005628
0 0.818852 0.426157 0.007623 0.006335
0 0.734911 0.360999 0.007792 0.006865
0 0.745040 0.456797 0.007401 0.006486
0 0.818789 0.456824 0.007558 0.006689
0 0.745106 0.426194 0.007496 0.006044
0 0.734956 0.386677 0.007933 0.006674
0 0.745109 0.485234 0.007583 0.005868
0 0.818870 0.485207 0.007526 0.005939
0 0.734554 0.262244 0.004623 0.011550
0 0.735020 0.339219 0.007800 0.006292
34 0.708392 0.409156 0.011910 0.008641
34 0.889696 0.400504 0.133300 0.022696
34 0.182578 0.320021 0.023253 0.027190
34 0.888303 0.057555 0.048805 0.009165
34 0.891985 0.158266 0.123697 0.018150
34 0.535982 0.222524 0.020151 0.014651
0 0.734981 0.316948 0.007782 0.006498
0 0.657084 0.374749 0.004398 0.010616
0 0.689283 0.374742 0.004637 0.010664
0 0.585598 0.435938 0.004654 0.010906
0 0.593012 0.400487 0.004323 0.010863
0 0.535578 0.455671 0.004376 0.010818
0 0.617467 0.400474 0.004253 0.010712
0 0.496797 0.338611 0.005524 0.014087
0 0.377877 0.338752 0.005463 0.014089
0 0.485970 0.279478 0.004285 0.010385
0 0.338083 0.454786 0.004672 0.010809
0 0.199148 0.426677 0.004230 0.010584
0 0.223017 0.314675 0.007782 0.005970
0 0.238078 0.380738 0.004774 0.011114
0 0.237790 0.414782 0.012542 0.009706
0 0.238110 0.295926 0.004545 0.010598
0 0.309129 0.288103 0.006835 0.017318
0 0.222980 0.361485 0.007621 0.005785
0 0.277410 0.405767 0.004764 0.011476
0 0.329969 0.365073 0.004535 0.010761
0 0.117926 0.372897 0.004325 0.010291
0 0.144061 0.372847 0.004589 0.010436
0 0.115430 0.415177 0.006859 0.016526
0 0.163171 0.384830 0.007897 0.007062
0 0.148441 0.478843 0.011591 0.008834
0 0.716333 0.113588 0.004349 0.010687
0 0.536057 0.248735 0.004607 0.010675
0 0.529611 0.115707 0.002816 0.010975
0 0.555507 0.115588 0.004454 0.010533
0 0.647840 0.231686 0.004553 0.010644
0 0.615536 0.231774 0.004674 0.010826
0 0.684093 0.113661 0.004859 0.011288
0 0.733319 0.262156 0.002339 0.011037
0 0.592476 0.134077 0.004464 0.011191
0 0.572391 0.166054 0.004234 0.010142
0 0.620222 0.134152 0.004541 0.011012
0 0.417988 0.184030 0.004496 0.010322
0 0.509301 0.248662 0.004388 0.010712
35 0.092011 0.064895 0.008459 0.027013
35 0.308945 0.238723 0.008842 0.027917
35 0.092296 0.302756 0.009373 0.028185
35 0.077432 0.761177 0.008940 0.027911
35 0.154549 0.779349 0.019263 0.012194
35 0.115687 0.761354 0.009126 0.027820
35 0.203597 0.846137 0.019144 0.011516
34 0.661665 0.843971 0.016851 0.014879
34 0.634292 0.808019 0.021803 0.025922
34 0.661800 0.803652 0.016646 0.014611
34 0.396180 0.840294 0.011229 0.007261
34 0.395272 0.817467 0.012438 0.008048
34 0.415875 0.812753 0.019019 0.013736
34 0.499301 0.826425 0.018614 0.013807
34 0.415799 0.790017 0.018745 0.013634
34 0.499061 0.797789 0.018860 0.013970
34 0.415720 0.834232 0.018987 0.013918
34 0.093652 0.041734 0.041245 0.021439
34 0.079429 0.239404 0.018531 0.015389
34 0.145758 0.167586 0.018761 0.014283
34 0.101795 0.123324 0.018058 0.013864
34 0.169716 0.167508 0.018707 0.014480
34 0.125863 0.131609 0.018805 0.015409
34 0.102259 0.144949 0.018475 0.013340
34 0.193862 0.221616 0.018187 0.013810
34 0.125707 0.154476 0.018594 0.014907
34 0.089362 0.214456 0.004909 0.016213
34 0.089359 0.090447 0.004710 0.014608
34 0.075443 0.174696 0.024625 0.027524
34 0.415939 0.171864 0.005528 0.014882
34 0.497311 0.248490 0.018546 0.014169
34 0.473474 0.230643 0.016747 0.014639
34 0.430094 0.183622 0.019974 0.014979
34 0.448874 0.208729 0.020882 0.014739
34 0.425142 0.230841 0.016855 0.015064
34 0.508966 0.223190 0.020909 0.014337
34 0.524019 0.248547 0.018018 0.013987
34 0.518021 0.116054 0.016247 0.014469
34 0.700500 0.126002 0.020661 0.014397
34 0.620211 0.107796 0.020788 0.014873
34 0.584590 0.166250 0.020079 0.015030
34 0.601971 0.232895 0.020385 0.029940
34 0.541662 0.162697 0.023687 0.017922
34 0.580314 0.133937 0.018255 0.014058
34 0.570441 0.152997 0.005427 0.014856
34 0.670894 0.114734 0.020318 0.029541
34 0.698307 0.079758 0.043326 0.016455
34 0.630333 0.203790 0.043358 0.015896
34 0.660804 0.223370 0.018908 0.014252
34 0.661295 0.238118 0.020709 0.014474
34 0.729680 0.112521 0.021148 0.029493
34 0.848627 0.077988 0.007794 0.006235
34 0.852009 0.181971 0.040852 0.015859
34 0.849317 0.115643 0.007937 0.006156
34 0.645483 0.132280 0.020612 0.014369
34 0.631944 0.240034 0.020677 0.014848
34 0.608170 0.133994 0.018173 0.014258
34 0.592397 0.107655 0.020749 0.014779
34 0.541920 0.094018 0.020713 0.014711
34 0.566365 0.115636 0.016440 0.014645
34 0.144313 0.345073 0.019114 0.014671
34 0.148798 0.467086 0.018926 0.013973
34 0.093350 0.326902 0.045874 0.022633
34 0.117565 0.345066 0.019188 0.014708
34 0.894274 0.135296 0.009269 0.006170
34 0.936269 0.181909 0.040185 0.015873
34 0.891731 0.044543 0.009104 0.006942
34 0.160745 0.441579 0.005629 0.016044
34 0.131707 0.372786 0.018519 0.014810
34 0.105344 0.372763 0.018836 0.015244
34 0.102167 0.414782 0.018894 0.015549
34 0.132840 0.474406 0.007583 0.006560
34 0.203830 0.425757 0.004911 0.014443
34 0.280325 0.469389 0.018842 0.015859
34 0.223114 0.351992 0.017385 0.014426
34 0.237661 0.402783 0.018860 0.013990
34 0.341638 0.365155 0.018541 0.015121
34 0.295111 0.390531 0.018707 0.014588
34 0.277834 0.377556 0.019093 0.014679
34 0.326102 0.454389 0.018493 0.014967
34 0.223107 0.305148 0.017472 0.014298
34 0.209833 0.425946 0.016857 0.014548
34 0.387149 0.470115 0.009895 0.007925
34 0.479641 0.359578 0.007236 0.007541
34 0.376531 0.386422 0.008187 0.006506
34 0.395360 0.359474 0.007234 0.007241
34 0.376579 0.433088 0.007869 0.006780
34 0.523715 0.455255 0.018868 0.014916
34 0.218520 0.409728 0.009293 0.007048
34 0.249855 0.326093 0.016938 0.014072
34 0.249226 0.379910 0.016962 0.014463
34 0.265479 0.405564 0.018525 0.014252
34 0.249338 0.295863 0.017057 0.015232
34 0.197106 0.415023 0.005260 0.011334
34 0.363383 0.386499 0.010856 0.007219
34 0.509148 0.338681 0.018928 0.015549
34 0.365320 0.339020 0.018582 0.014893
34 0.481090 0.344236 0.005661 0.015329
34 0.510438 0.432598 0.011348 0.007982
34 0.387340 0.344580 0.005820 0.015326
34 0.510363 0.386039 0.010798 0.007341
34 0.364056 0.433180 0.010965 0.007489
34 0.438432 0.360620 0.040316 0.008928
34 0.421942 0.313669 0.012103 0.008324
34 0.630243 0.403457 0.018560 0.014124
34 0.672672 0.396466 0.018846 0.015098
34 0.605719 0.400587 0.018441 0.014335
34 0.617641 0.374137 0.019146 0.014828
34 0.593095 0.374070 0.019418 0.014939
34 0.597711 0.436412 0.018817 0.014933
34 0.448797 0.277444 0.023683 0.017635
34 0.483743 0.266760 0.005185 0.014329
34 0.469846 0.488145 0.010788 0.007598
34 0.752885 0.290771 0.019472 0.015517
34 0.760663 0.317186 0.019521 0.015358
34 0.735150 0.329342 0.017577 0.013599
34 0.691568 0.485356 0.063882 0.014434
34 0.705512 0.427486 0.029500 0.010048
34 0.585115 0.253463 0.010210 0.007854
34 0.683500 0.457458 0.080123 0.018695
34 0.643762 0.376190 0.020397 0.029222
34 0.702590 0.373662 0.020683 0.029786
34 0.582630 0.423086 0.005413 0.014306
34 0.581276 0.400522 0.018064 0.014460
34 0.671834 0.346302 0.039301 0.016133
34 0.819090 0.475170 0.018350 0.014312
34 0.745257 0.475158 0.018133 0.014243
34 0.735172 0.350779 0.017484 0.013745
34 0.722137 0.340034 0.004940 0.016985
34 0.735218 0.376372 0.017639 0.013936
34 0.760638 0.360861 0.019402 0.015161
34 0.768362 0.445358 0.018259 0.014597
34 0.819008 0.415898 0.018157 0.014075
34 0.735289 0.307026 0.017931 0.013864
34 0.795278 0.473303 0.017824 0.013839
34 0.745230 0.415861 0.018235 0.014092
34 0.760684 0.339478 0.019386 0.015070
34 0.795269 0.413857 0.017859 0.014320
34 0.795309 0.444322 0.017661 0.014132
34 0.846327 0.349089 0.007838 0.006261
34 0.845518 0.311476 0.007703 0.006121
34 0.745174 0.446634 0.018000 0.013987
34 0.819060 0.446630 0.018120 0.013973
34 0.768332 0.414423 0.018143 0.014597
34 0.768283 0.473797 0.018004 0.014155
34 0.760677 0.386435 0.019388 0.015104
34 0.746657 0.261905 0.019619 0.015232
34 0.099088 0.589553 0.018753 0.014129
34 0.062564 0.734922 0.018175 0.015104
34 0.130342 0.736211 0.018989 0.015677
34 0.112250 0.611136 0.005077 0.013112
34 0.888664 0.278353 0.009291 0.007159
34 0.891110 0.370814 0.009279 0.007082
34 0.255974 0.653170 0.017842 0.014201
34 0.141147 0.708220 0.017137 0.014639
34 0.160922 0.625604 0.005659 0.018259
34 0.064337 0.715674 0.017985 0.015013
34 0.099057 0.537687 0.018940 0.014337
34 0.102684 0.715731 0.018455 0.015241
34 0.134628 0.558083 0.025502 0.026432
34 0.096644 0.655276 0.018840 0.015073
34 0.096644 0.630771 0.018815 0.014993
34 0.111808 0.515768 0.005582 0.013098
34 0.069986 0.573112 0.018747 0.015252
34 0.253555 0.731666 0.019019 0.014258
34 0.280807 0.661241 0.017939 0.013728
34 0.183568 0.578861 0.014960 0.013733
34 0.267621 0.626116 0.018409 0.014243
34 0.282340 0.577999 0.018374 0.014272
34 0.301194 0.577955 0.018076 0.014098
34 0.299888 0.660718 0.018173 0.014409
34 0.243948 0.543397 0.018461 0.014471
34 0.217921 0.703336 0.025512 0.025235
34 0.233041 0.584912 0.011783 0.006882
34 0.232675 0.738374 0.011289 0.007224
34 0.186134 0.606962 0.017981 0.014397
34 0.350215 0.725268 0.018757 0.014440
34 0.231123 0.653329 0.018165 0.014722
34 0.185476 0.689416 0.017919 0.014665
34 0.204945 0.542928 0.017093 0.015073
34 0.205189 0.565108 0.017325 0.014714
34 0.267963 0.543344 0.018578 0.014469
34 0.307223 0.724285 0.018914 0.015472
34 0.231147 0.570318 0.018076 0.014674
34 0.430277 0.588106 0.018257 0.014474
34 0.473464 0.677491 0.010336 0.007458
34 0.467983 0.586290 0.024835 0.024719
34 0.520559 0.643641 0.004732 0.017273
34 0.370614 0.556006 0.018376 0.014651
34 0.498201 0.719071 0.018135 0.014175
34 0.216801 0.620118 0.025012 0.025212
34 0.300475 0.613901 0.019077 0.014209
34 0.243663 0.626119 0.018286 0.014004
34 0.255874 0.570237 0.017969 0.014300
34 0.233235 0.668605 0.011825 0.006073
34 0.360241 0.742152 0.016199 0.014614
34 0.393415 0.733478 0.018131 0.014326
34 0.471459 0.759098 0.017103 0.014081
34 0.498616 0.655494 0.018372 0.014437
34 0.418331 0.637656 0.012500 0.006945
34 0.447913 0.559870 0.018517 0.014451
34 0.499106 0.772600 0.018977 0.014292
34 0.408517 0.740965 0.010302 0.007042
34 0.474972 0.620282 0.018179 0.014545
34 0.493540 0.583934 0.018402 0.014326
34 0.393655 0.671233 0.018334 0.013859
34 0.467613 0.722982 0.024162 0.024728
34 0.469399 0.741072 0.010542 0.006800
34 0.413408 0.703552 0.012609 0.007760
34 0.481653 0.506612 0.010453 0.008185
34 0.424880 0.774835 0.011340 0.007566
34 0.479642 0.604245 0.011795 0.007099
34 0.511416 0.734447 0.017764 0.014115
34 0.408332 0.677818 0.010504 0.007082
34 0.467888 0.659326 0.025095 0.024312
34 0.492332 0.567626 0.010643 0.006800
34 0.408378 0.604138 0.010649 0.007261
34 0.393617 0.596714 0.018394 0.014449
34 0.475104 0.692635 0.018306 0.014736
34 0.689274 0.591381 0.011698 0.007196
34 0.689800 0.705745 0.011485 0.006828
34 0.634265 0.579337 0.023344 0.025110
34 0.608839 0.590734 0.010498 0.007469
34 0.591482 0.699051 0.017714 0.014010
34 0.662155 0.615976 0.018274 0.014648
34 0.415776 0.786533 0.019029 0.006871
34 0.512382 0.670720 0.018028 0.014041
34 0.430259 0.729292 0.017705 0.015027
34 0.511190 0.596895 0.018314 0.014189
34 0.429984 0.665426 0.017675 0.014426
34 0.661851 0.688424 0.018546 0.014956
34 0.661730 0.574402 0.018114 0.014446
34 0.609406 0.564357 0.018171 0.014990
34 0.540136 0.529538 0.018257 0.014278
34 0.650400 0.533683 0.018564 0.014867
34 0.686828 0.674357 0.017520 0.014842
34 0.661570 0.729195 0.017295 0.014372
34 0.686932 0.564993 0.018227 0.014665
34 0.651209 0.644168 0.017421 0.013938
34 0.572966 0.555983 0.018149 0.014622
34 0.545450 0.748254 0.018290 0.015209
34 0.634440 0.693545 0.022627 0.025591
34 0.831440 0.678958 0.018187 0.014719
34 0.756464 0.574977 0.016239 0.013619
34 0.752891 0.685345 0.019863 0.014377
34 0.874134 0.675010 0.020459 0.014101
34 0.721318 0.555399 0.005606 0.017843
34 0.802559 0.575329 0.004817 0.014728
34 0.787199 0.519024 0.010856 0.008330
34 0.543596 0.577251 0.017941 0.014645
34 0.591387 0.583980 0.018721 0.014548
34 0.568299 0.639078 0.005566 0.017837
34 0.610144 0.705969 0.011618 0.006592
34 0.561071 0.529580 0.018318 0.014451
34 0.543654 0.596537 0.018006 0.014916
34 0.609470 0.673893 0.017506 0.014756
34 0.710481 0.584436 0.018743 0.014349
34 0.757003 0.632935 0.016235 0.014374
34 0.736075 0.633045 0.005433 0.014765
34 0.754258 0.722934 0.020558 0.014577
34 0.864468 0.717166 0.019239 0.014275
34 0.785099 0.590161 0.023908 0.026557
34 0.877441 0.650950 0.024357 0.026113
34 0.873866 0.702230 0.020109 0.014343
34 0.811600 0.623056 0.010737 0.029829
34 0.836846 0.584107 0.016964 0.014380
34 0.839434 0.700197 0.018594 0.014500
34 0.749894 0.659074 0.019245 0.014728
34 0.829570 0.724487 0.017975 0.014349
34 0.795512 0.615437 0.017933 0.015007
34 0.873181 0.730105 0.010024 0.006634
34 0.791152 0.553703 0.020536 0.015551
34 0.935467 0.575043 0.004545 0.013830
34 0.963693 0.651461 0.023433 0.026056
34 0.922756 0.584048 0.015935 0.014315
34 0.956240 0.701889 0.019023 0.014374
34 0.917977 0.554500 0.019359 0.015457
34 0.926224 0.701070 0.018443 0.013899
34 0.744652 0.558819 0.009889 0.026227
34 0.744862 0.604799 0.010344 0.028812
34 0.802086 0.677704 0.005558 0.022294
34 0.831239 0.554064 0.020363 0.015372
34 0.849130 0.575338 0.004714 0.014682
34 0.840247 0.627622 0.010961 0.029823
34 0.809320 0.745527 0.020151 0.014639
34 0.756389 0.545903 0.017568 0.013973
34 0.156230 0.766854 0.029410 0.014762
34 0.115723 0.793065 0.045524 0.034366
34 0.076990 0.781911 0.024267 0.013334
34 0.915882 0.724503 0.018135 0.014460
34 0.927754 0.714346 0.008227 0.012818
34 0.959962 0.674097 0.019811 0.013864
34 0.916994 0.678166 0.018272 0.015107
34 0.926664 0.626897 0.011076 0.028207
34 0.897480 0.623443 0.010846 0.028054
34 0.949723 0.716475 0.018008 0.014488
34 0.384741 0.795966 0.011243 0.007629
34 0.307579 0.774588 0.012562 0.007039
34 0.362731 0.836312 0.018141 0.014329
34 0.227798 0.766572 0.018811 0.014329
34 0.202466 0.833988 0.029988 0.014839
34 0.286531 0.822276 0.018840 0.014440
34 0.277510 0.767531 0.018900 0.014463
34 0.353950 0.764813 0.018396 0.015030
34 0.244437 0.840429 0.010997 0.008017
34 0.310604 0.829876 0.019202 0.014685
34 0.264771 0.822818 0.019087 0.014084
34 0.251479 0.759389 0.018924 0.014634
34 0.498191 0.279374 0.020568 0.014793
34 0.431918 0.138046 0.019710 0.015323
34 0.430724 0.159327 0.009873 0.006213
34 0.217769 0.208254 0.018443 0.014936
34 0.218365 0.232156 0.018733 0.015261
34 0.293319 0.150821 0.021154 0.015053
34 0.179877 0.258433 0.005056 0.014614
34 0.343937 0.158983 0.011364 0.006971
34 0.309555 0.214453 0.021241 0.021889
34 0.336059 0.136542 0.019140 0.015152
34 0.305780 0.265296 0.005512 0.013813
34 0.354808 0.149984 0.004603 0.013517
34 0.194315 0.198212 0.018247 0.014269
34 0.689768 0.819949 0.011789 0.007028
34 0.591492 0.813732 0.017049 0.014070
34 0.650496 0.758133 0.017156 0.013981
34 0.610101 0.820678 0.011583 0.006446
34 0.078510 0.107702 0.018701 0.015358
33 0.112156 0.154905 0.007953 0.011610
33 0.112235 0.133333 0.007983 0.011630
33 0.350915 0.139826 0.012095 0.011736
33 0.204181 0.209330 0.008374 0.011439
33 0.204206 0.232482 0.008231 0.011291
33 0.446603 0.139860 0.012041 0.011889
33 0.453862 0.222035 0.017168 0.011855
33 0.534970 0.236753 0.008872 0.015375
33 0.541957 0.107787 0.013088 0.014121
33 0.592863 0.120182 0.011092 0.013178
33 0.700884 0.093039 0.016857 0.012240
33 0.631457 0.216828 0.018632 0.012551
33 0.620346 0.121620 0.008481 0.013619
33 0.118052 0.359792 0.008356 0.014973
33 0.144178 0.359791 0.008002 0.014981
33 0.277618 0.392236 0.008398 0.014355
33 0.295204 0.405942 0.008435 0.015178
33 0.247128 0.338760 0.013761 0.011519
33 0.617515 0.388857 0.008451 0.013468
33 0.593112 0.388200 0.008405 0.012628
33 0.673086 0.359802 0.011124 0.011653
33 0.734626 0.290997 0.017117 0.012459
33 0.746861 0.361007 0.007953 0.011471
33 0.746750 0.317371 0.008233 0.011539
33 0.746664 0.386620 0.008493 0.011616
33 0.746895 0.339414 0.008129 0.011852
33 0.795773 0.426529 0.008777 0.011069
33 0.795541 0.456868 0.007992 0.011969
33 0.795341 0.485473 0.008390 0.011077
33 0.084290 0.571575 0.009982 0.020710
33 0.191896 0.566101 0.008396 0.011542
33 0.267607 0.640449 0.008179 0.014873
33 0.267556 0.556331 0.008344 0.012935
33 0.191882 0.542934 0.008227 0.011904
33 0.243784 0.640395 0.008342 0.014628
33 0.243791 0.557944 0.008409 0.016355
33 0.372151 0.601462 0.010471 0.012323
33 0.372194 0.582472 0.010592 0.011750
33 0.358928 0.542913 0.008417 0.012060
33 0.498028 0.735563 0.008030 0.018347
33 0.498527 0.671824 0.007913 0.018558
33 0.493144 0.599696 0.008278 0.016526
33 0.651421 0.547257 0.015526 0.012867
33 0.650866 0.656612 0.016636 0.013178
33 0.561363 0.542960 0.008487 0.012291
33 0.540227 0.542563 0.008398 0.012200
33 0.820169 0.623507 0.008872 0.019769
33 0.753181 0.605465 0.007985 0.018202
33 0.840618 0.712972 0.008320 0.012100
33 0.753372 0.559041 0.007844 0.011300
33 0.202962 0.770540 0.008640 0.015306
33 0.181227 0.770470 0.008493 0.015315
33 0.264612 0.837243 0.008318 0.015033
33 0.286718 0.837139 0.008392 0.015406
33 0.650944 0.770588 0.016698 0.011687
26 0.768028 0.485678 0.011571 0.010017
26 0.767779 0.456822 0.011670 0.009313
26 0.767928 0.426414 0.011569 0.009453
22 0.542200 0.142860 0.015077 0.023696
22 0.298472 0.470982 0.018906 0.023360
22 0.115443 0.572729 0.017849 0.024956
22 0.650010 0.709393 0.016273 0.022343
22 0.650488 0.596998 0.015794 0.024374
22 0.765771 0.604107 0.017710 0.023699
22 0.650248 0.824540 0.016273 0.022006
21 0.418032 0.197129 0.007087 0.010804
21 0.572710 0.178914 0.006741 0.010892
21 0.330097 0.378196 0.006499 0.010522
21 0.199637 0.440852 0.006463 0.011171
21 0.497105 0.352994 0.005862 0.010975
21 0.486716 0.293480 0.008191 0.011707
21 0.378215 0.353249 0.007587 0.011707
21 0.585401 0.449159 0.006922 0.010795
21 0.152274 0.720617 0.006632 0.010336
21 0.198102 0.618763 0.006583 0.010020
21 0.197325 0.702156 0.007035 0.011106
21 0.512828 0.787629 0.005689 0.004679
21 0.463152 0.632843 0.006618 0.009903
21 0.463309 0.702952 0.006573 0.010037
21 0.650381 0.628152 0.006672 0.010627
21 0.650335 0.742278 0.006682 0.010502
21 0.785963 0.635172 0.006467 0.010989
21 0.968666 0.714662 0.007764 0.011297
21 0.885931 0.714664 0.007321 0.010040
21 0.277652 0.779514 0.014599 0.011847
21 0.512776 0.815759 0.006406 0.010265
21 0.461248 0.771787 0.006593 0.010493
21 0.512784 0.843913 0.006716 0.010909
21 0.370679 0.752449 0.007417 0.010456
21 0.513186 0.790476 0.006561 0.009912
21 0.650412 0.856565 0.006823 0.010747
21 0.533390 0.760386 0.005786 0.010017
18 0.363141 0.131351 0.004307 0.017948
18 0.397003 0.133555 0.004067 0.020322
18 0.458632 0.131619 0.005077 0.016814
18 0.492504 0.131537 0.005423 0.016651
18 0.824794 0.096663 0.004321 0.010117
18 0.867102 0.245264 0.008362 0.007438
18 0.835076 0.245446 0.008620 0.006099
18 0.956084 0.097058 0.003276 0.011641
18 0.961956 0.104632 0.006873 0.004409
18 0.919037 0.245399 0.008022 0.005748
18 0.951236 0.245398 0.010590 0.006053
18 0.124633 0.478021 0.005000 0.014634
18 0.298066 0.426753 0.011571 0.007338
18 0.322114 0.339812 0.011541 0.009957
18 0.553600 0.425901 0.013352 0.008877
18 0.570624 0.426374 0.012417 0.007555
18 0.571277 0.339967 0.013880 0.009818
18 0.821179 0.330053 0.003354 0.010433
18 0.959016 0.296069 0.007270 0.005879
18 0.953102 0.330261 0.003437 0.010513
18 0.947829 0.337836 0.006791 0.004859
18 0.859762 0.633706 0.013529 0.008786
18 0.945599 0.634362 0.011557 0.005885
16 0.092251 0.186700 0.007899 0.021328
15 0.700173 0.144419 0.016467 0.023514
15 0.672874 0.414977 0.012037 0.018156
15 0.631633 0.259067 0.013100 0.019188
15 0.765502 0.659946 0.011612 0.016461
15 0.311021 0.845819 0.011612 0.017150
14 0.842223 0.138743 0.011892 0.016791
14 0.839190 0.373817 0.011636 0.016993
11 0.216619 0.672974 0.020683 0.028319
11 0.216581 0.589865 0.020516 0.028239
6 0.375824 0.163681 0.009573 0.010832
6 0.734541 0.251023 0.005983 0.007107
6 0.351499 0.422297 0.006313 0.010806
6 0.351649 0.407142 0.005171 0.008903
6 0.338209 0.431191 0.006507 0.011724
6 0.733180 0.456899 0.007879 0.006800
6 0.777971 0.456993 0.007224 0.006988
6 0.787059 0.457467 0.007744 0.006423
6 0.787059 0.485895 0.006942 0.007743
6 0.778246 0.485801 0.007210 0.007555
6 0.733046 0.486368 0.008413 0.008689
6 0.732445 0.426109 0.007746 0.007179
6 0.734661 0.251176 0.003189 0.004146
6 0.757415 0.485329 0.008014 0.006612
6 0.757715 0.456711 0.008342 0.007934
6 0.757444 0.425920 0.008602 0.006044
6 0.803816 0.484950 0.007879 0.006612
6 0.804084 0.456238 0.007077 0.008122
