0 0.317122 0.909057 0.008346 0.006498
0 0.223909 0.791835 0.003971 0.010995
0 0.317089 0.827180 0.007828 0.006865
0 0.212202 0.830822 0.004098 0.011938
0 0.524734 0.920815 0.007587 0.006019
0 0.703322 0.873005 0.011152 0.009105
0 0.542550 0.934799 0.004476 0.011183
0 0.560293 0.921017 0.007895 0.006441
0 0.653212 0.818490 0.007290 0.006127
0 0.569452 0.872353 0.011519 0.010125
0 0.578779 0.830715 0.011362 0.009040
0 0.815060 0.846161 0.004206 0.010983
0 0.814930 0.831519 0.004204 0.010801
0 0.904326 0.782070 0.007528 0.005771
0 0.889270 0.833427 0.004321 0.010923
0 0.889343 0.848783 0.004275 0.010995
34 0.208960 0.681509 0.005993 0.014583
34 0.223742 0.666644 0.018459 0.014018
34 0.227537 0.538632 0.018217 0.013451
34 0.251349 0.515289 0.017738 0.013337
34 0.316551 0.734806 0.017579 0.014241
34 0.300091 0.735597 0.006394 0.012209
34 0.917159 0.343274 0.019321 0.014648
34 0.086022 0.607350 0.016734 0.011245
34 0.147735 0.537837 0.023483 0.017920
34 0.120231 0.538098 0.023761 0.016349
34 0.094575 0.516519 0.043824 0.015563
34 0.073866 0.637562 0.015532 0.008108
34 0.073883 0.717173 0.015183 0.007347
34 0.136408 0.703722 0.017977 0.014808
34 0.147195 0.719377 0.010308 0.008364
34 0.157943 0.703722 0.018058 0.013451
34 0.149121 0.606958 0.016456 0.011510
34 0.711841 0.348846 0.010068 0.008139
34 0.727023 0.337595 0.019017 0.013896
34 0.725905 0.320529 0.018856 0.014583
34 0.763340 0.283567 0.018936 0.015033
34 0.741166 0.283396 0.019496 0.014469
34 0.721350 0.289161 0.009110 0.009042
34 0.715876 0.274752 0.019098 0.014588
34 0.938884 0.343274 0.018952 0.014386
34 0.890209 0.289392 0.009430 0.008632
34 0.909994 0.283112 0.019230 0.015172
34 0.932737 0.283571 0.019599 0.013993
34 0.960148 0.289064 0.030046 0.016612
34 0.895802 0.320191 0.018952 0.015304
34 0.895802 0.337324 0.018952 0.014779
34 0.900841 0.371982 0.019414 0.014258
34 0.881065 0.349359 0.008954 0.008190
34 0.880825 0.379460 0.008834 0.007937
34 0.852449 0.370301 0.018556 0.013425
34 0.847550 0.396982 0.010923 0.006332
34 0.807686 0.463350 0.021013 0.017182
34 0.730260 0.421245 0.010467 0.008025
34 0.749157 0.396885 0.010707 0.007011
34 0.769692 0.343138 0.019178 0.014808
34 0.747439 0.343589 0.018459 0.015033
34 0.711282 0.379082 0.009269 0.008025
34 0.731059 0.372187 0.018459 0.015261
34 0.552027 0.435171 0.018139 0.014696
34 0.545674 0.274829 0.018378 0.014355
34 0.568806 0.410980 0.011747 0.007461
34 0.536765 0.408381 0.006152 0.011302
34 0.561335 0.371928 0.019656 0.014583
34 0.541399 0.379218 0.008870 0.007914
34 0.541558 0.349206 0.008870 0.008478
34 0.852653 0.332767 0.018384 0.014186
34 0.858563 0.310983 0.018266 0.014352
34 0.849550 0.277800 0.018624 0.015201
34 0.866800 0.258042 0.008237 0.007769
34 0.698331 0.449696 0.018298 0.015033
34 0.682870 0.370288 0.018858 0.015372
34 0.683149 0.333044 0.019098 0.016164
34 0.688862 0.310604 0.018219 0.014694
34 0.679953 0.277372 0.018938 0.016050
34 0.697213 0.257646 0.008390 0.008025
34 0.578041 0.343202 0.019414 0.015027
34 0.599675 0.343393 0.018120 0.016480
34 0.509975 0.277689 0.019257 0.016278
34 0.527873 0.258195 0.008231 0.007583
34 0.625659 0.461111 0.019976 0.016842
34 0.551546 0.289071 0.008870 0.009154
34 0.571243 0.283475 0.019178 0.014469
34 0.593816 0.283702 0.018298 0.013337
34 0.556820 0.320835 0.018459 0.014357
34 0.557020 0.337451 0.020296 0.015033
34 0.541013 0.479820 0.025620 0.009946
34 0.689142 0.497058 0.033159 0.011869
34 0.661295 0.438109 0.018376 0.015825
34 0.661615 0.419176 0.018217 0.015486
34 0.555272 0.371566 0.006297 0.013904
34 0.512930 0.370046 0.018777 0.014232
34 0.485683 0.381072 0.019098 0.014129
34 0.486402 0.365077 0.018936 0.015597
34 0.513171 0.332749 0.018139 0.014919
34 0.519043 0.310764 0.019335 0.015486
34 0.408735 0.343601 0.019416 0.014469
34 0.430429 0.343260 0.019017 0.014243
34 0.383246 0.424467 0.005993 0.012548
34 0.426474 0.396948 0.012065 0.007244
34 0.399505 0.444711 0.019337 0.014357
34 0.480329 0.297199 0.008390 0.008475
34 0.371979 0.379151 0.008552 0.008025
34 0.355325 0.311103 0.006380 0.014808
34 0.372339 0.349241 0.009110 0.007686
34 0.387920 0.337710 0.018858 0.013790
34 0.386841 0.320479 0.017820 0.014591
34 0.424316 0.283521 0.019418 0.014355
34 0.358356 0.257806 0.008630 0.007233
34 0.381727 0.289286 0.009349 0.008250
34 0.401543 0.283691 0.019098 0.014015
34 0.376693 0.275834 0.018777 0.014129
34 0.344187 0.332565 0.018302 0.013776
34 0.349712 0.311315 0.018163 0.014657
34 0.380206 0.320891 0.004293 0.014263
34 0.380310 0.335152 0.004085 0.009769
34 0.341010 0.278393 0.018302 0.015828
34 0.386921 0.489689 0.033161 0.015486
34 0.440098 0.457144 0.033080 0.009382
34 0.391876 0.372311 0.019259 0.014243
34 0.314089 0.457800 0.018139 0.014243
34 0.278532 0.490581 0.018298 0.014243
34 0.203382 0.495272 0.018537 0.014808
34 0.252724 0.491711 0.018618 0.014696
34 0.282576 0.537294 0.019176 0.007201
34 0.343842 0.370567 0.018578 0.013970
34 0.179497 0.374775 0.006859 0.015033
34 0.179737 0.332840 0.007339 0.014583
34 0.182893 0.310345 0.013650 0.014357
34 0.222240 0.377206 0.017740 0.014919
34 0.202305 0.384327 0.008550 0.007914
34 0.225316 0.396479 0.010786 0.007800
34 0.217206 0.427055 0.012305 0.009493
34 0.239539 0.348833 0.018139 0.014469
34 0.259754 0.349117 0.018139 0.014580
34 0.260753 0.397100 0.011027 0.007686
34 0.180696 0.452884 0.009257 0.015714
34 0.207178 0.453619 0.018936 0.014015
34 0.226395 0.474869 0.011348 0.007914
34 0.248648 0.452093 0.020375 0.015711
4 0.150786 0.395041 0.007977 0.013964
4 0.252284 0.474664 0.011785 0.019838
4 0.408008 0.536854 0.009730 0.012129
4 0.371152 0.640063 0.011281 0.017600
4 0.371158 0.676220 0.008554 0.013118
4 0.371251 0.594145 0.009275 0.013437
4 0.371235 0.720217 0.011567 0.019840
4 0.371021 0.760504 0.007595 0.014078
4 0.370745 0.801995 0.010524 0.017555
4 0.370913 0.884178 0.011309 0.018239
4 0.370900 0.839782 0.008320 0.013283
3 0.089336 0.189751 0.014724 0.017278
3 0.167345 0.247620 0.011160 0.018011
3 0.173872 0.070533 0.010395 0.017612
3 0.135932 0.142875 0.014273 0.016318
3 0.197785 0.102237 0.013346 0.015680
3 0.343646 0.073539 0.011144 0.018438
3 0.305490 0.142989 0.013356 0.015361
3 0.336841 0.248048 0.011636 0.019721
3 0.366949 0.104335 0.013564 0.014756
3 0.506413 0.247820 0.012867 0.020177
3 0.513094 0.073121 0.011120 0.018239
3 0.475725 0.142632 0.015431 0.016475
3 0.682468 0.073599 0.011535 0.018558
3 0.705878 0.104638 0.014927 0.017278
3 0.675755 0.247827 0.011463 0.018880
3 0.644841 0.143032 0.014589 0.015047
3 0.537034 0.103790 0.013402 0.016472
3 0.851944 0.073440 0.010898 0.018877
3 0.875454 0.103901 0.014160 0.015167
3 0.845346 0.247667 0.011160 0.019838
3 0.814096 0.143377 0.012198 0.016592
3 0.129219 0.395502 0.008040 0.014469
3 0.140290 0.428406 0.010596 0.018196
3 0.092001 0.460140 0.010961 0.011268
3 0.314975 0.474544 0.011940 0.017683
3 0.190512 0.332025 0.013417 0.016144
3 0.190434 0.374990 0.013572 0.016318
3 0.345940 0.428266 0.011988 0.019838
3 0.359900 0.370063 0.013036 0.015417
3 0.529845 0.369920 0.014081 0.015247
3 0.529892 0.331822 0.011598 0.016378
3 0.359949 0.332773 0.013584 0.015389
3 0.699668 0.332303 0.013759 0.016044
3 0.699307 0.369709 0.013143 0.015999
3 0.869098 0.370105 0.013820 0.014933
3 0.868834 0.332659 0.013179 0.014933
3 0.135747 0.640382 0.011100 0.018239
3 0.158490 0.639742 0.010776 0.018880
3 0.136367 0.720714 0.010687 0.019484
3 0.158733 0.720057 0.010616 0.018877
3 0.394752 0.676060 0.008642 0.012799
3 0.394581 0.593826 0.008985 0.012799
3 0.407894 0.514950 0.010405 0.013121
3 0.435150 0.513671 0.015155 0.017600
3 0.408222 0.714298 0.011557 0.012476
3 0.408674 0.632543 0.009976 0.012799
3 0.390693 0.641342 0.011785 0.019521
3 0.390919 0.719739 0.011334 0.017592
3 0.565385 0.527910 0.013106 0.017278
3 0.619010 0.541830 0.011783 0.011838
3 0.639480 0.708749 0.013820 0.014933
3 0.639515 0.544684 0.013155 0.015728
3 0.790824 0.708920 0.014645 0.015218
3 0.865444 0.622656 0.013592 0.015332
3 0.784898 0.544229 0.014498 0.016637
3 0.810345 0.543109 0.009974 0.013121
3 0.158652 0.884243 0.010778 0.019384
3 0.136352 0.802566 0.010536 0.019553
3 0.158601 0.802102 0.010554 0.018561
3 0.136322 0.884176 0.010475 0.018880
3 0.394249 0.760600 0.008239 0.014907
3 0.390703 0.802237 0.010415 0.018552
3 0.408787 0.796183 0.011334 0.012479
3 0.408673 0.877937 0.011106 0.012801
3 0.390805 0.884657 0.011106 0.019840
3 0.394549 0.839859 0.009275 0.012799
3 0.881947 0.813665 0.011759 0.019749
2 0.212247 0.867608 0.004913 0.011761
1 0.288752 0.452998 0.011388 0.010447
1 0.194460 0.278547 0.006559 0.015999
1 0.363448 0.275560 0.007012 0.016153
1 0.533396 0.274996 0.007035 0.016637
1 0.702630 0.274973 0.006050 0.016865
1 0.872592 0.275150 0.005582 0.015161
1 0.263981 0.516871 0.005721 0.016318
1 0.410678 0.696344 0.004837 0.011131
1 0.410496 0.613504 0.005201 0.013118
1 0.627043 0.738505 0.008114 0.007298
1 0.611795 0.723277 0.005516 0.011074
1 0.819623 0.722774 0.004271 0.011579
1 0.803787 0.738002 0.008896 0.006794
1 0.410758 0.860023 0.004776 0.011120
1 0.410682 0.781312 0.004007 0.010684
1 0.917369 0.847710 0.011249 0.008273
1 0.904023 0.818933 0.011430 0.009139
0 0.173844 0.126469 0.008231 0.007216
0 0.243593 0.132166 0.007617 0.006127
0 0.352750 0.103095 0.004343 0.010636
0 0.218005 0.066509 0.008052 0.006327
0 0.183126 0.100459 0.004361 0.010522
0 0.343368 0.129353 0.007558 0.006144
0 0.512858 0.129463 0.007440 0.006865
0 0.387574 0.069598 0.007689 0.006914
0 0.412830 0.134176 0.007764 0.006039
0 0.522464 0.103243 0.004658 0.011530
0 0.691957 0.102992 0.004345 0.010636
0 0.582528 0.134262 0.007683 0.006290
0 0.557168 0.069280 0.007832 0.007048
0 0.682518 0.129346 0.007434 0.006261
0 0.861661 0.103034 0.004688 0.010530
0 0.852069 0.129423 0.007442 0.006563
0 0.752346 0.134259 0.007508 0.005771
0 0.727041 0.069276 0.008163 0.007199
0 0.921656 0.134739 0.007776 0.005871
0 0.896139 0.069454 0.007544 0.007230
0 0.156572 0.467400 0.004398 0.010638
0 0.156369 0.451797 0.004305 0.011300
0 0.352575 0.277498 0.004722 0.010892
0 0.240416 0.358551 0.007786 0.005720
0 0.290479 0.489202 0.004790 0.011542
0 0.182898 0.278578 0.003817 0.011530
0 0.210840 0.377314 0.004790 0.010376
0 0.246147 0.301661 0.007939 0.006646
0 0.269687 0.301582 0.007605 0.006327
0 0.259429 0.358814 0.007935 0.006247
0 0.425085 0.294008 0.007933 0.006780
0 0.409364 0.353679 0.008233 0.005825
0 0.380583 0.372528 0.003967 0.011120
0 0.401356 0.293901 0.008384 0.006777
0 0.386479 0.444772 0.004549 0.011134
0 0.522202 0.277586 0.004500 0.010977
0 0.430092 0.353564 0.008217 0.005332
0 0.474730 0.364728 0.004194 0.010601
0 0.474563 0.381141 0.004081 0.011311
0 0.672960 0.439379 0.004192 0.011120
0 0.686884 0.450657 0.004190 0.011647
0 0.539956 0.434832 0.004206 0.012080
0 0.599400 0.353227 0.008453 0.005885
0 0.579009 0.353038 0.008183 0.006264
0 0.594704 0.294396 0.008989 0.006643
0 0.571094 0.294300 0.008453 0.005694
0 0.672998 0.419206 0.004565 0.011015
0 0.691899 0.277573 0.004942 0.010906
0 0.550144 0.372596 0.004639 0.010938
0 0.861304 0.277243 0.004474 0.010918
0 0.719562 0.372479 0.003946 0.010801
0 0.769307 0.353451 0.007957 0.005768
0 0.748798 0.353498 0.007697 0.005674
0 0.763807 0.294054 0.007957 0.006130
0 0.740906 0.294329 0.008088 0.006498
0 0.910128 0.294356 0.007963 0.006899
0 0.889230 0.372471 0.004263 0.010390
0 0.918034 0.353766 0.008074 0.006107
0 0.938752 0.353608 0.007568 0.005631
0 0.933706 0.294158 0.007681 0.006663
0 0.239103 0.523923 0.004116 0.010724
0 0.223814 0.609447 0.004543 0.011143
0 0.223790 0.630231 0.004301 0.010732
0 0.212313 0.666878 0.004416 0.010918
0 0.212480 0.699345 0.004641 0.010989
0 0.316776 0.665325 0.008084 0.005930
0 0.316992 0.744799 0.008276 0.005933
0 0.282600 0.554228 0.010997 0.008786
0 0.290590 0.503400 0.004206 0.010504
0 0.270632 0.583515 0.005046 0.010433
0 0.270474 0.566721 0.004861 0.011442
0 0.239048 0.538453 0.004224 0.010977
0 0.460253 0.573175 0.011517 0.009792
0 0.527989 0.600081 0.008411 0.006130
0 0.549324 0.600209 0.008024 0.005948
0 0.583031 0.631830 0.011517 0.009701
0 0.611505 0.697635 0.003884 0.010932
0 0.620898 0.562179 0.005427 0.012160
0 0.819457 0.698408 0.004261 0.010872
0 0.813016 0.561959 0.004307 0.011151
0 0.883194 0.679001 0.005711 0.006546
0 0.902497 0.678787 0.007794 0.006899
0 0.223966 0.763478 0.004305 0.011231
35 0.920546 0.069538 0.019621 0.010504
35 0.933804 0.162941 0.009015 0.027757
34 0.345500 0.411262 0.018916 0.013252
35 0.339754 0.909158 0.020153 0.011254
34 0.881531 0.770477 0.018300 0.014098
34 0.352703 0.783353 0.006092 0.014885
34 0.606304 0.499792 0.011187 0.008817
34 0.828150 0.499575 0.011187 0.008840
34 0.352742 0.621747 0.005443 0.015600
34 0.187825 0.553777 0.034998 0.016617
34 0.312996 0.501559 0.018139 0.014802
34 0.340643 0.501415 0.017977 0.015540
34 0.886014 0.275070 0.019853 0.015304
34 0.703216 0.028467 0.028310 0.008817
34 0.533492 0.028206 0.027540 0.009156
34 0.363865 0.028947 0.027367 0.007914
0 0.881496 0.782521 0.008680 0.005873
0 0.328300 0.500987 0.005270 0.016167
0 0.300810 0.500660 0.006072 0.017050
11 0.532726 0.223814 0.020004 0.025896
34 0.288481 0.441466 0.018537 0.013226
34 0.293674 0.467013 0.004956 0.013679
34 0.174370 0.375623 0.017339 0.015600
34 0.202334 0.354373 0.007903 0.008364
34 0.190631 0.353638 0.004795 0.015711
34 0.174606 0.332895 0.017988 0.015372
34 0.220482 0.297345 0.009269 0.008028
34 0.206499 0.278582 0.018058 0.013676
34 0.245493 0.291751 0.017899 0.014469
34 0.269183 0.291129 0.018298 0.014808
34 0.217805 0.320462 0.018777 0.015372
34 0.218124 0.343464 0.017977 0.013676
34 0.091622 0.443615 0.006072 0.012548
34 0.078477 0.475886 0.017659 0.014469
34 0.077678 0.459949 0.017500 0.015372
34 0.175329 0.452770 0.018777 0.014129
34 0.202134 0.454014 0.008302 0.014355
34 0.144642 0.466617 0.018306 0.013565
34 0.144439 0.451979 0.018697 0.014355
34 0.129377 0.474530 0.011585 0.008592
34 0.074203 0.420274 0.043149 0.014922
34 0.831593 0.101714 0.005834 0.011755
34 0.850411 0.103410 0.018537 0.014469
34 0.920566 0.123585 0.018783 0.015144
34 0.924985 0.103166 0.008979 0.008891
34 0.896705 0.146201 0.019406 0.014654
34 0.896188 0.164128 0.019474 0.014554
34 0.889395 0.183226 0.018112 0.014067
34 0.801470 0.224417 0.018298 0.015486
34 0.726120 0.223173 0.024690 0.027013
34 0.731074 0.200566 0.025810 0.014583
34 0.720047 0.183329 0.019418 0.014243
34 0.726520 0.163998 0.018938 0.014243
34 0.727079 0.145913 0.018779 0.014694
34 0.835142 0.181056 0.010868 0.008786
34 0.144722 0.492220 0.006144 0.017971
34 0.900400 0.201398 0.025828 0.016218
34 0.895911 0.223380 0.025552 0.027746
34 0.901160 0.247314 0.026104 0.015631
34 0.934153 0.184316 0.031561 0.017860
34 0.896809 0.058616 0.018783 0.014360
34 0.921290 0.059692 0.026726 0.008304
34 0.908688 0.088364 0.018644 0.014654
34 0.892044 0.105120 0.018507 0.014360
34 0.899433 0.129739 0.008979 0.007914
34 0.150160 0.380993 0.018298 0.014583
34 0.139805 0.393822 0.008948 0.008139
34 0.128617 0.380993 0.018378 0.014355
35 0.092275 0.230948 0.008652 0.026985
35 0.157377 0.160190 0.009758 0.027925
35 0.139411 0.056797 0.007097 0.027615
35 0.255922 0.160503 0.008652 0.027298
35 0.326791 0.163484 0.008872 0.026985
35 0.309045 0.056483 0.007985 0.027615
35 0.241725 0.066368 0.018854 0.010980
35 0.194147 0.042049 0.008431 0.028242
35 0.426223 0.163484 0.008650 0.027612
35 0.478459 0.056327 0.007542 0.028555
35 0.496204 0.163484 0.008874 0.026358
35 0.363781 0.045658 0.008429 0.027925
35 0.410807 0.069662 0.019075 0.013180
35 0.533527 0.045658 0.008650 0.026044
34 0.140132 0.411738 0.018217 0.014129
35 0.594859 0.162073 0.007985 0.027298
35 0.666171 0.163014 0.009095 0.026671
35 0.648094 0.056797 0.007985 0.028242
35 0.703437 0.045188 0.008650 0.026358
35 0.580663 0.069506 0.019964 0.010980
35 0.872516 0.045658 0.007542 0.026671
35 0.817619 0.056483 0.008207 0.026988
35 0.835587 0.163641 0.008201 0.027298
35 0.764716 0.163799 0.007099 0.027615
35 0.750298 0.068879 0.019964 0.010353
35 0.074087 0.432955 0.021072 0.011297
35 0.095048 0.495869 0.008872 0.026671
35 0.268565 0.453036 0.018854 0.010040
35 0.439974 0.475943 0.008207 0.026985
35 0.386074 0.467941 0.007764 0.026671
35 0.539738 0.461509 0.007764 0.026358
35 0.687355 0.478924 0.007542 0.027298
35 0.960901 0.301639 0.019075 0.009718
35 0.121666 0.514937 0.007542 0.027925
35 0.148172 0.514781 0.007762 0.027612
35 0.339545 0.745098 0.019299 0.010670
35 0.339656 0.665711 0.019077 0.010670
35 0.215219 0.554788 0.019519 0.010356
35 0.187492 0.530940 0.008429 0.027928
35 0.517609 0.573773 0.019299 0.011297
35 0.668611 0.642021 0.018854 0.012864
35 0.668168 0.619114 0.019297 0.012237
35 0.760057 0.642334 0.018632 0.012237
35 0.760612 0.618643 0.019742 0.012551
35 0.072967 0.889504 0.019021 0.010328
35 0.072967 0.807011 0.019790 0.009513
35 0.597713 0.871565 0.019023 0.011416
35 0.610201 0.830658 0.019790 0.010601
35 0.677064 0.818155 0.019406 0.011687
35 0.542953 0.957998 0.009799 0.028267
35 0.728628 0.872515 0.019021 0.011687
35 0.937763 0.847646 0.018830 0.010328
35 0.936706 0.818699 0.019021 0.011687
34 0.708599 0.861026 0.008568 0.013708
34 0.708897 0.817465 0.009253 0.009744
34 0.755607 0.813387 0.010812 0.009288
34 0.803858 0.846978 0.017619 0.013482
34 0.803977 0.831626 0.018179 0.014275
34 0.827602 0.790785 0.018660 0.015067
34 0.862958 0.799565 0.006408 0.012234
34 0.848023 0.800190 0.018338 0.015067
34 0.141060 0.035844 0.037442 0.017655
34 0.173695 0.053896 0.017659 0.014523
34 0.171706 0.101499 0.017748 0.015041
34 0.163479 0.122425 0.008505 0.007717
34 0.173787 0.137531 0.018396 0.013602
34 0.156684 0.178401 0.011003 0.007193
34 0.153633 0.098883 0.006195 0.012950
34 0.118409 0.143874 0.017659 0.015563
34 0.088362 0.162250 0.005826 0.013078
34 0.075373 0.136942 0.018489 0.014779
34 0.135513 0.089597 0.005639 0.016349
34 0.964012 0.819581 0.033016 0.012437
34 0.336103 0.231030 0.018298 0.013790
34 0.292835 0.224869 0.018378 0.013676
34 0.245772 0.287988 0.018219 0.007666
34 0.222360 0.244762 0.025091 0.014808
34 0.217405 0.220856 0.024291 0.028034
34 0.221920 0.198418 0.024690 0.015036
34 0.211094 0.180389 0.017579 0.015825
34 0.218285 0.161738 0.018858 0.014243
34 0.218565 0.143086 0.020216 0.014922
34 0.242576 0.121100 0.018060 0.014808
34 0.246611 0.100415 0.009188 0.007800
34 0.221122 0.127374 0.008550 0.007686
34 0.213610 0.102112 0.017977 0.014808
34 0.358317 0.082781 0.009188 0.006897
34 0.343055 0.056840 0.018938 0.014243
34 0.310096 0.035476 0.037875 0.017632
34 0.305540 0.089791 0.005592 0.015261
34 0.287522 0.143709 0.018457 0.014355
34 0.291437 0.109233 0.018459 0.014129
34 0.322959 0.101659 0.005753 0.011416
34 0.333068 0.124605 0.009029 0.007347
34 0.326435 0.181067 0.010147 0.007236
34 0.343695 0.141109 0.018457 0.015258
34 0.416293 0.102767 0.009029 0.007575
34 0.400074 0.088693 0.019095 0.014241
34 0.383334 0.104858 0.018058 0.013340
34 0.390724 0.129669 0.009188 0.008253
34 0.387808 0.146003 0.020616 0.012662
34 0.411900 0.123792 0.018139 0.013676
34 0.424484 0.184266 0.029726 0.016164
34 0.387648 0.164597 0.019337 0.014129
34 0.380697 0.182965 0.018699 0.014469
34 0.391923 0.200996 0.026928 0.014583
34 0.387329 0.223320 0.025250 0.028031
34 0.392164 0.247115 0.025810 0.014355
34 0.255397 0.183287 0.030048 0.017643
34 0.304997 0.197281 0.006287 0.016335
34 0.527993 0.082646 0.008628 0.006557
34 0.512531 0.056592 0.018777 0.014808
34 0.373232 0.064360 0.008080 0.008988
34 0.360354 0.068512 0.004974 0.015338
34 0.388047 0.058451 0.018507 0.013773
34 0.411631 0.059477 0.026174 0.008011
34 0.461073 0.109374 0.018298 0.014594
34 0.457038 0.143448 0.018858 0.015600
34 0.474417 0.196576 0.006311 0.014018
34 0.462111 0.224665 0.018139 0.013901
34 0.505499 0.230322 0.019257 0.014819
34 0.513450 0.139724 0.019176 0.014705
34 0.496270 0.181486 0.010868 0.008478
34 0.492435 0.101693 0.005913 0.012545
34 0.502743 0.124463 0.009108 0.007472
34 0.510733 0.103501 0.018219 0.013226
34 0.662320 0.101838 0.005824 0.012556
34 0.680624 0.104062 0.018952 0.013864
34 0.672305 0.124597 0.008969 0.007586
34 0.682012 0.056194 0.018952 0.015694
34 0.699532 0.067900 0.005546 0.015566
34 0.697729 0.083138 0.009337 0.007324
34 0.649191 0.034876 0.038366 0.018832
34 0.479970 0.035398 0.039154 0.017635
34 0.474896 0.089417 0.005993 0.014469
34 0.665139 0.180965 0.010540 0.007583
34 0.675356 0.230205 0.018213 0.015041
34 0.683214 0.139766 0.019692 0.014386
34 0.626772 0.144410 0.018862 0.015825
34 0.630377 0.109490 0.019230 0.015304
34 0.644292 0.089677 0.006009 0.015694
34 0.585539 0.102623 0.009245 0.009156
34 0.581701 0.123484 0.018398 0.013995
34 0.560613 0.129631 0.009152 0.007452
34 0.557238 0.145718 0.020894 0.015563
34 0.557017 0.163961 0.018582 0.014648
34 0.550453 0.183123 0.019138 0.014517
34 0.561270 0.200452 0.025425 0.016743
34 0.557110 0.222750 0.026904 0.027073
34 0.562101 0.246881 0.026164 0.015956
34 0.631672 0.224058 0.018489 0.014517
34 0.644241 0.196921 0.006483 0.013864
34 0.593905 0.184758 0.029490 0.016218
34 0.845098 0.230351 0.019095 0.014694
34 0.731593 0.246854 0.026370 0.014922
34 0.557663 0.057894 0.018952 0.015172
34 0.542872 0.064433 0.008781 0.008632
34 0.530425 0.068226 0.004444 0.015956
34 0.552765 0.104848 0.018028 0.014648
34 0.569406 0.088826 0.018952 0.014779
34 0.581610 0.059464 0.025794 0.008891
34 0.841782 0.124548 0.009269 0.007911
34 0.852170 0.139979 0.018537 0.014583
34 0.867032 0.082724 0.008789 0.007461
34 0.868989 0.068143 0.005673 0.015147
34 0.851530 0.056954 0.018858 0.014015
34 0.819049 0.035476 0.037953 0.017632
34 0.872905 0.028750 0.026769 0.010063
34 0.881774 0.064131 0.008552 0.008706
34 0.729916 0.129410 0.009269 0.008139
34 0.751490 0.123702 0.018697 0.014129
34 0.755525 0.103185 0.009188 0.009042
34 0.722764 0.104936 0.018139 0.014129
34 0.739185 0.088434 0.019337 0.013904
34 0.751450 0.059947 0.026608 0.009156
34 0.712217 0.064527 0.008390 0.007914
34 0.727398 0.058253 0.018459 0.014808
34 0.763436 0.184345 0.028846 0.015147
34 0.813775 0.196270 0.006632 0.014808
34 0.796117 0.143934 0.018777 0.015711
34 0.800072 0.109289 0.018539 0.014696
34 0.813815 0.089564 0.006072 0.015258
5 0.556811 0.353334 0.005475 0.017013
5 0.387389 0.353463 0.005641 0.017441
5 0.187685 0.494386 0.012558 0.007125
5 0.217807 0.358934 0.004716 0.016700
5 0.094500 0.475221 0.013094 0.006754
5 0.817556 0.109675 0.012712 0.006754
5 0.817627 0.222713 0.012450 0.007125
5 0.648053 0.223685 0.013644 0.008156
5 0.648282 0.109580 0.014102 0.008615
5 0.478685 0.109715 0.013340 0.008344
5 0.478556 0.222685 0.012671 0.007068
5 0.308934 0.109362 0.012470 0.006754
5 0.309378 0.222913 0.012188 0.007865
5 0.139125 0.109410 0.013370 0.007877
5 0.092425 0.135566 0.011966 0.007125
5 0.139222 0.222884 0.012772 0.007808
6 0.212410 0.738391 0.005711 0.007629
6 0.239089 0.513316 0.004267 0.004944
6 0.212463 0.583822 0.005216 0.008299
6 0.818465 0.402080 0.004883 0.007125
6 0.859616 0.252729 0.004970 0.006540
6 0.689898 0.252551 0.004760 0.006845
6 0.443406 0.366490 0.004208 0.005571
6 0.520500 0.252952 0.005073 0.007273
6 0.181316 0.253158 0.004917 0.008168
6 0.245699 0.401612 0.004452 0.009316
6 0.350927 0.252546 0.004621 0.006945
6 0.156340 0.441089 0.003429 0.005335
6 0.817573 0.234820 0.005064 0.008410
6 0.817325 0.177080 0.006414 0.010006
6 0.647679 0.235861 0.005117 0.007640
6 0.647884 0.176993 0.005711 0.007182
6 0.478056 0.235286 0.006813 0.007712
6 0.478173 0.177173 0.006265 0.006897
6 0.308743 0.235489 0.005620 0.006594
6 0.308674 0.177060 0.005757 0.006694
6 0.139414 0.235479 0.005733 0.006609
6 0.139363 0.176828 0.005197 0.007347
11 0.872536 0.223197 0.019875 0.026902
11 0.703156 0.223917 0.019595 0.027720
11 0.363715 0.223300 0.021495 0.027603
11 0.194315 0.220955 0.019750 0.026287
12 0.787460 0.460218 0.014440 0.019678
12 0.872502 0.311347 0.009122 0.011556
13 0.909232 0.106070 0.009416 0.018638
13 0.739166 0.105878 0.010306 0.019023
13 0.570165 0.106801 0.009907 0.018378
13 0.400342 0.106117 0.009629 0.018259
13 0.231097 0.104594 0.009829 0.019464
15 0.848591 0.819667 0.013817 0.022177
15 0.268967 0.889089 0.014162 0.020111
15 0.268341 0.807861 0.014091 0.020869
15 0.268798 0.646168 0.013906 0.020972
15 0.268678 0.725531 0.014146 0.021174
15 0.703073 0.311178 0.010002 0.012075
15 0.643045 0.460375 0.014317 0.019473
15 0.533327 0.311101 0.007963 0.011636
15 0.363850 0.310759 0.009392 0.011151
15 0.194562 0.311130 0.009349 0.011864
21 0.889293 0.868624 0.009811 0.018068
21 0.815268 0.866899 0.010995 0.018039
21 0.575659 0.939617 0.012571 0.022117
21 0.916126 0.697193 0.011180 0.020376
21 0.512359 0.618837 0.011543 0.020975
21 0.270770 0.596495 0.006849 0.011912
5 0.726702 0.353762 0.004573 0.018096
21 0.290469 0.516317 0.006459 0.012571
21 0.963278 0.417073 0.009460 0.018786
21 0.950228 0.382018 0.008272 0.025078
21 0.781109 0.381425 0.009559 0.024463
21 0.611824 0.378300 0.011009 0.019000
21 0.673026 0.463209 0.010677 0.019208
21 0.441456 0.375573 0.012687 0.024631
21 0.268584 0.379585 0.009649 0.022590
22 0.872361 0.182702 0.013779 0.016529
5 0.896122 0.354075 0.004895 0.017982
5 0.487933 0.573990 0.005197 0.017401
5 0.440290 0.529792 0.012772 0.007267
5 0.621015 0.524577 0.012502 0.007803
5 0.569021 0.560348 0.013529 0.008076
5 0.812903 0.526176 0.011825 0.006811
5 0.862201 0.568930 0.012544 0.009310
22 0.534146 0.182767 0.011886 0.017116
22 0.702665 0.182787 0.014210 0.017156
22 0.363477 0.182566 0.014198 0.017512
22 0.193996 0.179639 0.014015 0.017865
33 0.780013 0.760834 0.013358 0.012143
33 0.779770 0.776254 0.013429 0.013021
33 0.828050 0.808877 0.009529 0.018239
33 0.651162 0.775594 0.013461 0.014386
33 0.651133 0.760235 0.013878 0.013118
33 0.484708 0.849221 0.013215 0.014161
33 0.484788 0.865306 0.013533 0.013708
33 0.295552 0.797287 0.009738 0.016518
33 0.333499 0.878229 0.010008 0.019268
33 0.295232 0.879015 0.010008 0.017432
33 0.333119 0.796619 0.009635 0.018612
33 0.779722 0.676985 0.013727 0.012414
33 0.779781 0.660224 0.013491 0.013004
33 0.779811 0.595714 0.013550 0.012328
33 0.779811 0.579335 0.013550 0.011989
33 0.651226 0.677223 0.013950 0.014263
33 0.651054 0.660419 0.013880 0.013679
33 0.651236 0.596087 0.014144 0.013001
33 0.651116 0.579245 0.013743 0.013451
33 0.447233 0.541999 0.013822 0.012998
33 0.447738 0.592442 0.014863 0.016005
33 0.295336 0.635389 0.007909 0.017521
33 0.333445 0.634647 0.010649 0.018829
33 0.295626 0.715446 0.009095 0.017258
33 0.333333 0.714662 0.010425 0.018826
33 0.879932 0.321309 0.012224 0.011824
33 0.710362 0.321161 0.012182 0.012434
33 0.540884 0.321329 0.012482 0.010855
33 0.371016 0.321553 0.012432 0.011724
33 0.207226 0.469896 0.009029 0.017860
33 0.201832 0.321139 0.012786 0.011077
33 0.176009 0.469510 0.009758 0.018512
33 0.883389 0.145271 0.006102 0.012257
33 0.883265 0.164567 0.005852 0.012040
33 0.883317 0.200288 0.005957 0.011091
33 0.883753 0.246778 0.006829 0.012308
33 0.711077 0.247341 0.013612 0.016278
33 0.710477 0.200261 0.012413 0.013676
33 0.710397 0.164484 0.012252 0.013340
33 0.710531 0.145834 0.012464 0.012659
33 0.880296 0.245949 0.013743 0.013112
33 0.880104 0.200070 0.012983 0.012702
33 0.880104 0.164997 0.012705 0.013289
33 0.880138 0.145996 0.012915 0.012995
33 0.541162 0.247066 0.013739 0.014184
33 0.540668 0.199705 0.012500 0.012958
33 0.540959 0.164558 0.012832 0.012667
33 0.540839 0.146278 0.012714 0.014437
33 0.371132 0.145912 0.012409 0.015375
33 0.371870 0.246646 0.013314 0.013730
33 0.371316 0.200217 0.012758 0.013212
33 0.371213 0.164583 0.013529 0.013805
33 0.202008 0.244808 0.013662 0.014129
33 0.201756 0.198259 0.012778 0.012659
33 0.201792 0.161976 0.012544 0.013112
33 0.201792 0.143155 0.012544 0.013679
34 0.122061 0.109738 0.017381 0.015304
34 0.966055 0.847585 0.036960 0.024186
34 0.904730 0.771114 0.017720 0.013805
34 0.885544 0.796425 0.010411 0.014098
34 0.902204 0.807048 0.017510 0.013805
34 0.883295 0.833435 0.005913 0.014491
34 0.883502 0.848759 0.006328 0.013414
34 0.916255 0.836129 0.018618 0.013608
34 0.167038 0.230781 0.018213 0.014124
34 0.150259 0.247979 0.010909 0.007979
34 0.135652 0.196711 0.005731 0.013730
34 0.123123 0.224439 0.018213 0.015563
34 0.171014 0.278453 0.017842 0.014779
34 0.188626 0.258769 0.009061 0.007586
34 0.091922 0.251250 0.022744 0.015563
34 0.071859 0.190695 0.017937 0.014779
34 0.341777 0.104202 0.018139 0.013562
34 0.194993 0.026546 0.025969 0.007911
34 0.203742 0.062039 0.009108 0.008364
34 0.190798 0.065657 0.005274 0.014694
34 0.188880 0.080068 0.008948 0.006897
34 0.218205 0.056106 0.018058 0.013904
34 0.242297 0.057348 0.025649 0.009156
34 0.231229 0.086173 0.017740 0.013679
34 0.621006 0.872457 0.025465 0.009404
34 0.546089 0.856086 0.006646 0.011556
34 0.569153 0.859768 0.018660 0.015295
34 0.695089 0.788863 0.011305 0.008378
34 0.668259 0.776297 0.019500 0.014725
34 0.669186 0.759668 0.019919 0.014810
34 0.592738 0.825554 0.008489 0.009176
34 0.577922 0.818531 0.017778 0.014161
34 0.632899 0.830822 0.026027 0.009516
34 0.634821 0.809751 0.006326 0.011784
34 0.653080 0.808844 0.019460 0.014275
34 0.700128 0.817908 0.025627 0.009062
34 0.746638 0.838197 0.011132 0.008609
34 0.751518 0.872978 0.025236 0.008384
34 0.877653 0.833213 0.017538 0.015409
34 0.877653 0.848676 0.017538 0.014161
34 0.370672 0.825701 0.018757 0.014981
34 0.394413 0.825504 0.019172 0.015175
34 0.423025 0.796238 0.017996 0.013805
34 0.422992 0.780915 0.018896 0.014101
34 0.426036 0.764612 0.009619 0.007150
34 0.394301 0.750160 0.014674 0.005876
34 0.390156 0.785171 0.019104 0.014212
34 0.370288 0.784969 0.019110 0.015175
34 0.370669 0.750164 0.014319 0.005885
34 0.541801 0.975801 0.018251 0.010057
34 0.560342 0.909481 0.020367 0.016039
34 0.598960 0.795613 0.009531 0.006797
34 0.604671 0.750208 0.009571 0.005973
34 0.703274 0.860862 0.019380 0.014588
34 0.686801 0.858805 0.005814 0.012434
34 0.511115 0.778720 0.005759 0.015520
34 0.506033 0.813557 0.012413 0.008156
34 0.462428 0.802229 0.010731 0.007478
34 0.530937 0.934537 0.017720 0.014089
34 0.554853 0.910248 0.007135 0.013121
34 0.524529 0.910358 0.018203 0.014491
34 0.505944 0.894642 0.012319 0.008321
34 0.500376 0.865366 0.017367 0.014198
34 0.500379 0.849112 0.017510 0.014981
34 0.463281 0.883871 0.010590 0.007737
34 0.425801 0.843481 0.009414 0.007441
34 0.423587 0.876919 0.017996 0.013805
34 0.423133 0.859491 0.018888 0.014588
34 0.389388 0.867471 0.017857 0.014491
34 0.370423 0.867276 0.019380 0.015275
34 0.267759 0.870873 0.017705 0.014810
34 0.236174 0.764119 0.018425 0.014725
34 0.209046 0.776432 0.006041 0.011593
34 0.235367 0.791453 0.018844 0.014050
34 0.268118 0.788577 0.018904 0.014554
34 0.295456 0.781425 0.018902 0.014471
34 0.333352 0.780070 0.019440 0.014132
34 0.340650 0.818661 0.020997 0.007871
34 0.316931 0.816502 0.017109 0.014218
34 0.300152 0.817475 0.006162 0.012271
34 0.504941 0.909916 0.005884 0.013220
34 0.073776 0.880963 0.015711 0.007244
34 0.157871 0.785292 0.018425 0.014386
34 0.136366 0.785673 0.018006 0.013625
34 0.147313 0.801921 0.010588 0.007700
34 0.074092 0.799087 0.015494 0.007618
34 0.136187 0.867125 0.018844 0.015235
34 0.332844 0.861734 0.018783 0.014469
34 0.316662 0.898249 0.018006 0.014218
34 0.295576 0.863002 0.018904 0.014132
34 0.224616 0.867193 0.018995 0.015076
34 0.224477 0.830621 0.018531 0.014551
34 0.208633 0.849300 0.005373 0.012844
34 0.340680 0.900450 0.020937 0.007278
34 0.352703 0.865202 0.005504 0.014132
34 0.300331 0.899645 0.005921 0.013118
34 0.831266 0.698420 0.018539 0.016731
34 0.803899 0.679260 0.008552 0.008928
34 0.869261 0.673383 0.009029 0.008703
34 0.881445 0.667166 0.018378 0.015261
34 0.901475 0.667447 0.018163 0.014243
34 0.882365 0.623871 0.018779 0.014583
34 0.877572 0.569050 0.018777 0.015033
34 0.157810 0.866914 0.017587 0.013964
34 0.147282 0.883880 0.010528 0.007110
34 0.803379 0.512813 0.007830 0.008139
34 0.828550 0.526208 0.017740 0.015033
34 0.824954 0.543786 0.018219 0.014696
34 0.825034 0.561701 0.018058 0.015486
34 0.767663 0.544181 0.018058 0.014808
34 0.762189 0.579675 0.018777 0.016164
34 0.762668 0.596291 0.018298 0.014355
34 0.734822 0.619916 0.032440 0.019330
34 0.735221 0.642127 0.031642 0.018088
34 0.762748 0.660778 0.018618 0.014694
34 0.762309 0.677620 0.018537 0.014922
34 0.773655 0.709044 0.018539 0.017182
34 0.762309 0.759798 0.019976 0.015372
34 0.762229 0.776133 0.020296 0.014129
34 0.737379 0.787317 0.011507 0.005304
34 0.822237 0.748777 0.009430 0.008253
34 0.621608 0.615598 0.031882 0.022494
34 0.531915 0.686301 0.005433 0.015600
34 0.600471 0.698283 0.017579 0.015147
34 0.552010 0.689523 0.006313 0.015939
34 0.632274 0.512395 0.010068 0.008706
34 0.605782 0.525452 0.016853 0.014694
34 0.603908 0.543480 0.017260 0.014808
34 0.610101 0.561396 0.016861 0.014694
34 0.548730 0.527883 0.017826 0.014808
34 0.655566 0.543820 0.017820 0.014583
34 0.666793 0.580331 0.017579 0.014808
34 0.667033 0.596043 0.017579 0.014583
34 0.694240 0.618933 0.031082 0.017182
34 0.831586 0.722496 0.018378 0.016278
34 0.627799 0.681951 0.008950 0.008250
34 0.667433 0.660755 0.017419 0.014922
34 0.667752 0.677710 0.017740 0.015825
34 0.655605 0.708740 0.017419 0.014808
34 0.627279 0.727616 0.018298 0.014355
34 0.599793 0.722586 0.017977 0.014696
34 0.552729 0.561737 0.017339 0.017182
34 0.548254 0.589769 0.017979 0.013565
34 0.562318 0.595251 0.008709 0.008250
34 0.532655 0.589768 0.008904 0.013790
34 0.582369 0.618931 0.018610 0.015600
34 0.598634 0.626167 0.009589 0.008589
34 0.422622 0.616322 0.017818 0.014469
34 0.423261 0.633502 0.017659 0.014015
34 0.426498 0.598065 0.010066 0.007347
34 0.395055 0.580207 0.017979 0.014355
34 0.372003 0.580093 0.018697 0.014355
34 0.393825 0.746144 0.017979 0.014243
34 0.370133 0.746087 0.017579 0.013901
34 0.695279 0.641426 0.031561 0.016954
34 0.463694 0.542848 0.018459 0.015825
34 0.452347 0.514363 0.018936 0.015600
34 0.424580 0.530979 0.018378 0.013340
34 0.393617 0.536007 0.017979 0.014129
34 0.393537 0.514249 0.018139 0.014922
34 0.463094 0.720201 0.011507 0.007914
34 0.472642 0.692846 0.006473 0.015147
34 0.426218 0.680198 0.009829 0.008364
34 0.423102 0.697029 0.018457 0.013562
34 0.423022 0.713822 0.017659 0.013463
34 0.394057 0.661649 0.018219 0.014241
34 0.390102 0.703642 0.018777 0.014129
34 0.370924 0.662049 0.018298 0.014141
34 0.370325 0.623730 0.018378 0.014118
34 0.390381 0.623730 0.019496 0.014118
34 0.267929 0.706603 0.018139 0.014808
34 0.370125 0.703699 0.019098 0.013337
34 0.506162 0.731562 0.012305 0.008253
34 0.505203 0.671821 0.012305 0.008139
34 0.473800 0.640228 0.011187 0.008025
34 0.465171 0.592865 0.019976 0.015033
34 0.528256 0.589815 0.018459 0.014129
34 0.516510 0.556582 0.035079 0.021815
34 0.487225 0.556130 0.019176 0.014808
34 0.475559 0.568055 0.008950 0.008592
34 0.459618 0.560594 0.018298 0.014919
34 0.296376 0.619169 0.019577 0.015147
34 0.352868 0.700895 0.005514 0.014922
34 0.340363 0.657375 0.020935 0.007911
34 0.340642 0.737293 0.020695 0.007689
34 0.227458 0.523316 0.018058 0.014469
34 0.332892 0.697900 0.018459 0.014580
34 0.316711 0.655058 0.017419 0.015486
34 0.300251 0.655567 0.005913 0.011305
34 0.295576 0.699256 0.018300 0.015486
34 0.235489 0.787142 0.018777 0.005654
34 0.332932 0.618095 0.018378 0.013904
34 0.183510 0.507830 0.006710 0.012434
34 0.278516 0.505758 0.018217 0.015221
34 0.315673 0.548974 0.009110 0.008589
34 0.282433 0.542418 0.018378 0.014469
34 0.258379 0.567851 0.018374 0.014694
34 0.258740 0.583846 0.018298 0.013676
34 0.219347 0.592887 0.009670 0.008698
34 0.200849 0.606000 0.017419 0.011191
34 0.235887 0.609675 0.018459 0.014694
34 0.235688 0.629400 0.019498 0.014583
34 0.268290 0.626291 0.018537 0.016275
34 0.136455 0.623632 0.019228 0.013995
34 0.157765 0.623763 0.018398 0.015038
34 0.146995 0.640242 0.011094 0.007717
34 0.224701 0.699201 0.019257 0.014469
