34 0.389675 0.576820 0.021815 0.019647
34 0.066431 0.233879 0.019515 0.144554
34 0.884332 0.078025 0.021283 0.019265
34 0.063086 0.539369 0.023670 0.145543
34 0.533372 0.469225 0.021096 0.020177
34 0.885857 0.297402 0.021311 0.019946
34 0.883078 0.456684 0.021152 0.018789
34 0.533610 0.501549 0.021531 0.022021
17 0.178564 0.396166 0.018932 0.029453
17 0.358361 0.297820 0.018173 0.028435
34 0.285631 0.353458 0.021531 0.018612
34 0.376586 0.328180 0.011533 0.028775
34 0.221513 0.306738 0.008344 0.020892
34 0.116798 0.372364 0.022778 0.018014
34 0.246309 0.327496 0.025363 0.031305
34 0.342819 0.267581 0.021859 0.018763
34 0.337046 0.295474 0.024954 0.030920
34 0.253012 0.267608 0.021446 0.018789
34 0.246284 0.295466 0.025413 0.030943
34 0.330058 0.353378 0.022176 0.018857
34 0.337071 0.488567 0.024927 0.030054
34 0.291225 0.295422 0.025254 0.030935
34 0.342815 0.406482 0.021932 0.018789
34 0.380456 0.406696 0.003793 0.018589
34 0.205905 0.396746 0.023288 0.021328
34 0.297531 0.267622 0.021839 0.018629
34 0.252992 0.406505 0.021475 0.018897
34 0.429773 0.295439 0.025252 0.031174
34 0.389645 0.406529 0.021902 0.018814
34 0.429809 0.327179 0.025157 0.030846
34 0.389599 0.458786 0.021753 0.018695
34 0.468938 0.353264 0.022389 0.019062
34 0.375498 0.353366 0.022172 0.018740
34 0.336997 0.327284 0.024986 0.030687
34 0.253053 0.458785 0.021436 0.018692
34 0.291333 0.488535 0.024901 0.029923
34 0.630246 0.358246 0.022494 0.019752
34 0.673068 0.456606 0.022272 0.018928
34 0.618001 0.296241 0.022633 0.019818
34 0.595365 0.452015 0.022820 0.018843
34 0.383474 0.295399 0.025606 0.030946
34 0.436075 0.458785 0.021908 0.018703
34 0.383495 0.488460 0.025399 0.030194
34 0.383518 0.327250 0.025353 0.030869
34 0.436037 0.406515 0.022204 0.018866
34 0.429808 0.488502 0.025276 0.029943
34 0.422274 0.353407 0.022176 0.018874
34 0.480191 0.471133 0.022139 0.019188
34 0.601784 0.323209 0.022967 0.018718
34 0.626278 0.387115 0.021823 0.019074
34 0.667858 0.403146 0.025413 0.031200
34 0.622424 0.439708 0.025485 0.030747
34 0.622485 0.475234 0.025449 0.030712
34 0.675743 0.297334 0.022268 0.019934
34 0.727598 0.297283 0.022226 0.019980
34 0.778882 0.297371 0.021869 0.019946
34 0.776223 0.456651 0.022446 0.018923
34 0.877704 0.403012 0.025220 0.030459
34 0.771069 0.402955 0.025695 0.030658
34 0.719671 0.402957 0.025473 0.030570
34 0.823327 0.403116 0.025453 0.030296
34 0.581308 0.493404 0.022705 0.019194
34 0.617695 0.411107 0.021869 0.018863
34 0.555949 0.322979 0.023247 0.018601
34 0.629519 0.269276 0.023191 0.019003
34 0.957206 0.435073 0.021906 0.018678
34 0.925089 0.430120 0.021201 0.018837
34 0.925136 0.376925 0.020997 0.018541
34 0.818413 0.376784 0.021890 0.018356
34 0.870946 0.430113 0.021827 0.018475
34 0.715322 0.376716 0.021688 0.018492
34 0.828632 0.456609 0.021998 0.018814
34 0.831360 0.297381 0.021962 0.019738
34 0.767160 0.376780 0.021882 0.018330
34 0.870875 0.376888 0.021944 0.018113
34 0.715248 0.430071 0.021801 0.018797
34 0.724757 0.456629 0.022440 0.018934
34 0.767138 0.430158 0.021952 0.018612
34 0.818392 0.430162 0.022002 0.018735
34 0.116443 0.626137 0.021948 0.017751
34 0.163079 0.598346 0.022887 0.018424
34 0.173158 0.560968 0.008084 0.020613
34 0.140825 0.615899 0.008326 0.023699
34 0.062936 0.691904 0.021380 0.143243
34 0.949885 0.357485 0.021229 0.018544
34 0.923622 0.502982 0.025721 0.030912
34 0.885441 0.404191 0.010205 0.028757
34 0.956866 0.280598 0.025256 0.031034
34 0.285665 0.515570 0.021600 0.018407
34 0.253003 0.576879 0.021561 0.019875
34 0.342896 0.576805 0.022097 0.019721
34 0.297551 0.576962 0.021839 0.019179
34 0.204062 0.773977 0.017258 0.012382
34 0.380454 0.576743 0.003797 0.019310
34 0.221398 0.560913 0.008429 0.020618
34 0.115468 0.524138 0.021348 0.017236
34 0.162844 0.765985 0.022595 0.018985
34 0.115668 0.721034 0.022738 0.017897
34 0.116243 0.574912 0.021978 0.017985
34 0.116011 0.673368 0.022373 0.018381
34 0.162616 0.744885 0.022754 0.019236
34 0.525137 0.607932 0.022812 0.019256
34 0.376653 0.721398 0.021996 0.019228
34 0.436006 0.576801 0.022186 0.019558
34 0.424348 0.647918 0.090582 0.034081
34 0.422273 0.515496 0.022399 0.018692
34 0.409828 0.721101 0.022452 0.019484
34 0.211131 0.598511 0.022842 0.019159
34 0.373463 0.515561 0.017776 0.018492
34 0.329982 0.515569 0.022345 0.018433
34 0.665871 0.524555 0.022093 0.019296
34 0.625705 0.667479 0.022373 0.018891
34 0.675185 0.594746 0.022156 0.018966
34 0.630221 0.594367 0.022677 0.019444
34 0.549601 0.608032 0.023030 0.019119
34 0.617721 0.510151 0.021718 0.018604
34 0.652634 0.667129 0.022327 0.019855
34 0.409933 0.743582 0.016001 0.011000
34 0.464993 0.564060 0.021835 0.018572
34 0.487817 0.564134 0.021710 0.018367
34 0.443617 0.721107 0.022556 0.019724
34 0.469010 0.515370 0.022295 0.018663
34 0.778289 0.594691 0.022029 0.019065
34 0.864710 0.750898 0.022357 0.019436
34 0.838091 0.751129 0.022311 0.018974
34 0.769085 0.524578 0.022248 0.019188
34 0.876021 0.524508 0.021442 0.019025
34 0.821601 0.524597 0.022004 0.019071
34 0.763843 0.759131 0.022008 0.018472
34 0.885106 0.594718 0.021424 0.019068
34 0.830742 0.594704 0.022178 0.019119
34 0.725254 0.594689 0.018469 0.019273
34 0.717629 0.524538 0.022313 0.019325
34 0.627490 0.534087 0.023086 0.019082
34 0.435989 0.267531 0.022151 0.018652
34 0.405031 0.150644 0.022444 0.018672
34 0.476457 0.215383 0.021541 0.019145
34 0.418951 0.224262 0.091533 0.033163
34 0.491038 0.119923 0.007992 0.022958
34 0.437953 0.125928 0.016418 0.011992
34 0.534057 0.255841 0.048211 0.022784
34 0.389626 0.267572 0.021767 0.018826
34 0.203413 0.099349 0.017284 0.012308
34 0.380487 0.267653 0.003733 0.018435
34 0.371309 0.150529 0.021495 0.018903
33 0.144009 0.136154 0.014698 0.013192
33 0.476339 0.236312 0.009430 0.021510
33 0.664457 0.180161 0.009531 0.020983
33 0.884439 0.097073 0.008201 0.017612
33 0.481026 0.450256 0.010167 0.021539
33 0.515364 0.470036 0.013640 0.013414
33 0.636905 0.410519 0.015175 0.012972
33 0.637000 0.295977 0.014911 0.013044
33 0.143963 0.744095 0.014561 0.013286
33 0.525476 0.627035 0.009200 0.017432
33 0.515396 0.503950 0.013507 0.011593
33 0.488431 0.583517 0.009162 0.019692
33 0.465996 0.583787 0.009003 0.019071
33 0.636877 0.509704 0.015026 0.013195
33 0.652723 0.688311 0.009394 0.021365
33 0.550363 0.627009 0.009206 0.017489
33 0.626480 0.688195 0.009478 0.021690
33 0.144032 0.767847 0.014708 0.013118
33 0.864878 0.770901 0.009293 0.018649
33 0.838659 0.770889 0.009224 0.018837
21 0.285543 0.137467 0.006283 0.010299
21 0.808610 0.137505 0.006297 0.010382
21 0.339659 0.384235 0.006847 0.011257
21 0.295261 0.384206 0.006718 0.011359
21 0.432191 0.384208 0.006585 0.011533
21 0.385328 0.384340 0.006672 0.011109
21 0.478544 0.384316 0.006902 0.011049
21 0.701266 0.445007 0.006315 0.010653
21 0.663323 0.487599 0.006622 0.010416
21 0.819376 0.487742 0.007180 0.011510
21 0.857008 0.444762 0.006628 0.010755
21 0.715183 0.487599 0.006849 0.010530
21 0.804504 0.444942 0.006193 0.010801
21 0.766471 0.487640 0.006495 0.010322
21 0.873104 0.487642 0.006700 0.010479
21 0.753089 0.444962 0.006505 0.010607
21 0.947629 0.466144 0.006668 0.011775
21 0.911660 0.445036 0.007764 0.011610
21 0.155694 0.517196 0.006662 0.011251
21 0.204064 0.517780 0.007178 0.012864
21 0.339634 0.546468 0.006823 0.011157
21 0.295232 0.546418 0.006547 0.011034
21 0.478532 0.546321 0.006940 0.010818
21 0.385344 0.546466 0.006676 0.011223
21 0.432185 0.546499 0.006739 0.011516
21 0.618041 0.565044 0.006682 0.011143
21 0.911550 0.658182 0.005324 0.010043
21 0.285120 0.807144 0.006291 0.010687
21 0.795036 0.812102 0.006197 0.010370
17 0.267840 0.297481 0.020342 0.028435
17 0.226679 0.395997 0.019386 0.027760
17 0.312950 0.297820 0.019623 0.025728
17 0.313190 0.329474 0.019144 0.026067
17 0.268199 0.329134 0.019146 0.027421
17 0.268559 0.490449 0.018906 0.026404
17 0.312950 0.490279 0.019144 0.026743
17 0.359673 0.490279 0.015075 0.028099
17 0.360510 0.329303 0.016749 0.027760
17 0.405499 0.491126 0.020103 0.026406
17 0.452165 0.490279 0.020103 0.026743
17 0.405499 0.328796 0.019623 0.026067
17 0.451925 0.298329 0.017710 0.026067
17 0.405500 0.297142 0.018666 0.026406
17 0.451685 0.329473 0.019623 0.027421
17 0.689854 0.405983 0.020340 0.028775
17 0.644864 0.478599 0.019386 0.027082
17 0.644505 0.443222 0.019144 0.029453
17 0.741121 0.406492 0.019623 0.025728
17 0.793531 0.405983 0.018187 0.025389
17 0.845461 0.406322 0.019146 0.026067
17 0.899904 0.405814 0.018854 0.027301
17 0.970108 0.309011 0.019519 0.028242
17 0.938056 0.532357 0.020185 0.028236
15 0.645108 0.388232 0.013797 0.018669
13 0.328626 0.373264 0.010073 0.019940
13 0.283755 0.373484 0.009573 0.020653
13 0.467958 0.373991 0.011009 0.020989
13 0.373910 0.373484 0.011487 0.019974
13 0.420898 0.373263 0.009770 0.019915
13 0.596775 0.472532 0.011096 0.021827
13 0.674484 0.476750 0.010290 0.021160
13 0.725998 0.476677 0.010397 0.020918
13 0.830244 0.476697 0.010770 0.021111
13 0.777421 0.476656 0.010471 0.021000
13 0.885117 0.476838 0.009557 0.021536
13 0.959240 0.454610 0.011090 0.019450
13 0.166612 0.507653 0.010411 0.019011
13 0.284473 0.536060 0.010530 0.020311
13 0.214786 0.507571 0.010733 0.018846
13 0.328620 0.535517 0.010121 0.020063
13 0.420885 0.535472 0.010050 0.020616
13 0.373790 0.535891 0.010292 0.022006
13 0.467121 0.535891 0.011724 0.020650
13 0.582750 0.513745 0.011168 0.021288
13 0.629064 0.554004 0.010187 0.020610
13 0.922281 0.648599 0.010381 0.021758
6 0.704811 0.106636 0.006700 0.010832
6 0.765021 0.073340 0.004297 0.006047
6 0.701302 0.365600 0.004656 0.006184
6 0.857067 0.365359 0.005983 0.007110
6 0.753217 0.365576 0.004299 0.005976
6 0.804463 0.365626 0.004341 0.006002
6 0.962585 0.345573 0.004295 0.005720
6 0.910884 0.365493 0.005322 0.008786
6 0.749974 0.747931 0.004408 0.006007
6 0.927113 0.558705 0.004025 0.006780
6 0.704692 0.781207 0.007417 0.011174
4 0.686542 0.524456 0.017307 0.024494
4 0.842285 0.524241 0.017532 0.024639
4 0.789535 0.524551 0.017268 0.024178
4 0.738267 0.524504 0.017726 0.024363
4 0.896170 0.524427 0.017196 0.024420
1 0.601852 0.337381 0.012403 0.009752
1 0.645115 0.269420 0.006636 0.016754
0 0.117374 0.186139 0.011465 0.008983
0 0.117285 0.236508 0.011662 0.009327
0 0.178638 0.232323 0.005141 0.016495
0 0.285482 0.123413 0.005220 0.012622
0 0.226264 0.232323 0.006493 0.016683
0 0.420397 0.150510 0.006712 0.016768
0 0.386610 0.150502 0.006317 0.016734
0 0.453736 0.150550 0.006239 0.016575
0 0.808612 0.123574 0.005278 0.012961
0 0.764970 0.085623 0.005645 0.013052
0 0.938257 0.244426 0.006700 0.016210
0 0.970339 0.186499 0.006424 0.016509
0 0.117286 0.433274 0.011761 0.009023
0 0.117364 0.385715 0.011602 0.009031
0 0.117238 0.286586 0.011882 0.009456
0 0.117335 0.337867 0.011708 0.008963
0 0.116163 0.488062 0.012017 0.009809
0 0.312618 0.406610 0.006734 0.016737
0 0.312648 0.267722 0.007029 0.017404
0 0.267991 0.406617 0.006863 0.016985
0 0.267960 0.267693 0.006988 0.017267
0 0.312626 0.458903 0.006928 0.016609
0 0.267965 0.458917 0.007023 0.016711
0 0.451432 0.267703 0.007047 0.017196
0 0.358072 0.406612 0.006692 0.016934
0 0.451449 0.406632 0.006855 0.016888
0 0.451521 0.458877 0.006954 0.016489
0 0.358053 0.458889 0.006851 0.016466
0 0.358069 0.267692 0.007004 0.017224
0 0.404871 0.406613 0.006712 0.016805
0 0.404860 0.458931 0.006880 0.016592
0 0.404856 0.267766 0.006984 0.017395
0 0.645009 0.357578 0.006336 0.016632
0 0.701292 0.377904 0.005502 0.013596
0 0.701262 0.430715 0.005461 0.013691
0 0.690360 0.296744 0.006541 0.016315
0 0.556133 0.337427 0.012117 0.009342
0 0.753106 0.430795 0.005085 0.013502
0 0.857008 0.430849 0.005351 0.013383
0 0.804333 0.430819 0.005210 0.013517
0 0.909411 0.430845 0.002290 0.013579
0 0.909420 0.378056 0.002272 0.013274
0 0.753147 0.377893 0.005189 0.013448
0 0.846051 0.296788 0.006638 0.016614
0 0.793526 0.296790 0.006416 0.016583
0 0.857018 0.377908 0.005461 0.013423
0 0.742217 0.296797 0.006702 0.016557
0 0.804395 0.377925 0.005244 0.013468
0 0.900139 0.296818 0.006523 0.016771
0 0.911158 0.430721 0.005439 0.013679
0 0.962842 0.357789 0.005097 0.013331
0 0.911198 0.377821 0.005498 0.013665
0 0.116160 0.687045 0.011914 0.009387
0 0.116047 0.734840 0.011658 0.008797
0 0.116155 0.639661 0.011654 0.009159
0 0.116029 0.538411 0.011644 0.009299
0 0.116046 0.588354 0.011595 0.009561
0 0.312677 0.576828 0.006938 0.016751
0 0.178625 0.598293 0.005115 0.016381
0 0.267990 0.576812 0.006994 0.017147
0 0.226261 0.598259 0.006414 0.016586
0 0.391615 0.722606 0.007274 0.017330
0 0.451464 0.576855 0.007105 0.016708
0 0.424840 0.722665 0.006880 0.017156
0 0.358090 0.576882 0.006962 0.016654
0 0.458314 0.722696 0.006688 0.016791
0 0.404895 0.576817 0.006878 0.016717
0 0.690374 0.594869 0.006388 0.016435
0 0.645035 0.593827 0.006291 0.016466
0 0.742204 0.594850 0.006761 0.016922
0 0.846029 0.594865 0.006479 0.016763
0 0.793599 0.594890 0.006626 0.016831
0 0.970323 0.687095 0.006581 0.016167
0 0.900283 0.594815 0.006662 0.016976
0 0.927252 0.570872 0.005089 0.013052
0 0.938247 0.720504 0.006769 0.016535
0 0.285204 0.793317 0.005324 0.013491
0 0.795063 0.798299 0.005260 0.012847
0 0.749778 0.760242 0.005717 0.014038
35 0.091605 0.236506 0.029317 0.018245
35 0.091431 0.185911 0.029639 0.018313
35 0.091560 0.106704 0.029132 0.017865
35 0.420170 0.186995 0.013201 0.042818
35 0.453633 0.187069 0.013161 0.043018
35 0.386549 0.187160 0.013066 0.042841
35 0.091577 0.385319 0.029371 0.018196
35 0.091371 0.286357 0.030002 0.018401
35 0.091373 0.432702 0.029889 0.017954
35 0.091386 0.337556 0.030028 0.018304
35 0.089107 0.487241 0.029418 0.018398
35 0.535365 0.286409 0.012836 0.042411
35 0.089200 0.587613 0.029682 0.017826
35 0.089242 0.639131 0.029603 0.018512
35 0.089469 0.686398 0.029011 0.017977
35 0.089150 0.733967 0.029525 0.018062
35 0.089512 0.537495 0.029110 0.017070
35 0.424626 0.684869 0.013298 0.042761
35 0.391123 0.684652 0.013447 0.042841
35 0.458257 0.684672 0.013191 0.042750
35 0.095321 0.780765 0.029353 0.017962
34 0.808863 0.799132 0.021666 0.018738
34 0.298856 0.793826 0.021821 0.017791
34 0.923731 0.721503 0.022039 0.020732
34 0.955778 0.687992 0.021998 0.020231
34 0.914120 0.570828 0.021563 0.018646
34 0.921018 0.628277 0.021960 0.018823
34 0.299166 0.124444 0.021821 0.017780
34 0.211067 0.231969 0.022919 0.018672
34 0.162496 0.134712 0.022490 0.018749
34 0.163016 0.232110 0.022893 0.018521
34 0.117386 0.222388 0.021666 0.018136
34 0.117510 0.171869 0.021785 0.018569
34 0.923749 0.245028 0.021938 0.019763
34 0.822472 0.124718 0.022010 0.018606
34 0.778905 0.084608 0.021960 0.018820
34 0.664387 0.158968 0.022371 0.020006
34 0.438699 0.150601 0.022571 0.018757
34 0.115399 0.473599 0.021209 0.018148
34 0.157579 0.396922 0.024279 0.020690
34 0.173152 0.306753 0.008334 0.021268
34 0.165590 0.487991 0.023058 0.018655
34 0.117198 0.324575 0.022655 0.018162
34 0.117548 0.419467 0.021841 0.018148
34 0.117959 0.272823 0.021414 0.018555
34 0.065324 0.386043 0.020850 0.144654
34 0.141402 0.313108 0.008791 0.023696
34 0.955760 0.187341 0.022045 0.020108
34 0.342861 0.458780 0.021853 0.018752
34 0.297543 0.406550 0.021791 0.018629
34 0.246360 0.488666 0.025242 0.030276
34 0.291329 0.327236 0.024982 0.030636
34 0.297494 0.458995 0.021728 0.018242
34 0.380454 0.458843 0.003797 0.018541
34 0.214121 0.487843 0.022838 0.017714
