34 0.857313 0.414806 0.014464 0.015597
34 0.709129 0.263038 0.022004 0.027928
34 0.705477 0.343903 0.006523 0.018435
34 0.884627 0.413678 0.015951 0.015956
34 0.182581 0.643903 0.017538 0.014469
34 0.547066 0.589355 0.066465 0.021337
34 0.380571 0.048638 0.017061 0.018199
33 0.285991 0.587575 0.013803 0.032260
33 0.499642 0.589527 0.014418 0.028812
33 0.743200 0.588743 0.011976 0.032146
33 0.784125 0.587689 0.013531 0.032317
5 0.800290 0.318548 0.009371 0.020470
34 0.214370 0.590308 0.016348 0.016210
34 0.271206 0.590631 0.016348 0.018156
29 0.506432 0.566101 0.693207 0.153765
35 0.106581 0.142461 0.016857 0.011926
35 0.080631 0.202237 0.017301 0.010983
35 0.270893 0.222948 0.007540 0.026671
35 0.313925 0.100571 0.007983 0.026044
35 0.299952 0.179488 0.008872 0.025104
35 0.508293 0.037656 0.007319 0.025731
35 0.823607 0.108886 0.017967 0.011297
35 0.792775 0.147167 0.017524 0.011924
35 0.766380 0.229222 0.017522 0.010983
35 0.902454 0.168349 0.008207 0.024791
35 0.971105 0.247893 0.018189 0.010040
35 0.086841 0.299439 0.007099 0.025415
35 0.081629 0.366746 0.017524 0.011297
35 0.071758 0.398595 0.017746 0.012237
35 0.134309 0.446918 0.007542 0.024164
35 0.126989 0.446918 0.007097 0.025417
35 0.125547 0.504184 0.017524 0.013178
35 0.175011 0.453822 0.007319 0.025415
35 0.508736 0.345409 0.007762 0.024474
35 0.415575 0.391064 0.007762 0.026044
35 0.440195 0.281867 0.008207 0.027301
35 0.409253 0.285161 0.008429 0.026988
35 0.554600 0.291123 0.017524 0.011297
35 0.863312 0.487395 0.017522 0.012237
35 0.802314 0.425266 0.018411 0.010983
35 0.708930 0.288927 0.007764 0.025731
35 0.947260 0.504969 0.017079 0.012867
35 0.915541 0.466686 0.018411 0.011610
35 0.916429 0.446291 0.017967 0.013494
35 0.930958 0.421659 0.018632 0.010670
35 0.949367 0.388867 0.017744 0.012867
35 0.885819 0.316854 0.007319 0.025728
35 0.119891 0.735215 0.008429 0.025415
35 0.068985 0.528743 0.017522 0.010983
35 0.298176 0.653944 0.018189 0.012237
35 0.259803 0.734900 0.007985 0.026044
35 0.239729 0.752317 0.006876 0.024474
35 0.387627 0.735058 0.007764 0.025101
35 0.526370 0.734900 0.008429 0.026671
35 0.436647 0.654571 0.018854 0.011610
35 0.569905 0.654101 0.017079 0.010670
35 0.655303 0.734430 0.007319 0.026358
35 0.701661 0.654258 0.018854 0.010356
35 0.798320 0.734902 0.008650 0.024161
35 0.149053 0.772900 0.007494 0.028267
35 0.192931 0.781054 0.007494 0.024463
35 0.329060 0.781188 0.007685 0.025278
35 0.284868 0.773444 0.007685 0.026637
35 0.496386 0.856344 0.007494 0.026093
35 0.401375 0.876728 0.007685 0.026093
35 0.447967 0.840034 0.018251 0.010328
35 0.424719 0.773715 0.007109 0.027179
35 0.468333 0.765968 0.008261 0.025278
35 0.556857 0.773579 0.003127 0.026093
35 0.602823 0.768279 0.006916 0.025278
35 0.558920 0.773307 0.008263 0.027179
35 0.686114 0.773035 0.008263 0.026093
35 0.731799 0.768143 0.008070 0.025007
34 0.558997 0.790829 0.009327 0.006520
34 0.686307 0.790375 0.010077 0.007737
34 0.390197 0.849679 0.016197 0.015569
34 0.390266 0.828823 0.015919 0.014785
34 0.424769 0.790883 0.009204 0.007244
34 0.401576 0.893173 0.016158 0.009242
34 0.496960 0.875724 0.011281 0.014394
34 0.484433 0.828970 0.015711 0.015078
34 0.459584 0.811101 0.010590 0.006364
34 0.452005 0.830539 0.030179 0.008225
34 0.213327 0.110261 0.010087 0.008894
34 0.226636 0.104768 0.017288 0.014910
34 0.226405 0.130992 0.016271 0.015041
34 0.301199 0.128310 0.019045 0.016740
34 0.085953 0.142774 0.024400 0.026358
34 0.104142 0.212435 0.016414 0.015688
34 0.167455 0.180624 0.016364 0.014386
34 0.167408 0.234117 0.016271 0.015170
34 0.125574 0.212864 0.015995 0.015304
34 0.140169 0.169446 0.017043 0.015688
34 0.140199 0.153757 0.017103 0.015688
34 0.505278 0.080691 0.004899 0.018048
34 0.489239 0.098936 0.012204 0.007977
34 0.466032 0.092723 0.005917 0.017005
34 0.454985 0.077610 0.016549 0.014503
34 0.433535 0.092854 0.005085 0.017524
34 0.422533 0.078009 0.016549 0.016087
34 0.400345 0.092723 0.005824 0.017524
34 0.388836 0.077618 0.016088 0.015304
34 0.414860 0.048511 0.015993 0.014634
34 0.447403 0.048256 0.015995 0.015435
34 0.469315 0.030797 0.013775 0.008501
34 0.436772 0.030731 0.013221 0.008632
34 0.403628 0.030272 0.013683 0.008239
34 0.264264 0.123145 0.018213 0.016087
34 0.313078 0.083123 0.023759 0.010333
34 0.632310 0.208102 0.016642 0.014386
34 0.631751 0.183646 0.016632 0.015956
34 0.596475 0.188682 0.015810 0.016349
34 0.408859 0.191476 0.016090 0.015759
34 0.485842 0.137025 0.012377 0.008755
34 0.544709 0.030403 0.014051 0.007977
34 0.509577 0.020986 0.075995 0.007717
34 0.521457 0.048909 0.016364 0.017002
34 0.568575 0.047541 0.017524 0.017572
34 0.533287 0.077250 0.010167 0.014779
34 0.541374 0.092814 0.005641 0.017917
34 0.577845 0.077578 0.016456 0.014910
34 0.589078 0.092618 0.006009 0.018048
34 0.592685 0.114591 0.015439 0.014124
34 0.593286 0.132377 0.015346 0.014386
34 0.634015 0.097522 0.014875 0.013471
34 0.665911 0.102492 0.012675 0.007977
34 0.695500 0.081371 0.015624 0.015435
34 0.696832 0.143820 0.009615 0.007714
34 0.730411 0.166448 0.008155 0.015563
34 0.745103 0.210641 0.017010 0.014517
34 0.766737 0.213910 0.025701 0.022103
34 0.792624 0.224765 0.016086 0.015566
34 0.809357 0.243009 0.012204 0.007324
34 0.828540 0.226597 0.016364 0.014779
34 0.726292 0.207318 0.016392 0.015953
34 0.711208 0.224714 0.011372 0.007586
34 0.591975 0.029969 0.015083 0.009416
34 0.734490 0.166461 0.015624 0.015041
34 0.715676 0.136445 0.015349 0.014389
34 0.732595 0.131998 0.015532 0.014124
34 0.749190 0.135987 0.015995 0.014779
34 0.771702 0.141743 0.010169 0.008763
34 0.823198 0.147496 0.042343 0.031522
34 0.853290 0.108850 0.039662 0.015694
34 0.793797 0.094724 0.015346 0.015956
34 0.771978 0.085111 0.015532 0.015038
34 0.722518 0.094855 0.015717 0.014389
34 0.748312 0.102769 0.012204 0.008501
34 0.924488 0.225433 0.016044 0.014679
34 0.946845 0.236177 0.015403 0.014075
34 0.971501 0.228158 0.022357 0.030114
34 0.887757 0.236536 0.016086 0.015038
34 0.891501 0.214825 0.016180 0.014779
34 0.899220 0.195011 0.006841 0.013864
34 0.901236 0.148451 0.018640 0.014907
34 0.753766 0.172281 0.009801 0.009156
34 0.125453 0.260304 0.015532 0.013471
34 0.087779 0.322169 0.042436 0.021311
34 0.081771 0.353555 0.029678 0.015825
34 0.111355 0.356563 0.016364 0.014517
34 0.071462 0.385400 0.030139 0.015172
34 0.099151 0.387102 0.016178 0.014910
34 0.117457 0.381478 0.015808 0.013864
34 0.116948 0.414174 0.015717 0.016218
34 0.134745 0.393052 0.009893 0.007455
34 0.144359 0.411624 0.015439 0.014517
34 0.144591 0.427180 0.015902 0.014007
34 0.152958 0.457726 0.031710 0.022496
34 0.165900 0.385205 0.015624 0.013995
34 0.165162 0.413847 0.016549 0.015566
34 0.216446 0.384232 0.015459 0.014859
34 0.166225 0.346100 0.015717 0.013471
34 0.145977 0.362187 0.010355 0.008763
34 0.149122 0.377102 0.015346 0.014791
34 0.176995 0.498793 0.012665 0.007065
34 0.158690 0.481137 0.014515 0.014648
34 0.122957 0.490946 0.041233 0.014910
34 0.152311 0.536461 0.015624 0.007324
34 0.103635 0.259584 0.015715 0.014124
34 0.221550 0.475465 0.005731 0.014440
34 0.187737 0.484880 0.014861 0.014862
34 0.212656 0.439412 0.006207 0.014269
34 0.191258 0.427040 0.016295 0.014355
34 0.190931 0.411716 0.015757 0.014608
34 0.191378 0.387144 0.015818 0.015115
34 0.191259 0.355312 0.015818 0.014608
34 0.220237 0.305199 0.015518 0.015705
34 0.229011 0.352694 0.016354 0.015620
34 0.254228 0.338467 0.016056 0.014694
34 0.252348 0.376590 0.016235 0.014605
34 0.326225 0.464423 0.015254 0.015041
34 0.287878 0.436583 0.016291 0.015600
34 0.257070 0.441049 0.015582 0.014357
34 0.251161 0.421436 0.015892 0.015600
34 0.310407 0.407025 0.005753 0.016164
34 0.337614 0.399112 0.005832 0.017746
34 0.329544 0.376505 0.014623 0.013904
34 0.282400 0.407082 0.009668 0.008589
34 0.279927 0.359607 0.015733 0.016278
34 0.283878 0.329652 0.010068 0.008817
34 0.287594 0.303596 0.010308 0.008703
34 0.255316 0.291841 0.015749 0.016164
34 0.432176 0.475180 0.016644 0.014457
34 0.423164 0.448900 0.010083 0.008401
34 0.424233 0.435222 0.016505 0.014850
34 0.429758 0.418076 0.016644 0.014557
34 0.398578 0.420812 0.016160 0.015338
34 0.405726 0.371231 0.006146 0.016022
34 0.429517 0.389013 0.020580 0.035757
34 0.426857 0.362196 0.016781 0.014166
34 0.425718 0.315789 0.016573 0.015141
34 0.436837 0.259352 0.021962 0.020556
34 0.408316 0.264548 0.028868 0.015435
34 0.398647 0.325608 0.016021 0.014848
34 0.362805 0.344219 0.015606 0.015534
34 0.356572 0.308072 0.008874 0.016315
34 0.426789 0.344610 0.016781 0.015141
34 0.651240 0.374025 0.015054 0.014360
34 0.632628 0.396495 0.006283 0.015925
34 0.445179 0.391912 0.006313 0.017635
34 0.508185 0.366982 0.028606 0.015474
34 0.522487 0.279667 0.017899 0.014694
34 0.554996 0.308773 0.006849 0.014583
34 0.490806 0.269662 0.014782 0.014355
34 0.490526 0.311260 0.014863 0.014808
34 0.470669 0.344325 0.016382 0.015147
34 0.461040 0.309000 0.016940 0.014357
34 0.612015 0.376371 0.005939 0.018270
34 0.565536 0.390634 0.006354 0.017683
34 0.591676 0.343887 0.016366 0.014848
34 0.559494 0.309205 0.015814 0.015047
34 0.536753 0.304858 0.017099 0.013973
34 0.554210 0.273987 0.028868 0.021590
34 0.652173 0.309010 0.016505 0.015238
34 0.683698 0.341543 0.016436 0.014263
34 0.658595 0.399037 0.006283 0.018074
34 0.830461 0.465452 0.016326 0.015600
34 0.805473 0.474062 0.015322 0.016207
34 0.846358 0.482569 0.013461 0.007697
34 0.753633 0.385534 0.006158 0.019447
34 0.647994 0.459822 0.014847 0.014166
34 0.856239 0.445801 0.010024 0.008712
34 0.826667 0.366492 0.017041 0.014585
34 0.822156 0.313212 0.010310 0.009319
34 0.800031 0.301158 0.017327 0.016002
34 0.803039 0.284345 0.013032 0.009521
34 0.785711 0.268036 0.017329 0.014990
34 0.829460 0.268240 0.016898 0.016612
34 0.856668 0.268847 0.017184 0.014588
34 0.874854 0.269151 0.015751 0.015600
34 0.857598 0.290321 0.016469 0.015398
34 0.875213 0.289916 0.015896 0.016207
34 0.875928 0.363351 0.016755 0.016814
34 0.728716 0.402551 0.017327 0.016204
34 0.726783 0.444484 0.016326 0.015398
34 0.766450 0.460388 0.016326 0.015600
34 0.771749 0.496143 0.015753 0.014993
34 0.771749 0.423619 0.015753 0.017828
34 0.779267 0.344309 0.015608 0.016005
34 0.779553 0.360211 0.015894 0.014990
34 0.798456 0.381785 0.012460 0.008307
34 0.802107 0.398195 0.040383 0.015192
34 0.802180 0.412680 0.028783 0.014987
34 0.825951 0.415110 0.014750 0.014990
34 0.841559 0.409437 0.015036 0.016207
34 0.838194 0.439218 0.015465 0.015802
34 0.882819 0.530403 0.004962 0.015825
34 0.894888 0.341025 0.029100 0.022887
34 0.897364 0.436559 0.016549 0.015420
34 0.896671 0.457883 0.014793 0.014124
34 0.882269 0.363521 0.003862 0.014258
34 0.894277 0.363585 0.017937 0.015172
34 0.926866 0.376337 0.018398 0.015563
34 0.972159 0.391314 0.024684 0.024326
34 0.905546 0.268504 0.015532 0.015435
34 0.905224 0.288775 0.015439 0.014648
34 0.962821 0.422374 0.047613 0.033873
34 0.720195 0.322937 0.016612 0.016612
34 0.720840 0.366897 0.017329 0.014990
34 0.108570 0.616355 0.016700 0.015036
34 0.152189 0.540040 0.016686 0.015435
34 0.114910 0.538527 0.015510 0.014830
34 0.133790 0.522789 0.010054 0.008472
34 0.095656 0.504944 0.016795 0.013594
34 0.068218 0.516274 0.026743 0.015420
34 0.945394 0.446374 0.039200 0.017524
34 0.945209 0.467300 0.038088 0.017786
34 0.911880 0.399290 0.017474 0.014648
34 0.898012 0.402757 0.006193 0.013733
34 0.888043 0.488029 0.015409 0.021582
34 0.916779 0.483126 0.017103 0.014648
34 0.161146 0.645237 0.025810 0.009042
34 0.161467 0.669426 0.018618 0.014469
34 0.160268 0.711983 0.017977 0.014580
34 0.162585 0.739396 0.018139 0.014015
34 0.145729 0.717183 0.005520 0.013226
34 0.099460 0.690393 0.016221 0.016842
34 0.095906 0.668521 0.016461 0.015372
34 0.116800 0.652019 0.005353 0.017182
34 0.104334 0.635684 0.016380 0.015261
34 0.220506 0.718975 0.017844 0.015432
34 0.223649 0.683206 0.017842 0.015304
34 0.235898 0.700077 0.005363 0.011901
34 0.244173 0.663719 0.017842 0.015041
34 0.255915 0.648025 0.004899 0.015041
34 0.189152 0.672048 0.005834 0.014696
34 0.186835 0.696181 0.008070 0.006897
34 0.183998 0.740718 0.004793 0.012095
34 0.183229 0.713420 0.014323 0.014015
34 0.294903 0.506617 0.005991 0.016939
34 0.197936 0.515389 0.017008 0.015133
34 0.206347 0.691285 0.005768 0.017258
34 0.342024 0.525148 0.027278 0.026785
34 0.499019 0.512408 0.017438 0.014528
34 0.436093 0.522311 0.029724 0.025101
34 0.435319 0.712911 0.018185 0.013619
34 0.341942 0.688502 0.005363 0.013864
34 0.324745 0.671827 0.005361 0.014517
34 0.322434 0.696285 0.008320 0.008239
34 0.317488 0.713548 0.018030 0.015304
34 0.318084 0.644166 0.017373 0.014124
34 0.298022 0.645408 0.023658 0.008501
34 0.296038 0.669081 0.018398 0.015038
34 0.295623 0.712633 0.018120 0.013993
34 0.298027 0.739379 0.018676 0.014648
34 0.319430 0.740359 0.005455 0.012425
34 0.281478 0.717079 0.005731 0.012687
34 0.270892 0.691379 0.017659 0.014648
34 0.255823 0.709755 0.006195 0.014779
34 0.436013 0.668802 0.018505 0.014679
34 0.421145 0.717528 0.004813 0.012257
34 0.437886 0.739470 0.018185 0.014072
34 0.459655 0.740227 0.004813 0.012559
34 0.457407 0.713669 0.018078 0.014223
34 0.462435 0.696342 0.008878 0.007110
34 0.464895 0.672432 0.005669 0.014377
34 0.457568 0.644286 0.018828 0.014072
34 0.528221 0.755056 0.031555 0.016193
34 0.522819 0.709962 0.004708 0.015888
34 0.506293 0.691651 0.018292 0.015586
34 0.510410 0.664337 0.018826 0.015133
34 0.523033 0.648145 0.005349 0.014528
34 0.483241 0.589431 0.016902 0.016646
34 0.682844 0.717315 0.005363 0.011508
34 0.603030 0.784514 0.015532 0.010909
34 0.664619 0.523096 0.029944 0.025417
34 0.569063 0.645356 0.022929 0.008239
34 0.591206 0.644506 0.018213 0.014386
34 0.598925 0.672234 0.005361 0.015429
34 0.730008 0.785560 0.008961 0.008817
34 0.468920 0.784792 0.015971 0.010353
34 0.387450 0.755056 0.029629 0.017099
34 0.384080 0.709279 0.005135 0.015133
34 0.367447 0.691500 0.018721 0.014981
34 0.371832 0.663428 0.018934 0.015133
34 0.384134 0.647388 0.005669 0.014526
34 0.435746 0.645724 0.022677 0.008170
34 0.635537 0.690610 0.018306 0.014779
34 0.651715 0.709573 0.004994 0.014517
34 0.656060 0.754367 0.029400 0.014907
34 0.651808 0.647776 0.005731 0.014389
34 0.640158 0.663277 0.018676 0.015309
34 0.701011 0.646036 0.022280 0.007848
34 0.699162 0.669055 0.018952 0.015170
34 0.696989 0.712476 0.018306 0.013861
34 0.700317 0.739484 0.018306 0.014517
34 0.570459 0.522781 0.029722 0.024788
34 0.852809 0.551884 0.016642 0.015304
34 0.844905 0.500852 0.010447 0.005409
34 0.842085 0.519055 0.017010 0.015038
34 0.808711 0.517472 0.017196 0.015041
34 0.771360 0.501369 0.012760 0.006443
34 0.734887 0.509436 0.005455 0.015446
34 0.706197 0.506084 0.003852 0.015873
34 0.570358 0.669159 0.018491 0.015566
34 0.569110 0.712777 0.018396 0.015170
34 0.555565 0.717223 0.005546 0.013602
34 0.572484 0.738937 0.019045 0.014380
34 0.593886 0.740046 0.005270 0.011901
34 0.591436 0.714020 0.018489 0.015038
34 0.596660 0.696364 0.008783 0.007455
34 0.621021 0.698260 0.005177 0.014127
34 0.722448 0.740725 0.005242 0.012411
34 0.719828 0.713864 0.017971 0.013468
34 0.725551 0.696471 0.008664 0.007401
34 0.727369 0.671646 0.005669 0.014981
34 0.721058 0.643961 0.018505 0.014363
34 0.751437 0.715000 0.005884 0.013317
34 0.794439 0.709628 0.005457 0.014377
34 0.777965 0.691394 0.018078 0.017555
34 0.781335 0.663626 0.018612 0.014981
34 0.794654 0.648492 0.005455 0.013770
34 0.727369 0.589628 0.015939 0.015888
34 0.768948 0.590339 0.016366 0.015133
34 0.877683 0.652609 0.017329 0.015888
34 0.852652 0.604716 0.016046 0.015133
34 0.877263 0.530566 0.016364 0.015825
34 0.425497 0.829902 0.016336 0.013414
34 0.409925 0.835825 0.009279 0.007831
34 0.329252 0.802254 0.015755 0.015492
34 0.239640 0.769366 0.022480 0.014406
34 0.259987 0.754420 0.029398 0.014397
34 0.284580 0.790294 0.010183 0.007883
34 0.119849 0.754896 0.037083 0.015349
34 0.148862 0.791518 0.008646 0.008427
34 0.192284 0.802119 0.013642 0.014406
34 0.896751 0.519278 0.016366 0.014828
34 0.966335 0.505232 0.021823 0.014169
34 0.897803 0.588206 0.019075 0.016942
34 0.347932 0.103591 0.016178 0.014910
34 0.298932 0.158391 0.037998 0.016743
34 0.268193 0.198085 0.031434 0.023671
34 0.288069 0.224307 0.016642 0.016743
34 0.281089 0.251119 0.016178 0.015694
34 0.295188 0.277211 0.006102 0.015825
34 0.252753 0.269691 0.015349 0.015694
34 0.255434 0.288015 0.015534 0.007612
34 0.220215 0.284417 0.015522 0.014808
34 0.235650 0.234051 0.005361 0.017392
34 0.211205 0.233397 0.016918 0.015304
34 0.192705 0.250465 0.011741 0.008891
34 0.192752 0.196973 0.012389 0.007848
34 0.210826 0.180037 0.015810 0.016871
34 0.332003 0.064954 0.017967 0.014434
34 0.798182 0.756322 0.029780 0.018202
34 0.731914 0.789206 0.015177 0.016036
34 0.078855 0.186077 0.043475 0.025104
33 0.396510 0.047982 0.013745 0.012328
33 0.429630 0.048260 0.013185 0.013112
33 0.462192 0.048034 0.013743 0.013565
33 0.585205 0.048292 0.013674 0.013579
33 0.696388 0.097875 0.009891 0.017917
33 0.609272 0.131379 0.013604 0.013873
33 0.609376 0.114137 0.013396 0.014166
33 0.537623 0.048095 0.013811 0.012405
33 0.876384 0.379698 0.008691 0.016740
33 0.894783 0.379494 0.008773 0.016634
33 0.885591 0.397015 0.008894 0.015369
33 0.111902 0.668329 0.013263 0.011869
33 0.198860 0.532479 0.010927 0.018712
33 0.229246 0.588889 0.012270 0.089769
33 0.499087 0.530940 0.013308 0.021653
33 0.808271 0.533153 0.009627 0.016344
33 0.878923 0.590279 0.017436 0.020730
21 0.150822 0.182669 0.006281 0.011037
21 0.335073 0.104600 0.006660 0.013730
21 0.357855 0.120818 0.007486 0.014329
21 0.397928 0.207565 0.007927 0.014018
21 0.607176 0.207116 0.007897 0.015856
21 0.267028 0.457327 0.006267 0.013354
21 0.202513 0.344648 0.006424 0.011166
21 0.230366 0.323226 0.007617 0.014283
21 0.318801 0.394594 0.006471 0.014808
21 0.352009 0.363096 0.007041 0.014269
21 0.459598 0.361096 0.006058 0.015061
21 0.435921 0.333443 0.005322 0.014540
21 0.581006 0.363173 0.006517 0.015061
21 0.641253 0.395580 0.006346 0.014813
21 0.673581 0.359307 0.006376 0.013770
21 0.717410 0.416660 0.006924 0.013286
21 0.764289 0.445252 0.012442 0.011901
21 0.768661 0.376907 0.007742 0.014600
21 0.915399 0.306341 0.006732 0.013896
21 0.142160 0.556335 0.006027 0.012568
21 0.125185 0.555718 0.006503 0.012006
21 0.852646 0.535871 0.006976 0.013371
21 0.908141 0.535316 0.007276 0.014412
15 0.264355 0.143213 0.016954 0.023673
14 0.733082 0.146508 0.009867 0.015358
14 0.842155 0.424900 0.009200 0.014474
13 0.405157 0.077622 0.014758 0.015922
13 0.470996 0.077615 0.014132 0.014107
13 0.438287 0.076945 0.014124 0.013970
13 0.546047 0.077712 0.014547 0.014272
13 0.593617 0.076961 0.014760 0.014571
6 0.342560 0.055091 0.003018 0.004363
6 0.208162 0.127562 0.003805 0.011037
6 0.244984 0.128236 0.005520 0.010767
6 0.382307 0.229231 0.003763 0.005192
6 0.387079 0.159383 0.004682 0.007789
6 0.702339 0.229302 0.003771 0.004850
6 0.803451 0.085162 0.002655 0.004956
6 0.202693 0.340295 0.003481 0.003736
6 0.298964 0.468366 0.004055 0.005195
6 0.197488 0.474947 0.003505 0.004434
6 0.421488 0.462625 0.003290 0.004600
6 0.480177 0.284866 0.003276 0.005201
6 0.602081 0.284478 0.004182 0.004654
6 0.695512 0.284712 0.003086 0.004848
6 0.617265 0.273471 0.005759 0.007273
6 0.716896 0.432184 0.002961 0.005030
6 0.708926 0.429335 0.003497 0.005195
6 0.814768 0.463235 0.003175 0.004999
6 0.766257 0.439497 0.003251 0.004654
6 0.358567 0.815410 0.003737 0.004996
6 0.639632 0.815651 0.003979 0.004058
5 0.745365 0.230011 0.006088 0.020809
5 0.903183 0.237176 0.013940 0.008008
5 0.266962 0.421956 0.014343 0.008695
5 0.238866 0.338867 0.014102 0.008347
5 0.271978 0.292967 0.017526 0.011308
5 0.267590 0.375492 0.014458 0.008321
5 0.409488 0.436036 0.014666 0.007552
5 0.536868 0.291845 0.004760 0.012474
5 0.756983 0.495276 0.014861 0.012115
5 0.119938 0.635291 0.014960 0.009481
5 0.259608 0.663319 0.015244 0.008883
5 0.239437 0.684317 0.014100 0.008886
5 0.527309 0.663185 0.014287 0.010769
5 0.388006 0.663049 0.015052 0.007808
5 0.655799 0.662780 0.013910 0.007806
5 0.798373 0.662512 0.014293 0.009960
4 0.210337 0.250868 0.012214 0.019838
4 0.211130 0.197590 0.011084 0.019518
4 0.647425 0.183881 0.013151 0.015611
4 0.771904 0.103357 0.014476 0.020479
4 0.792940 0.242868 0.012214 0.018561
4 0.158901 0.498990 0.011537 0.019182
4 0.295190 0.360627 0.013407 0.014329
4 0.210836 0.254296 0.009847 0.010445
4 0.505127 0.311157 0.013356 0.014392
4 0.830601 0.482982 0.012214 0.017917
4 0.784910 0.284756 0.011763 0.018239
4 0.115699 0.690298 0.014927 0.016959
4 0.158932 0.502893 0.010592 0.009490
3 0.167384 0.195992 0.011988 0.017598
3 0.167270 0.249907 0.012216 0.016640
3 0.647407 0.207511 0.014251 0.018880
3 0.726327 0.224149 0.013572 0.018239
3 0.827773 0.242548 0.012440 0.018558
3 0.924120 0.242598 0.011044 0.019456
3 0.148609 0.394028 0.011988 0.017917
3 0.166253 0.362351 0.011535 0.017920
3 0.267112 0.268437 0.014023 0.016321
3 0.295714 0.254035 0.014724 0.009923
3 0.504579 0.270836 0.012917 0.015358
3 0.828452 0.284595 0.011082 0.019838
3 0.825172 0.382347 0.012214 0.019524
3 0.885299 0.461606 0.009921 0.019456
3 0.885611 0.440087 0.010546 0.020636
3 0.914326 0.416211 0.012295 0.019456
3 0.161163 0.683579 0.010405 0.014397
3 0.095908 0.522310 0.011082 0.020157
3 0.332367 0.714138 0.014251 0.015999
3 0.296516 0.684380 0.009047 0.014078
3 0.196314 0.713658 0.013120 0.014400
3 0.235785 0.718937 0.014249 0.015361
3 0.255350 0.691260 0.014023 0.015680
3 0.522822 0.690939 0.013977 0.019518
3 0.472668 0.713977 0.012500 0.015038
3 0.436281 0.683899 0.011084 0.015680
3 0.383692 0.690299 0.013572 0.016318
3 0.571183 0.684060 0.009726 0.015358
3 0.606242 0.713498 0.013797 0.016640
3 0.652159 0.691258 0.015155 0.017598
3 0.699884 0.684060 0.010631 0.014081
3 0.794749 0.690939 0.015606 0.015677
3 0.735148 0.713658 0.014929 0.016959
3 0.916968 0.504021 0.009948 0.011747
2 0.191339 0.398668 0.011763 0.007999
2 0.191451 0.366830 0.011537 0.009601
1 0.225710 0.142103 0.011432 0.008424
1 0.299433 0.225671 0.005002 0.016512
1 0.634131 0.107868 0.011082 0.008960
1 0.722595 0.108316 0.011084 0.011200
1 0.946242 0.247703 0.011940 0.009610
1 0.314373 0.464260 0.006406 0.015856
1 0.409557 0.421218 0.005898 0.014850
1 0.636916 0.460003 0.005782 0.014050
1 0.709250 0.367757 0.006432 0.016176
0 0.150691 0.154189 0.003396 0.009159
0 0.150722 0.168561 0.003846 0.008886
0 0.125947 0.223662 0.006438 0.005295
0 0.103303 0.223450 0.006960 0.005930
0 0.313961 0.128527 0.004641 0.011012
0 0.342579 0.066157 0.003300 0.008786
0 0.226655 0.115349 0.009204 0.006537
0 0.358020 0.103334 0.003042 0.009233
0 0.397576 0.190135 0.003817 0.008683
0 0.607089 0.189748 0.003969 0.009573
0 0.734331 0.176988 0.006096 0.005141
0 0.749596 0.146535 0.005872 0.005141
0 0.803678 0.096127 0.002998 0.008527
0 0.716584 0.146456 0.006150 0.004905
0 0.902844 0.214897 0.005665 0.012930
0 0.175174 0.413936 0.003588 0.008076
0 0.134146 0.426751 0.003791 0.008937
0 0.134073 0.411761 0.003646 0.008681
0 0.127035 0.413678 0.003719 0.008324
0 0.175035 0.385999 0.003270 0.008795
0 0.126926 0.382244 0.003719 0.009396
0 0.103394 0.270570 0.007442 0.005033
0 0.125747 0.271026 0.006728 0.006133
0 0.099144 0.398918 0.010286 0.008604
0 0.111314 0.367894 0.010066 0.007911
0 0.230508 0.285477 0.004138 0.009570
0 0.318509 0.376087 0.003372 0.008202
0 0.299009 0.436793 0.005665 0.013517
0 0.267093 0.441914 0.003465 0.008860
0 0.218071 0.353401 0.003898 0.008068
0 0.207049 0.384392 0.003433 0.008122
0 0.181025 0.411773 0.003791 0.009040
0 0.180989 0.426761 0.003501 0.009293
0 0.197322 0.485933 0.003580 0.008464
0 0.230508 0.304185 0.003578 0.009493
0 0.341118 0.308478 0.005488 0.013531
0 0.351641 0.343740 0.003358 0.008683
0 0.415623 0.345181 0.003338 0.008783
0 0.421504 0.475402 0.003588 0.008393
0 0.440457 0.418366 0.005532 0.013842
0 0.522865 0.291016 0.009811 0.007589
0 0.436225 0.316540 0.003183 0.008475
0 0.409470 0.326404 0.004835 0.012579
0 0.449036 0.309148 0.005264 0.012408
0 0.459812 0.343980 0.003926 0.009276
0 0.415623 0.362283 0.003213 0.008475
0 0.673388 0.342220 0.003574 0.007860
0 0.663190 0.308876 0.004909 0.012257
0 0.641336 0.374109 0.003683 0.009245
0 0.580909 0.343863 0.003529 0.008820
0 0.570263 0.309312 0.005014 0.012764
0 0.761530 0.423723 0.003592 0.009117
0 0.768529 0.344674 0.003517 0.007951
0 0.768454 0.360087 0.003668 0.008683
0 0.856970 0.258159 0.006289 0.004987
0 0.875197 0.258212 0.006064 0.005093
0 0.857120 0.299828 0.006287 0.004882
0 0.875086 0.299721 0.006138 0.004246
0 0.826052 0.424855 0.006757 0.005269
0 0.837917 0.450095 0.006237 0.005514
0 0.815202 0.475835 0.003624 0.008968
0 0.717552 0.402385 0.003517 0.009011
0 0.716842 0.445007 0.003145 0.008481
0 0.858025 0.424775 0.005953 0.005492
0 0.709169 0.322965 0.006062 0.014497
0 0.776651 0.460261 0.003294 0.008472
0 0.915528 0.288428 0.003634 0.008262
0 0.926815 0.388408 0.010282 0.009025
0 0.915570 0.269363 0.003807 0.009037
0 0.125142 0.539474 0.004007 0.008632
0 0.119556 0.616852 0.005179 0.013591
0 0.171241 0.712485 0.004440 0.011029
0 0.141946 0.539372 0.003610 0.008529
0 0.182692 0.654295 0.006307 0.005494
0 0.306990 0.712803 0.004512 0.010621
0 0.319043 0.654483 0.006100 0.005922
0 0.457140 0.654547 0.006187 0.006016
0 0.446595 0.712982 0.003687 0.010160
0 0.591161 0.654386 0.005884 0.004850
0 0.580800 0.712914 0.004267 0.011225
0 0.866870 0.652496 0.003709 0.009074
0 0.721367 0.654282 0.006275 0.005583
0 0.708930 0.712858 0.004512 0.010214
0 0.867024 0.530382 0.003971 0.009490
0 0.852515 0.518833 0.003914 0.008860
0 0.852850 0.562457 0.006263 0.005141
0 0.852591 0.615497 0.006813 0.005386
0 0.907866 0.518490 0.003959 0.009433
0 0.162397 0.750040 0.007728 0.005637
0 0.298174 0.749933 0.007488 0.005423
0 0.425544 0.839973 0.009666 0.007110
0 0.438111 0.749976 0.007544 0.005463
0 0.401115 0.829855 0.005558 0.014494
0 0.401163 0.850091 0.006041 0.013673
0 0.496507 0.829558 0.006011 0.015304
0 0.572188 0.749922 0.007796 0.005400
0 0.700960 0.749866 0.007653 0.005289
