35 0.900664 0.472593 0.017818 0.010123
35 0.444830 0.059658 0.007855 0.025529
35 0.559299 0.088729 0.009887 0.030419
35 0.655449 0.249149 0.007623 0.025446
35 0.545244 0.088789 0.009976 0.030123
35 0.817676 0.245573 0.007141 0.024449
35 0.899504 0.244748 0.007724 0.025284
35 0.194603 0.387053 0.007905 0.025455
35 0.190602 0.263384 0.007732 0.025155
35 0.255548 0.260292 0.007844 0.022437
35 0.412257 0.494942 0.007838 0.020598
35 0.476088 0.439850 0.007276 0.025013
35 0.385121 0.499581 0.006918 0.025677
35 0.492127 0.439639 0.007800 0.025047
35 0.414012 0.439199 0.007266 0.025244
35 0.423139 0.439303 0.007317 0.025138
35 0.394573 0.439316 0.007329 0.025289
35 0.355372 0.453891 0.006473 0.025229
35 0.370387 0.453725 0.007486 0.024828
35 0.545423 0.427751 0.007901 0.024930
35 0.559313 0.427732 0.007853 0.024816
35 0.780759 0.463899 0.017808 0.009929
35 0.875026 0.461433 0.006998 0.024719
35 0.946378 0.349511 0.007893 0.025372
35 0.900559 0.461731 0.017637 0.010114
35 0.909246 0.349664 0.007649 0.025033
35 0.900763 0.450533 0.018272 0.010419
35 0.900945 0.483391 0.018340 0.010732
35 0.099667 0.546560 0.007697 0.024919
35 0.395265 0.509007 0.008173 0.021131
35 0.442281 0.684893 0.017746 0.010237
35 0.807997 0.720455 0.017649 0.009989
35 0.883498 0.591173 0.006320 0.025497
35 0.929828 0.721042 0.007883 0.025663
35 0.926897 0.591254 0.007705 0.026133
35 0.421957 0.784530 0.008092 0.025623
35 0.862290 0.758893 0.007941 0.023343
35 0.904809 0.758970 0.007712 0.023497
34 0.862113 0.791146 0.039029 0.039818
34 0.684943 0.854156 0.022415 0.016139
34 0.421886 0.804229 0.026209 0.014488
34 0.264037 0.854164 0.022280 0.016107
34 0.927231 0.694669 0.005558 0.014714
34 0.927889 0.621305 0.038227 0.034061
34 0.498124 0.222753 0.009649 0.007187
34 0.486386 0.206895 0.010060 0.007937
34 0.242877 0.240028 0.014081 0.015218
34 0.294571 0.240393 0.014424 0.015503
34 0.264037 0.125990 0.021120 0.016124
34 0.263923 0.144842 0.010199 0.007888
34 0.261365 0.229989 0.014321 0.012613
34 0.221735 0.188494 0.025216 0.011129
34 0.287840 0.188873 0.026849 0.011174
34 0.196504 0.234082 0.015151 0.013095
34 0.157294 0.493886 0.005981 0.015437
34 0.170859 0.421616 0.005937 0.014927
34 0.122367 0.306917 0.006124 0.017868
34 0.849183 0.188054 0.026763 0.010938
34 0.784892 0.188276 0.026541 0.011245
34 0.890304 0.215718 0.015068 0.013049
34 0.763333 0.239746 0.014506 0.015919
34 0.256138 0.275373 0.026765 0.008678
34 0.292419 0.427002 0.005878 0.015497
34 0.196066 0.402717 0.025032 0.009778
34 0.183543 0.348943 0.005574 0.014620
34 0.340755 0.430134 0.013590 0.013400
34 0.084422 0.460665 0.014803 0.016298
34 0.058866 0.488712 0.014412 0.013896
34 0.463969 0.369507 0.005923 0.015053
34 0.445888 0.369728 0.005890 0.014594
34 0.435995 0.294112 0.024871 0.006537
34 0.398921 0.332237 0.011001 0.007455
34 0.370200 0.471654 0.012593 0.012610
34 0.204728 0.335043 0.014803 0.013728
34 0.493999 0.459176 0.023090 0.014260
34 0.358987 0.357097 0.013525 0.013756
34 0.398273 0.488713 0.020397 0.020385
34 0.404144 0.442643 0.006313 0.014668
34 0.474005 0.458363 0.013046 0.012827
34 0.433386 0.427883 0.006112 0.014910
34 0.377251 0.369578 0.006025 0.013656
34 0.430281 0.368966 0.005973 0.014602
34 0.386079 0.320074 0.009720 0.007050
34 0.409672 0.315071 0.025475 0.007481
34 0.503854 0.360108 0.006418 0.013497
34 0.383664 0.305557 0.009988 0.007917
34 0.479786 0.348927 0.013719 0.013500
34 0.394278 0.458052 0.012560 0.013403
34 0.418437 0.458359 0.012889 0.012169
34 0.380040 0.431111 0.013775 0.013354
34 0.380854 0.404265 0.013763 0.013027
34 0.460884 0.412323 0.015383 0.013309
34 0.409993 0.357058 0.013874 0.013756
34 0.368170 0.491639 0.023576 0.014528
34 0.483114 0.379669 0.013985 0.013531
34 0.534842 0.379152 0.013278 0.013608
34 0.576431 0.358421 0.015723 0.013542
34 0.576231 0.332268 0.015246 0.013702
34 0.552690 0.444867 0.021424 0.008709
34 0.632988 0.388852 0.005858 0.013514
34 0.589434 0.393293 0.005278 0.015814
34 0.532542 0.332997 0.008678 0.013916
34 0.532496 0.358699 0.008586 0.013180
34 0.459038 0.299134 0.009361 0.006697
34 0.362320 0.395343 0.010888 0.007826
34 0.874953 0.480019 0.012963 0.013232
34 0.860637 0.434835 0.014061 0.012964
34 0.733645 0.472954 0.015377 0.012947
34 0.857214 0.477217 0.005395 0.014258
34 0.781089 0.452625 0.023487 0.014089
34 0.803366 0.373240 0.010379 0.007626
34 0.864967 0.411550 0.005353 0.014625
34 0.863153 0.394591 0.014303 0.013349
34 0.610832 0.398093 0.004581 0.014990
34 0.921172 0.369407 0.005318 0.014118
34 0.934770 0.407794 0.005850 0.015896
34 0.914067 0.465772 0.005540 0.013095
34 0.713620 0.312372 0.005641 0.015073
34 0.057913 0.510315 0.014291 0.016475
34 0.139116 0.558541 0.005604 0.014882
34 0.112768 0.520758 0.005947 0.014996
34 0.105101 0.601730 0.015077 0.013377
34 0.099485 0.566315 0.023934 0.013907
34 0.137026 0.689574 0.015054 0.013676
34 0.928245 0.510722 0.014899 0.013140
34 0.909051 0.368431 0.013276 0.013408
34 0.928332 0.531914 0.014807 0.013391
34 0.900059 0.260861 0.027323 0.008133
34 0.946578 0.368579 0.013334 0.013636
34 0.901371 0.432330 0.028298 0.026489
34 0.882803 0.427331 0.004929 0.014885
34 0.311459 0.688773 0.014952 0.013602
34 0.183580 0.600805 0.015000 0.014127
34 0.319009 0.575157 0.015197 0.012747
34 0.336245 0.688324 0.014762 0.013046
34 0.285074 0.607417 0.015344 0.013163
34 0.337207 0.508542 0.005856 0.014634
34 0.326177 0.526707 0.006090 0.014526
34 0.225967 0.651844 0.011551 0.007045
34 0.312609 0.624212 0.011757 0.007176
34 0.442499 0.673453 0.024035 0.014070
34 0.427134 0.554196 0.005441 0.013864
34 0.507287 0.670268 0.015091 0.014038
34 0.458579 0.725707 0.010224 0.007549
34 0.464975 0.583193 0.009869 0.020881
34 0.508349 0.707137 0.010006 0.007629
34 0.498861 0.582566 0.011243 0.022277
34 0.383567 0.715596 0.009760 0.006369
34 0.385186 0.604524 0.010868 0.072799
34 0.479033 0.582723 0.005685 0.021718
34 0.351021 0.574179 0.015258 0.013859
34 0.319526 0.608388 0.014877 0.013243
34 0.284690 0.574437 0.015197 0.013520
34 0.403964 0.528696 0.013632 0.012924
34 0.416380 0.546894 0.015403 0.014055
34 0.486538 0.529099 0.006110 0.015144
34 0.386167 0.693076 0.014672 0.012536
34 0.426577 0.606480 0.014706 0.013024
34 0.427694 0.526624 0.014382 0.012736
34 0.426557 0.583673 0.014529 0.013252
34 0.360642 0.516059 0.014128 0.013280
34 0.481010 0.691557 0.004934 0.012924
34 0.406568 0.610896 0.014394 0.012987
34 0.370271 0.692962 0.014696 0.012913
34 0.382944 0.527283 0.006336 0.015398
34 0.473566 0.669890 0.015173 0.013887
34 0.420709 0.512937 0.013787 0.013317
34 0.355409 0.574094 0.006535 0.014201
34 0.847029 0.582021 0.014875 0.012693
34 0.819163 0.684437 0.014909 0.013520
34 0.904791 0.532140 0.011529 0.013212
34 0.601777 0.510496 0.014702 0.013833
34 0.623220 0.510188 0.015244 0.013548
34 0.556288 0.561113 0.011775 0.008524
34 0.535211 0.583424 0.014015 0.012371
34 0.457060 0.622702 0.011674 0.008065
34 0.368293 0.611287 0.014450 0.012411
34 0.534939 0.605996 0.015014 0.012180
34 0.415273 0.680279 0.012214 0.008179
34 0.359851 0.538470 0.014343 0.013331
34 0.368554 0.639336 0.014891 0.012340
34 0.894800 0.688096 0.014849 0.013012
34 0.804117 0.634447 0.015244 0.012576
34 0.808262 0.709148 0.023568 0.014346
34 0.769123 0.715319 0.011912 0.007452
34 0.778191 0.525751 0.008135 0.007033
34 0.797954 0.555058 0.005066 0.013748
34 0.901994 0.731421 0.005741 0.014742
34 0.859774 0.731468 0.005729 0.014585
34 0.748189 0.505851 0.005620 0.015292
34 0.821712 0.646852 0.011479 0.007258
34 0.873885 0.547773 0.011589 0.007709
34 0.894930 0.710846 0.015071 0.013046
34 0.841580 0.532073 0.015199 0.013403
34 0.768602 0.733453 0.015399 0.014588
34 0.874468 0.531610 0.014887 0.013286
34 0.930437 0.743893 0.035967 0.021317
34 0.919143 0.674124 0.015244 0.014152
34 0.906654 0.510774 0.014267 0.013460
34 0.786922 0.549231 0.015298 0.012796
34 0.883888 0.621429 0.043110 0.034024
34 0.803555 0.510911 0.015014 0.014588
34 0.788154 0.588916 0.014603 0.013101
34 0.842210 0.510932 0.014702 0.013571
34 0.734216 0.513125 0.015089 0.012884
34 0.768559 0.750103 0.015445 0.016250
34 0.874677 0.510902 0.014833 0.013574
34 0.813637 0.585329 0.014760 0.013611
34 0.851999 0.687982 0.015119 0.013480
34 0.792298 0.526508 0.015083 0.012268
34 0.852229 0.710691 0.014865 0.013631
34 0.818354 0.261298 0.026861 0.007760
34 0.806891 0.234052 0.014510 0.012875
34 0.828859 0.239731 0.014043 0.015620
34 0.897137 0.188745 0.016857 0.009099
34 0.552740 0.068484 0.021450 0.009114
34 0.671674 0.271034 0.008022 0.008156
34 0.569101 0.219379 0.024603 0.010744
34 0.532486 0.189644 0.008562 0.013634
34 0.532024 0.166624 0.007617 0.013038
34 0.575928 0.189168 0.015111 0.013599
34 0.677614 0.251385 0.005518 0.014471
34 0.655128 0.268089 0.013104 0.013140
34 0.575944 0.165123 0.015357 0.013334
34 0.684893 0.127030 0.022671 0.015999
34 0.528357 0.166575 0.015058 0.013246
34 0.444647 0.079437 0.026531 0.014451
34 0.905293 0.792652 0.045288 0.041667
34 0.191513 0.279372 0.026998 0.008507
33 0.740817 0.485631 0.020115 0.013086
33 0.372632 0.538666 0.010876 0.013195
33 0.376413 0.516793 0.017476 0.013289
33 0.740472 0.526119 0.019680 0.013252
25 0.286983 0.189454 0.060159 0.061485
25 0.221437 0.189386 0.058564 0.061576
25 0.849051 0.188185 0.062667 0.061174
25 0.783581 0.188264 0.060296 0.061328
21 0.233800 0.253881 0.005361 0.009285
21 0.285239 0.254151 0.005679 0.009464
21 0.837978 0.253779 0.005538 0.009097
21 0.772904 0.253820 0.005852 0.009327
21 0.361386 0.706015 0.005085 0.006671
21 0.778774 0.762625 0.006154 0.008145
9 0.542733 0.189947 0.012303 0.016042
9 0.561988 0.189796 0.011660 0.016344
9 0.542596 0.332053 0.013318 0.017016
9 0.562357 0.331850 0.011600 0.015799
8 0.562255 0.167249 0.011767 0.016646
8 0.542519 0.166718 0.012516 0.015586
8 0.097599 0.461195 0.011313 0.013807
8 0.562573 0.358591 0.011454 0.017016
8 0.542739 0.359299 0.012460 0.016814
7 0.192261 0.336153 0.006876 0.011610
7 0.490326 0.348390 0.007764 0.012237
7 0.421786 0.357333 0.007319 0.011297
7 0.369216 0.356706 0.006878 0.011297
6 0.220262 0.089469 0.005342 0.007732
6 0.220737 0.101931 0.005270 0.005623
6 0.235807 0.099315 0.003789 0.008239
6 0.235807 0.091010 0.003975 0.006540
6 0.235853 0.081201 0.004067 0.006278
6 0.235899 0.071261 0.004160 0.006278
6 0.195152 0.036314 0.004853 0.006569
6 0.235879 0.109638 0.004365 0.006771
6 0.236295 0.062256 0.004811 0.007008
6 0.220043 0.064134 0.004809 0.006147
6 0.195082 0.049355 0.004067 0.006409
6 0.220737 0.051119 0.005270 0.006278
6 0.235344 0.042162 0.004529 0.006147
6 0.235760 0.052166 0.003882 0.007062
6 0.627977 0.221401 0.004492 0.004859
6 0.628244 0.207485 0.003531 0.004238
6 0.656557 0.110701 0.003755 0.006783
6 0.656757 0.101205 0.003517 0.006104
6 0.641336 0.103354 0.004315 0.005426
6 0.656996 0.092107 0.003674 0.006443
6 0.656917 0.082216 0.003515 0.005879
6 0.657116 0.072947 0.004075 0.006104
6 0.641415 0.065316 0.004635 0.005765
6 0.657156 0.063396 0.003836 0.005537
6 0.656836 0.053561 0.003995 0.007800
6 0.656757 0.043672 0.005274 0.007008
6 0.641241 0.052068 0.005359 0.007640
6 0.641530 0.090741 0.004845 0.007814
6 0.854106 0.266563 0.003993 0.006589
6 0.276060 0.289822 0.003328 0.005361
6 0.269866 0.281582 0.003697 0.004577
6 0.370590 0.405050 0.003316 0.004691
6 0.771718 0.289588 0.003956 0.005144
6 0.196681 0.737874 0.004623 0.007193
6 0.524542 0.622556 0.003318 0.005751
6 0.496890 0.635266 0.003852 0.006053
6 0.484000 0.635343 0.004172 0.006811
6 0.472233 0.622707 0.003959 0.005449
6 0.436452 0.622556 0.004279 0.006959
6 0.507002 0.623189 0.003296 0.005489
6 0.489161 0.622989 0.003564 0.006195
6 0.235813 0.779592 0.004325 0.007250
6 0.196678 0.750955 0.006148 0.007467
6 0.220311 0.779015 0.005381 0.007338
6 0.220237 0.817488 0.004724 0.006233
6 0.220558 0.829950 0.005205 0.006005
6 0.235973 0.837314 0.004964 0.007139
6 0.235893 0.827628 0.004966 0.007253
6 0.235973 0.818904 0.004807 0.006569
6 0.236173 0.809558 0.005046 0.008042
6 0.236293 0.799815 0.004645 0.007364
6 0.236173 0.789902 0.004724 0.006797
6 0.235973 0.770473 0.004484 0.006686
6 0.220757 0.792169 0.004323 0.005665
6 0.641520 0.792123 0.005465 0.005506
6 0.656763 0.780457 0.005004 0.007076
6 0.657458 0.790484 0.004355 0.007472
6 0.657504 0.799858 0.004263 0.006555
6 0.657226 0.809426 0.005004 0.007076
6 0.657365 0.819060 0.004541 0.006948
6 0.656948 0.828105 0.005004 0.006948
6 0.641659 0.817814 0.005187 0.005768
6 0.641381 0.829744 0.005187 0.005768
6 0.656763 0.837476 0.004448 0.007338
6 0.641798 0.779212 0.005651 0.006683
6 0.657179 0.771020 0.004539 0.007603
5 0.205450 0.243108 0.004373 0.010593
5 0.270005 0.238890 0.004623 0.011510
5 0.877119 0.225238 0.005367 0.012123
5 0.796792 0.225660 0.004921 0.012408
5 0.435857 0.302548 0.004253 0.010596
5 0.410029 0.324437 0.005191 0.011679
5 0.680131 0.271399 0.008247 0.006811
5 0.737329 0.368655 0.008558 0.007113
5 0.736617 0.377419 0.004986 0.011254
5 0.923843 0.347246 0.008882 0.007070
5 0.427585 0.538156 0.004073 0.011302
5 0.777619 0.535274 0.004621 0.010462
4 0.071009 0.510908 0.011741 0.013209
3 0.071676 0.489003 0.010770 0.014352
3 0.352409 0.430728 0.010189 0.014953
3 0.392408 0.406244 0.009954 0.014984
3 0.473894 0.411881 0.010766 0.014791
3 0.367977 0.430918 0.010757 0.014910
3 0.872721 0.435207 0.010780 0.014785
3 0.409007 0.512893 0.010548 0.013001
3 0.368845 0.652766 0.010312 0.014229
3 0.392760 0.528495 0.010290 0.014443
3 0.406637 0.624316 0.010570 0.014457
3 0.417385 0.562402 0.011225 0.016455
3 0.368390 0.625051 0.010629 0.014223
3 0.847027 0.595688 0.010081 0.014357
3 0.826611 0.584866 0.010453 0.014343
3 0.804434 0.648095 0.010185 0.014793
3 0.832542 0.684122 0.010782 0.014999
3 0.785867 0.562511 0.010651 0.014813
1 0.524762 0.378444 0.004319 0.010373
1 0.492129 0.378756 0.004355 0.010097
1 0.294977 0.607692 0.005332 0.014802
1 0.329398 0.608156 0.005286 0.015104
1 0.436285 0.606036 0.005218 0.014899
1 0.524593 0.605852 0.005342 0.015004
1 0.862148 0.688152 0.005574 0.014902
1 0.852307 0.531771 0.005624 0.014987
1 0.937914 0.531857 0.005590 0.014588
1 0.916761 0.532231 0.005451 0.015024
1 0.904477 0.688262 0.005469 0.014773
1 0.885041 0.531569 0.006211 0.015375
0 0.196067 0.243574 0.007069 0.005563
0 0.261050 0.239357 0.006869 0.005731
0 0.234009 0.239872 0.003433 0.009359
0 0.285411 0.240133 0.003473 0.009704
0 0.806705 0.225268 0.006630 0.005480
0 0.773115 0.239944 0.003612 0.009521
0 0.838162 0.239983 0.003648 0.009353
0 0.890646 0.225255 0.006646 0.005529
0 0.115334 0.600747 0.005697 0.015247
0 0.173987 0.601047 0.005330 0.014429
0 0.147461 0.689041 0.005373 0.014822
0 0.340758 0.573957 0.005792 0.014645
0 0.294949 0.574178 0.005473 0.014905
0 0.329464 0.574873 0.005733 0.014882
0 0.321666 0.688331 0.005645 0.014976
0 0.346071 0.688567 0.005494 0.015001
0 0.467184 0.517528 0.005862 0.015078
0 0.507080 0.582883 0.005465 0.014457
0 0.370123 0.701406 0.006624 0.004830
0 0.448973 0.517555 0.005338 0.015133
0 0.489405 0.583072 0.005207 0.014830
0 0.524585 0.582803 0.005467 0.015204
0 0.436216 0.583314 0.005514 0.014762
0 0.386275 0.701358 0.006334 0.004751
0 0.472277 0.583007 0.005731 0.014836
0 0.496785 0.669980 0.005608 0.014996
0 0.484030 0.669964 0.005494 0.015204
0 0.612907 0.510048 0.005749 0.014779
0 0.591870 0.510219 0.005731 0.014716
0 0.862428 0.710406 0.005598 0.014833
0 0.788524 0.599540 0.010562 0.008233
0 0.852399 0.510613 0.005580 0.014785
0 0.813578 0.510681 0.005318 0.014808
0 0.792453 0.535378 0.007500 0.005757
0 0.778572 0.732921 0.003666 0.009211
0 0.937927 0.510576 0.005560 0.014842
0 0.885057 0.510708 0.005562 0.014953
0 0.916644 0.510959 0.005496 0.015152
0 0.929864 0.673549 0.005558 0.014771
0 0.904809 0.710342 0.005270 0.014705
0 0.778600 0.750688 0.003477 0.006934
34 0.932354 0.347794 0.008133 0.008002
7 0.873488 0.397308 0.007423 0.010502
34 0.750807 0.606245 0.009192 0.079273
25 0.552201 0.220382 0.070179 0.053263
34 0.144364 0.721087 0.006626 0.019752
3 0.097548 0.500325 0.010935 0.015754
34 0.441235 0.516362 0.011084 0.023839
34 0.085659 0.500442 0.014247 0.015816
34 0.354004 0.471669 0.012963 0.012274
34 0.459763 0.517169 0.011416 0.025748
