34 0.744447 0.339015 0.021110 0.018549
34 0.782345 0.466691 0.022679 0.018267
34 0.838106 0.339349 0.020882 0.017808
34 0.782052 0.484806 0.022738 0.017176
34 0.727366 0.466351 0.025763 0.018686
34 0.868936 0.339045 0.021253 0.018302
34 0.776257 0.339023 0.021233 0.018170
34 0.836380 0.404830 0.024682 0.018421
34 0.559648 0.280114 0.025663 0.018079
34 0.664054 0.333903 0.024700 0.018903
34 0.672976 0.279654 0.025155 0.018453
34 0.553676 0.490003 0.015975 0.010721
34 0.601964 0.333923 0.024702 0.019222
34 0.615681 0.267066 0.034903 0.017062
34 0.520679 0.280047 0.025721 0.017962
34 0.512077 0.332840 0.024420 0.018675
34 0.364264 0.279726 0.024257 0.018609
34 0.359306 0.333036 0.014341 0.019775
34 0.677920 0.615077 0.024950 0.017449
34 0.653080 0.614880 0.023078 0.017786
34 0.520950 0.363978 0.013898 0.010368
34 0.578954 0.614772 0.023002 0.017808
34 0.408618 0.280305 0.024936 0.017823
34 0.616168 0.712773 0.036056 0.030305
34 0.449578 0.334600 0.024486 0.019088
34 0.463560 0.268551 0.034456 0.015164
34 0.305928 0.268669 0.034035 0.015098
34 0.211200 0.363638 0.013906 0.010787
34 0.202403 0.332653 0.022981 0.018581
34 0.291986 0.333431 0.023135 0.018700
34 0.212004 0.280188 0.023815 0.017920
34 0.250999 0.279930 0.025201 0.017860
34 0.314114 0.490157 0.015427 0.010789
34 0.154206 0.267791 0.033364 0.017789
34 0.099149 0.279602 0.024031 0.017894
34 0.775371 0.243046 0.021180 0.017834
34 0.139849 0.333427 0.022881 0.019222
34 0.868344 0.243106 0.021201 0.018113
0 0.366964 0.627311 0.009577 0.008034
0 0.215757 0.627231 0.009811 0.008199
0 0.193611 0.627314 0.009627 0.007908
35 0.959212 0.369926 0.023292 0.017971
35 0.813365 0.496854 0.023483 0.018558
0 0.345146 0.627328 0.009394 0.007880
0 0.271845 0.627347 0.009601 0.007723
0 0.248106 0.627405 0.009621 0.007846
0 0.095447 0.627335 0.009730 0.008048
0 0.120426 0.627297 0.009490 0.008045
0 0.884332 0.339889 0.007988 0.023044
0 0.767862 0.484984 0.005433 0.013331
0 0.767800 0.468474 0.005580 0.013750
0 0.524542 0.627280 0.009784 0.008068
0 0.790958 0.339852 0.009253 0.023021
0 0.821809 0.339594 0.009295 0.023588
0 0.759915 0.339634 0.009577 0.023622
0 0.852740 0.339588 0.009456 0.023913
0 0.646845 0.333175 0.009754 0.023796
0 0.584912 0.333212 0.009305 0.023893
0 0.495465 0.333230 0.009601 0.023770
0 0.433563 0.333200 0.009434 0.023881
0 0.186303 0.333142 0.009464 0.023930
0 0.337646 0.333092 0.009647 0.024104
0 0.276006 0.333216 0.009539 0.023691
0 0.124390 0.333143 0.009279 0.023956
0 0.884315 0.243079 0.007953 0.023793
0 0.759908 0.243172 0.009797 0.023283
0 0.852699 0.242910 0.009448 0.023824
0 0.790882 0.242924 0.009182 0.023334
0 0.821813 0.242903 0.009376 0.023651
3 0.925263 0.361847 0.017536 0.027524
3 0.726356 0.488810 0.017337 0.026899
4 0.635384 0.570621 0.016739 0.024030
4 0.589673 0.570802 0.017141 0.024027
4 0.438171 0.570859 0.016732 0.024084
4 0.484214 0.570750 0.017377 0.023927
4 0.327798 0.570664 0.016902 0.023750
4 0.281944 0.570804 0.016394 0.023933
34 0.745389 0.243396 0.021636 0.018589
34 0.756206 0.220161 0.006622 0.018270
34 0.818141 0.220111 0.006672 0.017823
34 0.837973 0.243004 0.021160 0.018148
34 0.550262 0.162060 0.013787 0.011428
34 0.787188 0.220247 0.006454 0.017769
34 0.848930 0.220235 0.006600 0.017940
34 0.806925 0.243317 0.020961 0.018125
34 0.807103 0.172384 0.024654 0.019484
34 0.589110 0.106502 0.013618 0.009236
34 0.642908 0.201009 0.007109 0.018056
34 0.561567 0.221482 0.025947 0.018370
34 0.581351 0.200861 0.006751 0.018199
34 0.625833 0.135956 0.020083 0.016780
34 0.671925 0.222240 0.025542 0.018729
4 0.130784 0.570805 0.016539 0.023964
4 0.176284 0.570769 0.016489 0.023853
6 0.689596 0.621414 0.004091 0.005791
6 0.536988 0.621414 0.003610 0.005107
6 0.543729 0.621414 0.003610 0.005107
34 0.362943 0.222320 0.023227 0.018957
2 0.709720 0.111858 0.017023 0.010898
34 0.709288 0.153816 0.022323 0.018393
34 0.709530 0.096056 0.021154 0.017521
25 0.155978 0.269154 0.085691 0.076637
25 0.306892 0.268743 0.086894 0.074734
25 0.464425 0.267858 0.084970 0.077865
25 0.616061 0.267429 0.085212 0.080085
22 0.883597 0.289339 0.024551 0.032836
6 0.380202 0.621505 0.003813 0.004685
6 0.392372 0.621305 0.003261 0.004132
6 0.236755 0.621569 0.003263 0.005275
6 0.229607 0.621130 0.003884 0.004836
6 0.084303 0.621111 0.003626 0.005318
6 0.767661 0.458250 0.003360 0.004394
6 0.730869 0.139270 0.005054 0.005791
21 0.682315 0.537288 0.006696 0.010348
21 0.661841 0.395433 0.010439 0.015329
21 0.352626 0.395325 0.009869 0.015665
22 0.821976 0.288062 0.027442 0.034734
22 0.853027 0.287723 0.025997 0.032009
22 0.790925 0.288062 0.025032 0.033371
22 0.760114 0.289255 0.024071 0.032348
33 0.836221 0.382948 0.013642 0.025161
33 0.564128 0.298099 0.020580 0.017891
34 0.554674 0.614805 0.023799 0.017737
34 0.588961 0.537068 0.006724 0.019037
34 0.697751 0.526309 0.023161 0.017435
34 0.570697 0.570389 0.023139 0.018492
34 0.698476 0.507182 0.024728 0.017646
34 0.654631 0.571382 0.022901 0.018359
34 0.634823 0.537917 0.007176 0.019538
34 0.504169 0.570111 0.023439 0.018700
34 0.500992 0.614994 0.023213 0.017677
34 0.403071 0.615278 0.025357 0.017794
34 0.879854 0.220218 0.006412 0.018122
34 0.427688 0.615242 0.023165 0.017712
34 0.417819 0.570457 0.023040 0.018834
34 0.437037 0.537122 0.007288 0.019054
34 0.525429 0.614628 0.024170 0.017327
34 0.483394 0.537485 0.006970 0.019051
34 0.366264 0.614768 0.027202 0.017504
34 0.464004 0.712746 0.034962 0.030758
34 0.271784 0.615272 0.023076 0.017618
34 0.261565 0.570147 0.023622 0.018817
34 0.346811 0.571426 0.023026 0.017865
34 0.195505 0.571331 0.023346 0.017942
34 0.327108 0.536895 0.007053 0.019307
34 0.217233 0.614638 0.023672 0.018219
33 0.667863 0.298138 0.020725 0.018304
33 0.360734 0.298015 0.016972 0.018367
33 0.412990 0.298125 0.021092 0.017783
33 0.516322 0.298179 0.021317 0.018416
33 0.255370 0.298038 0.021066 0.017655
33 0.207369 0.297964 0.020798 0.017894
33 0.103952 0.297833 0.021027 0.017506
33 0.806809 0.196080 0.012748 0.022790
33 0.625995 0.156724 0.012119 0.022630
33 0.667955 0.240799 0.020584 0.018128
33 0.564231 0.240825 0.020695 0.018339
33 0.516323 0.241096 0.021432 0.018253
34 0.429538 0.201205 0.006541 0.018718
34 0.410285 0.221461 0.025586 0.018492
34 0.490978 0.201077 0.007089 0.018074
34 0.520508 0.222223 0.026213 0.018928
34 0.182453 0.201411 0.006380 0.018336
34 0.272319 0.201026 0.005987 0.017931
34 0.217652 0.162260 0.013870 0.010795
34 0.333651 0.201337 0.006654 0.018472
34 0.210823 0.222294 0.024523 0.018678
34 0.304521 0.135356 0.019371 0.017045
2 0.709148 0.167873 0.016724 0.011237
34 0.252835 0.221349 0.025679 0.018259
34 0.100507 0.221476 0.024821 0.018472
34 0.120523 0.201760 0.007178 0.018259
33 0.360769 0.240987 0.017065 0.018316
33 0.413005 0.240795 0.021114 0.018091
33 0.255306 0.240861 0.021023 0.018091
33 0.207263 0.241012 0.021090 0.018170
34 0.344670 0.614957 0.022583 0.017176
34 0.193343 0.614726 0.023145 0.017256
34 0.247054 0.615938 0.025071 0.018190
34 0.281255 0.536572 0.007482 0.019362
33 0.304691 0.156671 0.012250 0.022958
33 0.103764 0.240839 0.020989 0.018213
34 0.308044 0.713011 0.034907 0.030057
34 0.156100 0.712856 0.033578 0.030453
34 0.129663 0.537686 0.006892 0.019293
34 0.176102 0.537640 0.007172 0.019316
34 0.111019 0.570613 0.021886 0.018683
34 0.095033 0.615101 0.024446 0.017572
34 0.120247 0.615090 0.021706 0.017287
34 0.960444 0.354674 0.028390 0.011337
34 0.904483 0.364115 0.012975 0.008977
34 0.925059 0.339199 0.022081 0.018472
34 0.814567 0.482291 0.030270 0.011679
34 0.848571 0.317404 0.006751 0.018136
34 0.879571 0.317481 0.006886 0.018205
34 0.817442 0.317509 0.006849 0.018279
34 0.786700 0.317457 0.006801 0.018270
34 0.839758 0.270626 0.021583 0.017820
34 0.755859 0.316750 0.006763 0.018777
34 0.745533 0.270717 0.022029 0.018219
34 0.807689 0.270627 0.021483 0.018034
34 0.870820 0.270181 0.021612 0.017558
34 0.776674 0.270720 0.023739 0.017877
34 0.807630 0.339078 0.021191 0.018333
0 0.555266 0.627378 0.009589 0.008048
0 0.682368 0.524241 0.005635 0.013445
0 0.682348 0.508039 0.005598 0.013628
0 0.579487 0.627344 0.009402 0.007911
0 0.652507 0.627323 0.009490 0.007920
0 0.677062 0.627281 0.009631 0.007940
0 0.501235 0.627293 0.009944 0.008042
0 0.404185 0.627417 0.009398 0.007771
0 0.428032 0.627394 0.009299 0.007766
