34 0.314290 0.494447 0.021815 0.016617
34 0.121266 0.250117 0.025425 0.017076
34 0.182874 0.214498 0.037303 0.017786
33 0.080061 0.749712 0.012528 0.014329
34 0.936613 0.750598 0.026126 0.018780
34 0.363715 0.663309 0.041128 0.027313
34 0.524790 0.476203 0.022458 0.015033
34 0.188528 0.252499 0.005751 0.010841
5 0.323179 0.705584 0.008372 0.009960
5 0.194250 0.706797 0.008564 0.009154
5 0.192752 0.505519 0.007857 0.008632
5 0.129507 0.707065 0.007802 0.009154
5 0.386294 0.469164 0.008963 0.009960
5 0.366407 0.478048 0.006110 0.012653
5 0.312141 0.477779 0.007994 0.012115
5 0.297393 0.469838 0.008183 0.009154
5 0.548764 0.239742 0.008753 0.009960
5 0.365932 0.211072 0.007061 0.010767
5 0.385637 0.201919 0.009134 0.009692
5 0.473936 0.239742 0.008372 0.011037
5 0.296726 0.202457 0.008372 0.008076
5 0.191871 0.237992 0.008372 0.009692
5 0.266618 0.237662 0.009339 0.012451
5 0.311094 0.210667 0.006660 0.011576
6 0.121582 0.837563 0.003407 0.004320
6 0.948963 0.689788 0.003098 0.003577
6 0.665983 0.489389 0.003022 0.003787
6 0.614290 0.469282 0.002766 0.004491
6 0.607249 0.470115 0.002613 0.005286
6 0.140724 0.383812 0.004249 0.005007
6 0.665249 0.222078 0.003000 0.003921
6 0.139942 0.068085 0.002921 0.003933
21 0.952220 0.838165 0.005830 0.012038
21 0.923937 0.856667 0.006618 0.011146
21 0.118973 0.764923 0.007115 0.010667
21 0.948946 0.693099 0.006559 0.011009
21 0.148443 0.564117 0.007232 0.011305
21 0.076510 0.725911 0.007230 0.011308
21 0.731850 0.395100 0.006372 0.011083
21 0.760595 0.387494 0.006328 0.010519
21 0.666108 0.492364 0.007115 0.010815
21 0.144706 0.297029 0.006346 0.011334
21 0.731478 0.127642 0.006170 0.010279
21 0.759789 0.136854 0.006855 0.011445
21 0.665493 0.225162 0.006424 0.010433
34 0.099531 0.258038 0.008691 0.008501
34 0.952921 0.858227 0.040923 0.025831
34 0.920808 0.827978 0.005846 0.014275
34 0.909195 0.844689 0.024265 0.016879
34 0.719031 0.753537 0.025572 0.012630
34 0.794550 0.754761 0.025171 0.015078
34 0.873230 0.812922 0.010759 0.009379
34 0.372561 0.206193 0.007581 0.007717
34 0.380739 0.245821 0.003227 0.013471
34 0.369510 0.229343 0.022188 0.016349
34 0.342099 0.243075 0.036334 0.016347
34 0.293238 0.247457 0.006287 0.013340
34 0.263237 0.252492 0.005826 0.012947
34 0.274054 0.238497 0.007303 0.008763
34 0.313392 0.227707 0.022188 0.016218
34 0.317552 0.206129 0.006285 0.008632
34 0.310202 0.195142 0.022834 0.015170
34 0.293145 0.194421 0.006841 0.008501
34 0.307753 0.163819 0.023112 0.016871
34 0.307892 0.145312 0.023205 0.015435
34 0.274747 0.164081 0.023298 0.017133
34 0.274193 0.145509 0.023668 0.018182
34 0.248029 0.151656 0.023298 0.017920
34 0.715537 0.707086 0.022532 0.019974
34 0.744864 0.644216 0.024176 0.019769
34 0.758948 0.619114 0.040371 0.022280
34 0.901790 0.620056 0.038817 0.021650
34 0.971852 0.695801 0.023483 0.018441
34 0.954611 0.713719 0.005641 0.014255
34 0.934965 0.725228 0.009615 0.010068
34 0.932237 0.707311 0.023020 0.018441
34 0.889344 0.644216 0.018012 0.019769
34 0.896874 0.705610 0.007581 0.008239
34 0.885411 0.720128 0.006471 0.012425
34 0.065765 0.799306 0.019921 0.018219
34 0.087031 0.884704 0.037063 0.023069
34 0.636438 0.663520 0.041398 0.025574
34 0.671439 0.513467 0.005562 0.013317
34 0.604294 0.651717 0.024817 0.017404
34 0.860538 0.750435 0.024843 0.020710
34 0.822572 0.705769 0.008024 0.008472
34 0.857893 0.708145 0.024283 0.018159
34 0.826391 0.620378 0.038080 0.020579
34 0.812270 0.643909 0.023106 0.017102
34 0.810880 0.720251 0.005778 0.012408
34 0.743489 0.719494 0.005991 0.013015
34 0.755202 0.704816 0.007597 0.009382
34 0.790665 0.710037 0.023956 0.018313
34 0.679876 0.706186 0.007210 0.009288
34 0.643127 0.749410 0.023759 0.017264
34 0.573648 0.750255 0.024593 0.017643
34 0.592588 0.720439 0.006311 0.012955
34 0.604469 0.705732 0.007303 0.009453
34 0.639242 0.525497 0.009414 0.008321
34 0.669278 0.646419 0.025353 0.018310
34 0.683505 0.621376 0.037546 0.017253
34 0.639914 0.708689 0.024390 0.018159
34 0.535031 0.705285 0.007810 0.009835
34 0.593726 0.518839 0.006311 0.012559
34 0.588859 0.505373 0.007274 0.008632
34 0.570758 0.708615 0.023427 0.016495
34 0.546000 0.519330 0.005989 0.014118
34 0.467701 0.506622 0.008207 0.009413
34 0.523455 0.719336 0.005818 0.011907
34 0.471472 0.519017 0.006432 0.012864
34 0.382858 0.515564 0.006211 0.016002
34 0.535027 0.651140 0.023515 0.016284
34 0.467636 0.706381 0.007798 0.008755
34 0.467203 0.651139 0.024752 0.018384
34 0.506518 0.750276 0.025066 0.016632
34 0.557891 0.506654 0.006954 0.007267
34 0.567817 0.662310 0.042359 0.024363
34 0.667765 0.720311 0.006102 0.012163
34 0.190893 0.720624 0.006287 0.011770
34 0.255156 0.720886 0.006287 0.012818
34 0.241234 0.750509 0.023020 0.017655
34 0.275284 0.505690 0.007305 0.008894
34 0.502790 0.709533 0.023630 0.019259
34 0.499630 0.662609 0.042081 0.024511
34 0.370602 0.750415 0.024384 0.019786
34 0.399997 0.706555 0.007427 0.010157
34 0.388363 0.719949 0.005941 0.012431
34 0.366890 0.709269 0.023392 0.019085
34 0.389786 0.639409 0.024134 0.017335
34 0.438489 0.750765 0.023268 0.017683
34 0.435395 0.708656 0.023268 0.017860
34 0.455383 0.720212 0.006064 0.014708
34 0.403896 0.620237 0.037748 0.018558
34 0.319818 0.720296 0.005639 0.012163
34 0.331559 0.705322 0.007490 0.010199
34 0.331013 0.651308 0.024130 0.017526
34 0.207345 0.620683 0.040592 0.021650
34 0.192150 0.644688 0.024398 0.018826
34 0.189045 0.519174 0.005322 0.013178
34 0.185310 0.505715 0.007027 0.010593
34 0.263404 0.519225 0.006473 0.011901
34 0.293913 0.516415 0.006287 0.012294
34 0.302580 0.708918 0.023862 0.018703
34 0.238331 0.708461 0.023483 0.017002
34 0.238654 0.726183 0.008598 0.007977
34 0.202404 0.706042 0.007859 0.008242
34 0.125481 0.720624 0.006285 0.012425
34 0.173029 0.709075 0.023483 0.018179
34 0.133275 0.753347 0.023483 0.015956
34 0.115941 0.740858 0.005641 0.012425
34 0.105540 0.718492 0.023666 0.016084
34 0.063057 0.750732 0.019877 0.019618
34 0.266944 0.705584 0.007119 0.008894
34 0.342819 0.511378 0.036980 0.017917
34 0.314669 0.500415 0.017842 0.004534
34 0.271452 0.621362 0.039073 0.016728
34 0.257110 0.644082 0.024611 0.017860
34 0.305118 0.749855 0.023576 0.018963
34 0.761452 0.406362 0.041849 0.026181
34 0.717702 0.383786 0.022996 0.016805
34 0.061348 0.715288 0.022188 0.017786
34 0.073280 0.699307 0.005665 0.015133
34 0.082797 0.618803 0.006311 0.015737
34 0.145238 0.540294 0.006152 0.012095
34 0.162097 0.552952 0.022293 0.018199
34 0.139331 0.620922 0.037869 0.018464
34 0.127993 0.644377 0.023749 0.019367
34 0.121626 0.518193 0.022853 0.016728
34 0.099413 0.525711 0.009430 0.008025
34 0.176009 0.751218 0.023956 0.019769
34 0.594196 0.445329 0.048022 0.026788
34 0.641600 0.429573 0.021535 0.016632
34 0.658939 0.360939 0.008910 0.007880
34 0.637391 0.463453 0.022276 0.016458
34 0.612885 0.495580 0.022526 0.016985
34 0.602289 0.258019 0.009539 0.010670
34 0.689084 0.495184 0.022649 0.015172
34 0.373257 0.473457 0.007111 0.008139
34 0.370021 0.494312 0.021573 0.015258
34 0.530462 0.421267 0.022133 0.016389
34 0.528544 0.494853 0.036837 0.017521
34 0.470941 0.461983 0.021253 0.017749
34 0.410774 0.431067 0.021894 0.016731
34 0.413689 0.414112 0.021974 0.016278
34 0.375056 0.432028 0.021894 0.016389
34 0.376894 0.413320 0.021575 0.016728
34 0.545684 0.253699 0.005993 0.009250
34 0.471053 0.253643 0.005675 0.009139
34 0.311250 0.461723 0.022621 0.014469
34 0.293794 0.461837 0.007033 0.007914
34 0.246171 0.492922 0.035639 0.017182
34 0.242896 0.474610 0.023012 0.016053
34 0.474617 0.417673 0.022373 0.015939
34 0.471780 0.437454 0.022931 0.016617
34 0.465987 0.482781 0.036116 0.016842
34 0.391556 0.460174 0.007270 0.008253
34 0.372539 0.461305 0.022133 0.015036
34 0.248938 0.420620 0.022357 0.017250
34 0.276575 0.431486 0.021334 0.016617
34 0.276575 0.412891 0.021974 0.016954
34 0.309215 0.430920 0.022532 0.016392
34 0.309056 0.411988 0.022532 0.015825
34 0.341218 0.435556 0.022452 0.024756
34 0.245302 0.443529 0.022571 0.018008
34 0.318725 0.474044 0.006712 0.008139
34 0.188801 0.435977 0.022651 0.015956
34 0.188710 0.460433 0.023390 0.017264
34 0.184317 0.481228 0.036241 0.017789
34 0.082976 0.377635 0.005913 0.014129
34 0.163432 0.341007 0.022786 0.018008
34 0.146103 0.353417 0.006098 0.012864
34 0.190438 0.411083 0.021654 0.017635
34 0.670839 0.246935 0.005941 0.012308
34 0.717268 0.115992 0.024851 0.016389
34 0.557167 0.239510 0.007182 0.008595
34 0.761581 0.156576 0.041241 0.025526
34 0.141790 0.272193 0.005453 0.012947
34 0.158800 0.284617 0.023390 0.015041
34 0.381759 0.245499 0.006309 0.013163
34 0.390530 0.192459 0.007381 0.009684
34 0.474395 0.149786 0.023640 0.017253
34 0.470223 0.170517 0.024067 0.017552
34 0.470383 0.195031 0.023533 0.017250
34 0.465249 0.215157 0.036799 0.016646
34 0.467067 0.239597 0.007272 0.009533
34 0.528147 0.227793 0.036583 0.018612
34 0.527505 0.177706 0.023963 0.016495
34 0.530394 0.154704 0.024817 0.017706
34 0.688968 0.226516 0.023963 0.016805
34 0.630452 0.093045 0.008789 0.009156
34 0.244932 0.177159 0.023574 0.018963
34 0.242389 0.207370 0.023114 0.016871
34 0.245718 0.226596 0.035687 0.017655
34 0.184930 0.238433 0.006380 0.008891
34 0.188259 0.192657 0.022466 0.016480
34 0.188999 0.170554 0.022836 0.017005
34 0.191448 0.146686 0.023114 0.019749
34 0.524296 0.209105 0.023104 0.017857
34 0.377855 0.146684 0.023747 0.015586
34 0.375127 0.165523 0.023211 0.017555
34 0.413422 0.146153 0.023427 0.018159
34 0.411175 0.163632 0.024067 0.015586
34 0.372346 0.194577 0.023213 0.015133
34 0.162851 0.074125 0.024315 0.017917
34 0.145330 0.084980 0.006471 0.013209
34 0.341035 0.167742 0.020524 0.026027
34 0.126966 0.806844 0.005931 0.014155
34 0.144431 0.795178 0.023813 0.018615
34 0.083185 0.822704 0.006394 0.014944
34 0.528864 0.445627 0.022454 0.018088
21 0.139770 0.070764 0.007248 0.011502
0 0.923859 0.844246 0.003874 0.009393
0 0.119033 0.752070 0.003691 0.008860
0 0.130457 0.794004 0.003558 0.009518
0 0.957534 0.694699 0.004093 0.009199
0 0.122159 0.530523 0.011602 0.008683
0 0.106580 0.730500 0.011388 0.008341
0 0.076546 0.713327 0.003846 0.009031
0 0.148422 0.551385 0.003817 0.009091
0 0.731860 0.382140 0.003963 0.009091
0 0.674661 0.494099 0.003926 0.009749
0 0.144642 0.283572 0.003914 0.009436
0 0.149371 0.340184 0.003908 0.010205
0 0.121558 0.263324 0.011767 0.008837
0 0.731199 0.115010 0.003807 0.009182
0 0.674165 0.226632 0.004007 0.008994
0 0.148730 0.073059 0.003717 0.009276
3 0.084258 0.796982 0.015381 0.022400
5 0.889241 0.706215 0.008368 0.008492
5 0.747469 0.706123 0.008773 0.009424
5 0.814368 0.705855 0.009325 0.009960
5 0.550087 0.505832 0.007631 0.008883
5 0.671784 0.705989 0.008963 0.012382
5 0.596335 0.706129 0.008382 0.009972
5 0.597291 0.504352 0.007613 0.008076
5 0.391632 0.707066 0.009323 0.009692
5 0.527124 0.705316 0.008564 0.011037
5 0.474698 0.506909 0.008755 0.008347
5 0.459473 0.707200 0.008374 0.008347
5 0.259047 0.705854 0.008372 0.008344
5 0.266755 0.505429 0.010846 0.012921
