34 0.946110 0.777756 0.021849 0.017239
34 0.966910 0.810248 0.017619 0.014893
34 0.906593 0.774010 0.007925 0.014745
34 0.824742 0.760467 0.020419 0.026492
34 0.717874 0.788760 0.007637 0.007415
34 0.738985 0.777408 0.028344 0.021679
34 0.781030 0.791063 0.015667 0.015036
34 0.200902 0.232908 0.016890 0.014412
34 0.215582 0.109021 0.036289 0.024266
34 0.460460 0.251926 0.028668 0.015115
35 0.798228 0.236376 0.020087 0.012234
35 0.166866 0.357854 0.008709 0.027717
35 0.250986 0.391281 0.008326 0.018869
35 0.291738 0.389316 0.009039 0.021995
35 0.217526 0.373274 0.008618 0.019424
35 0.188271 0.345019 0.020071 0.012003
35 0.439081 0.392481 0.009162 0.028119
35 0.462511 0.265110 0.019752 0.011946
35 0.614152 0.398233 0.019496 0.012870
35 0.640622 0.350315 0.008904 0.026768
35 0.600769 0.287850 0.019591 0.012422
35 0.825732 0.301167 0.009027 0.028079
35 0.410965 0.548614 0.008811 0.028319
35 0.518313 0.535772 0.023390 0.012200
35 0.731503 0.638769 0.009162 0.023847
35 0.717691 0.597979 0.017816 0.011587
35 0.770878 0.651361 0.009190 0.023947
35 0.763742 0.700167 0.019543 0.013329
35 0.847945 0.692901 0.009053 0.024759
35 0.966067 0.687987 0.009361 0.023765
35 0.738271 0.793800 0.019901 0.012468
34 0.202054 0.751569 0.008463 0.008695
34 0.113113 0.751348 0.014909 0.008253
34 0.962684 0.707551 0.005921 0.013482
34 0.293623 0.188572 0.016932 0.014118
34 0.277881 0.119815 0.015073 0.015754
34 0.084291 0.109860 0.016781 0.014477
34 0.083576 0.045949 0.015850 0.014052
34 0.129538 0.099744 0.007846 0.007997
34 0.062299 0.045952 0.027462 0.013967
34 0.154395 0.142013 0.005731 0.010028
34 0.150581 0.053001 0.007488 0.007649
34 0.146984 0.158568 0.016837 0.015426
34 0.821247 0.794866 0.016189 0.015061
34 0.925256 0.126573 0.006011 0.011288
34 0.705471 0.095598 0.002401 0.007139
34 0.779473 0.231781 0.007806 0.007905
34 0.742391 0.150730 0.007192 0.008008
34 0.766557 0.225494 0.016942 0.014403
34 0.799733 0.223494 0.024889 0.014659
34 0.704888 0.189809 0.007798 0.007997
34 0.343423 0.496516 0.007861 0.008529
34 0.240975 0.372920 0.016120 0.014474
34 0.303752 0.364155 0.017093 0.014477
34 0.207480 0.355271 0.016136 0.015238
34 0.276711 0.450956 0.016203 0.014543
34 0.298523 0.294929 0.035266 0.023075
34 0.152399 0.293467 0.016543 0.014258
34 0.166786 0.450185 0.015610 0.014494
34 0.156426 0.327169 0.016853 0.014942
34 0.166756 0.377922 0.025207 0.015076
34 0.093416 0.356627 0.005743 0.011254
34 0.494538 0.496559 0.007568 0.008096
34 0.438822 0.412970 0.025355 0.014317
34 0.518633 0.455700 0.007532 0.007780
34 0.333025 0.365178 0.015340 0.014677
34 0.208994 0.408877 0.015743 0.014859
34 0.246498 0.256617 0.008020 0.008350
34 0.188839 0.331892 0.022355 0.014996
34 0.305920 0.339719 0.009990 0.008222
34 0.250559 0.406848 0.031243 0.015571
34 0.229690 0.325566 0.016853 0.014215
34 0.275339 0.334127 0.016557 0.014032
34 0.342988 0.413762 0.015766 0.014745
34 0.218675 0.389000 0.030808 0.015275
34 0.341757 0.392069 0.018965 0.027677
34 0.291811 0.406881 0.024742 0.014218
34 0.188968 0.275943 0.020179 0.027994
34 0.640898 0.369206 0.027240 0.012582
34 0.364259 0.307870 0.014831 0.015705
34 0.418333 0.324610 0.015917 0.014070
34 0.450412 0.361026 0.016956 0.014802
34 0.465115 0.306664 0.020483 0.028262
34 0.464237 0.448135 0.015919 0.014919
34 0.427048 0.478387 0.015768 0.014454
34 0.597427 0.393336 0.008215 0.008085
34 0.586789 0.424233 0.020214 0.027156
34 0.554005 0.372702 0.015681 0.014426
34 0.582688 0.386297 0.015687 0.014372
34 0.629080 0.323416 0.016376 0.014856
34 0.586727 0.450017 0.015594 0.015098
34 0.661952 0.257972 0.016305 0.013887
34 0.636925 0.398500 0.024744 0.015215
34 0.533816 0.477632 0.011195 0.014791
34 0.599067 0.275051 0.029025 0.015033
34 0.602385 0.337011 0.014069 0.015361
34 0.681672 0.356211 0.005649 0.011157
34 0.648253 0.264275 0.007506 0.007672
34 0.165897 0.713371 0.016718 0.014146
34 0.151199 0.610644 0.005725 0.011103
34 0.151151 0.772581 0.005707 0.011054
34 0.121660 0.728561 0.005685 0.010750
34 0.113607 0.633512 0.016207 0.014400
34 0.925628 0.496805 0.005699 0.011285
34 0.746165 0.290125 0.006364 0.011371
34 0.884267 0.464990 0.005959 0.010995
34 0.848692 0.459612 0.020929 0.029684
34 0.772081 0.459506 0.021309 0.028775
34 0.813704 0.337673 0.016928 0.014902
34 0.866266 0.347687 0.016638 0.014263
34 0.824955 0.281733 0.024104 0.013388
34 0.342854 0.786991 0.008004 0.005956
34 0.241186 0.611835 0.005284 0.010784
34 0.241199 0.751194 0.005330 0.010806
34 0.343247 0.499530 0.008203 0.002764
34 0.082056 0.611815 0.005554 0.010806
34 0.121701 0.611345 0.004990 0.010789
34 0.165889 0.634218 0.016118 0.014779
34 0.073944 0.748131 0.016035 0.014260
34 0.085350 0.699501 0.021033 0.031280
34 0.113301 0.747921 0.016674 0.014714
34 0.125373 0.699828 0.021515 0.030644
34 0.074149 0.633200 0.015594 0.014631
34 0.082286 0.729124 0.005298 0.010382
34 0.340638 0.748148 0.016948 0.014471
34 0.320637 0.678138 0.016052 0.016287
34 0.341033 0.632957 0.016124 0.014759
34 0.205916 0.748396 0.016702 0.014734
34 0.186992 0.678142 0.015705 0.016198
34 0.276756 0.678202 0.016324 0.016107
34 0.299531 0.634275 0.016056 0.014694
34 0.206253 0.632747 0.016257 0.014563
34 0.349398 0.611854 0.005234 0.010781
34 0.214614 0.611788 0.005377 0.010667
34 0.284858 0.611402 0.005755 0.010778
34 0.349510 0.728162 0.005560 0.010989
34 0.255732 0.713494 0.016521 0.014352
34 0.299655 0.713413 0.016614 0.014138
34 0.284527 0.751015 0.005661 0.011422
34 0.522912 0.691315 0.016513 0.014355
34 0.427650 0.605584 0.005929 0.011015
34 0.457955 0.670041 0.015290 0.015272
34 0.396521 0.727759 0.005226 0.010724
34 0.495870 0.670815 0.015520 0.014768
34 0.508167 0.604608 0.005572 0.010767
34 0.465999 0.605024 0.005886 0.010869
34 0.496280 0.718977 0.007750 0.007615
34 0.370236 0.579655 0.007615 0.008498
34 0.494287 0.499444 0.008038 0.002593
34 0.218085 0.699981 0.021485 0.030861
34 0.214587 0.729199 0.005427 0.010311
34 0.255803 0.634477 0.016062 0.015304
34 0.533901 0.732856 0.007673 0.008247
34 0.529606 0.632666 0.002806 0.014223
34 0.400036 0.700076 0.021503 0.031089
34 0.481109 0.633099 0.016243 0.014833
34 0.522954 0.633180 0.016199 0.014990
34 0.422476 0.521510 0.016100 0.014392
34 0.442839 0.633089 0.016102 0.014762
34 0.491418 0.520938 0.016197 0.014944
34 0.481078 0.691176 0.016386 0.014155
34 0.388216 0.748346 0.016799 0.014679
34 0.388359 0.632960 0.016501 0.014799
34 0.410314 0.569520 0.025306 0.015204
34 0.396064 0.613447 0.005665 0.010923
34 0.442926 0.691047 0.016569 0.014446
34 0.677404 0.768448 0.017154 0.014440
34 0.656626 0.669241 0.015113 0.015580
34 0.641985 0.691235 0.016795 0.014201
34 0.564144 0.691168 0.016507 0.014152
34 0.537489 0.670237 0.016162 0.015298
34 0.702685 0.782593 0.017228 0.014357
34 0.578783 0.669245 0.014529 0.015435
34 0.633626 0.764050 0.021152 0.028270
34 0.610830 0.718931 0.007530 0.007427
34 0.587661 0.605190 0.005536 0.010316
34 0.699407 0.553108 0.014535 0.014907
34 0.696461 0.599325 0.023090 0.015070
34 0.627138 0.605174 0.005429 0.010484
34 0.616733 0.669420 0.015155 0.015084
34 0.853985 0.603648 0.023195 0.026173
34 0.826634 0.581657 0.019319 0.015409
34 0.826915 0.716496 0.019192 0.014919
34 0.873004 0.627632 0.019122 0.015121
34 0.602319 0.633059 0.016233 0.014753
34 0.544835 0.535626 0.028956 0.022223
34 0.564127 0.633143 0.016279 0.014825
34 0.720017 0.618614 0.017012 0.015500
34 0.602253 0.691163 0.016376 0.014004
34 0.549132 0.604621 0.005451 0.010513
34 0.641944 0.633152 0.016176 0.014905
34 0.779048 0.695718 0.007802 0.007960
34 0.740606 0.699783 0.024927 0.015606
34 0.863513 0.693226 0.020173 0.022844
34 0.773452 0.537070 0.035312 0.023215
34 0.757719 0.593465 0.010139 0.008014
34 0.760362 0.631237 0.016593 0.014203
34 0.791780 0.721670 0.015711 0.014414
34 0.790943 0.688068 0.016338 0.013850
34 0.873980 0.645060 0.019180 0.014571
34 0.876215 0.562210 0.016027 0.014543
34 0.775048 0.581325 0.016853 0.014585
34 0.860244 0.668296 0.020455 0.016899
34 0.770868 0.673870 0.036064 0.022075
34 0.742505 0.576942 0.017004 0.014010
34 0.908234 0.726288 0.016940 0.014241
34 0.966401 0.669360 0.026690 0.014007
34 0.977121 0.725885 0.016072 0.015286
34 0.941160 0.725721 0.016189 0.014896
34 0.925815 0.500278 0.005300 0.004260
34 0.894758 0.735296 0.005858 0.011197
34 0.836503 0.556774 0.006100 0.012704
34 0.836906 0.742908 0.005729 0.012571
34 0.731847 0.662210 0.036350 0.022106
34 0.722010 0.139469 0.016072 0.014782
34 0.629359 0.220392 0.016873 0.014771
34 0.590632 0.133018 0.015018 0.015759
34 0.648627 0.122955 0.036134 0.022303
34 0.624700 0.276453 0.016459 0.014400
34 0.697709 0.220442 0.016622 0.015081
34 0.660980 0.183054 0.016726 0.014035
34 0.681966 0.046374 0.016882 0.013990
34 0.702807 0.095647 0.007782 0.007538
34 0.393363 0.195403 0.007782 0.007791
34 0.500459 0.253454 0.016475 0.014471
34 0.484815 0.260470 0.007796 0.008190
34 0.536802 0.327290 0.034724 0.021510
0 0.898648 0.773643 0.006716 0.015814
0 0.955671 0.809915 0.004198 0.010396
0 0.821333 0.807304 0.010969 0.008663
0 0.702501 0.793910 0.010763 0.008601
0 0.966202 0.725499 0.006178 0.016566
0 0.887995 0.561471 0.006376 0.014990
0 0.920570 0.725590 0.006890 0.016543
0 0.929243 0.725512 0.006575 0.016831
0 0.847904 0.668044 0.004047 0.009823
0 0.840394 0.581449 0.007363 0.017712
0 0.840054 0.716647 0.006624 0.017244
0 0.770889 0.630905 0.003725 0.009151
0 0.731451 0.618086 0.004297 0.010160
0 0.786642 0.581324 0.006454 0.016395
0 0.802667 0.721528 0.005850 0.015417
0 0.791022 0.700135 0.011219 0.009327
0 0.630727 0.690797 0.006362 0.015523
0 0.552774 0.633108 0.006128 0.015141
0 0.590822 0.690730 0.006281 0.015623
0 0.590869 0.633027 0.005981 0.015201
0 0.552836 0.690797 0.006261 0.015512
0 0.630767 0.633039 0.006183 0.015221
0 0.431613 0.690801 0.006336 0.015799
0 0.469674 0.633015 0.006015 0.015235
0 0.511524 0.690759 0.005921 0.015512
0 0.469689 0.690734 0.006199 0.015523
0 0.511539 0.633055 0.005826 0.014990
0 0.399822 0.632824 0.006174 0.015685
0 0.353916 0.632932 0.003562 0.015811
0 0.410913 0.520708 0.006189 0.016195
0 0.399840 0.747606 0.006440 0.015531
0 0.479834 0.520748 0.006251 0.016133
0 0.431556 0.633085 0.005985 0.015232
0 0.288371 0.713175 0.006134 0.014853
0 0.217812 0.632838 0.005955 0.015680
0 0.217710 0.747650 0.006301 0.015586
0 0.244311 0.713126 0.005983 0.015036
0 0.244421 0.634359 0.006122 0.015272
0 0.352859 0.747699 0.006418 0.015483
0 0.288370 0.634323 0.006322 0.015349
0 0.154617 0.634306 0.005802 0.014990
0 0.125005 0.632820 0.006070 0.015557
0 0.085723 0.632856 0.005774 0.015651
0 0.085755 0.747702 0.005999 0.015614
0 0.125171 0.747704 0.006539 0.015483
0 0.154546 0.713186 0.005965 0.015041
0 0.865698 0.358956 0.010719 0.008757
0 0.825471 0.337021 0.006350 0.016532
0 0.582353 0.398220 0.011249 0.009345
0 0.624379 0.288170 0.011243 0.008971
0 0.662058 0.269624 0.010614 0.008738
0 0.543028 0.476983 0.005834 0.015460
0 0.565559 0.372193 0.006336 0.015757
0 0.640558 0.323166 0.006160 0.015190
0 0.439067 0.360549 0.004496 0.010958
0 0.464503 0.460362 0.010719 0.008441
0 0.438101 0.478368 0.006017 0.015392
0 0.500306 0.265235 0.011297 0.009347
0 0.418456 0.336727 0.010582 0.008906
0 0.217492 0.354518 0.003082 0.007264
0 0.250980 0.372690 0.003330 0.007871
0 0.209087 0.420691 0.010911 0.008740
0 0.274785 0.344974 0.009913 0.007982
0 0.321598 0.365671 0.006160 0.015070
0 0.291795 0.363819 0.006060 0.015269
0 0.288450 0.450569 0.006320 0.015494
0 0.178526 0.450553 0.004913 0.015343
0 0.152621 0.305502 0.010721 0.008854
0 0.167106 0.327739 0.004502 0.011146
0 0.733677 0.066691 0.010562 0.008527
0 0.766881 0.236472 0.010800 0.007940
0 0.733552 0.139034 0.006261 0.015856
0 0.640504 0.220492 0.006398 0.015232
0 0.685749 0.220534 0.006370 0.015329
0 0.671700 0.046022 0.003163 0.007598
0 0.661697 0.195001 0.010832 0.008424
0 0.293106 0.200242 0.010927 0.008572
0 0.213413 0.233388 0.006277 0.015554
0 0.118273 0.057444 0.010449 0.008715
0 0.158342 0.158272 0.005995 0.016292
0 0.083500 0.057474 0.010957 0.009088
0 0.096555 0.110252 0.005882 0.015249
3 0.742788 0.593897 0.012994 0.018777
3 0.229620 0.340926 0.011984 0.016734
6 0.552918 0.710352 0.004704 0.008643
6 0.512350 0.710916 0.006940 0.010496
6 0.154575 0.750777 0.004621 0.008484
6 0.671681 0.034848 0.003354 0.004412
11 0.802502 0.760261 0.020580 0.026079
11 0.632834 0.793813 0.020306 0.028646
11 0.648214 0.655057 0.014120 0.015911
11 0.608130 0.654548 0.014837 0.016928
11 0.571156 0.655395 0.015556 0.017942
11 0.448813 0.654548 0.014359 0.016928
11 0.487103 0.654718 0.011966 0.017267
11 0.529222 0.655396 0.014359 0.015911
11 0.305053 0.676723 0.014837 0.020650
11 0.261379 0.676724 0.013161 0.019974
11 0.171702 0.677062 0.014118 0.019299
11 0.565185 0.424573 0.020552 0.027931
11 0.321567 0.393269 0.020270 0.027706
21 0.956300 0.821847 0.006533 0.009786
22 0.795892 0.458767 0.023944 0.034070
22 0.826300 0.459089 0.023648 0.034366
22 0.465566 0.337258 0.021539 0.034192
22 0.189227 0.305437 0.022496 0.031485
33 0.795499 0.790309 0.012963 0.012958
33 0.676907 0.784373 0.009228 0.016629
33 0.716738 0.553246 0.018596 0.017657
33 0.857217 0.644937 0.011372 0.012730
33 0.857245 0.628195 0.011215 0.012485
33 0.571974 0.451634 0.012015 0.013066
33 0.584817 0.336458 0.019420 0.017846
33 0.328108 0.414922 0.011882 0.012682
33 0.346214 0.307347 0.019450 0.017600
33 0.607333 0.132844 0.017530 0.017435
33 0.257933 0.119231 0.023775 0.017657
34 0.118300 0.045831 0.016994 0.014597
34 0.910829 0.774014 0.016275 0.014924
34 0.352588 0.699808 0.022822 0.030781
34 0.733815 0.055425 0.017220 0.014383
