34 0.374313 0.730351 0.016080 0.012551
34 0.344202 0.736784 0.013086 0.012867
34 0.296070 0.703207 0.030387 0.020396
34 0.262354 0.701640 0.030389 0.020396
34 0.316587 0.656298 0.028836 0.021966
34 0.376863 0.602954 0.010979 0.012553
34 0.338547 0.587736 0.028390 0.021023
34 0.337770 0.562790 0.028614 0.019453
34 0.343759 0.537374 0.013086 0.013807
34 0.292853 0.584912 0.028836 0.021023
34 0.260579 0.584285 0.030832 0.021650
34 0.235182 0.573928 0.008874 0.021023
34 0.212556 0.578793 0.032828 0.021964
34 0.169799 0.576439 0.028392 0.022904
34 0.139078 0.562633 0.030832 0.022280
34 0.116452 0.608602 0.015749 0.013807
34 0.086620 0.602170 0.024400 0.012867
34 0.799098 0.350429 0.016414 0.015061
34 0.762609 0.351056 0.014863 0.014434
34 0.721019 0.289397 0.009315 0.022904
34 0.798321 0.450997 0.025953 0.024161
34 0.589536 0.351683 0.014196 0.014434
34 0.687466 0.450056 0.068985 0.031693
34 0.531697 0.391064 0.006988 0.022277
34 0.592198 0.258410 0.029722 0.018672
34 0.614711 0.349644 0.013531 0.013491
34 0.381195 0.413186 0.028171 0.015064
34 0.363893 0.282965 0.013088 0.013494
34 0.518496 0.428718 0.025510 0.023534
34 0.376425 0.338975 0.029281 0.014121
34 0.467700 0.368314 0.010868 0.020083
34 0.366665 0.473276 0.015083 0.016002
34 0.232520 0.383846 0.008429 0.021023
34 0.210006 0.388240 0.028171 0.020396
34 0.257695 0.313089 0.028171 0.023220
34 0.289526 0.314030 0.027947 0.018826
34 0.316032 0.272296 0.025953 0.021337
34 0.338879 0.344624 0.013088 0.012240
34 0.375644 0.413029 0.013419 0.012864
34 0.334775 0.370982 0.027504 0.023537
34 0.257252 0.394829 0.029057 0.020396
34 0.288417 0.394672 0.027506 0.020710
34 0.315700 0.465274 0.025288 0.019456
34 0.334665 0.397340 0.025953 0.022277
34 0.113236 0.418834 0.015969 0.011297
34 0.084068 0.412244 0.022846 0.012553
34 0.134197 0.372394 0.027726 0.023220
34 0.168356 0.386983 0.029500 0.020396
34 0.565468 0.173368 0.009982 0.023534
34 0.696895 0.053502 0.044809 0.048008
34 0.614489 0.069662 0.027282 0.020710
34 0.509291 0.154698 0.027949 0.020710
34 0.518385 0.211650 0.025731 0.024161
34 0.453948 0.211965 0.027728 0.020396
34 0.381749 0.225144 0.025286 0.012237
34 0.367109 0.096020 0.015528 0.013180
34 0.376647 0.152189 0.031940 0.013178
34 0.446296 0.157994 0.027504 0.022907
34 0.504300 0.086294 0.030832 0.021964
34 0.336329 0.210866 0.027504 0.021966
34 0.336106 0.187646 0.028392 0.021966
34 0.212779 0.201452 0.027947 0.020710
34 0.233629 0.191726 0.008874 0.019456
34 0.259249 0.125046 0.027728 0.020710
34 0.292964 0.124575 0.026839 0.019142
34 0.316698 0.087078 0.025951 0.021650
34 0.341209 0.159091 0.012865 0.011297
34 0.257363 0.206160 0.029279 0.020710
34 0.289970 0.206317 0.027949 0.022277
34 0.137636 0.184037 0.029724 0.021337
34 0.167913 0.199256 0.028614 0.021653
34 0.085843 0.222005 0.021517 0.015061
34 0.114345 0.231262 0.015971 0.010983
35 0.385139 0.815708 0.033239 0.014950
35 0.375497 0.816117 0.013713 0.015221
35 0.086417 0.815710 0.033241 0.014406
35 0.962122 0.708857 0.032162 0.015378
35 0.537188 0.545688 0.011535 0.042360
35 0.384410 0.616761 0.032828 0.013807
35 0.379198 0.544119 0.033050 0.014121
35 0.380861 0.743843 0.032383 0.014434
35 0.374867 0.616918 0.014972 0.014748
35 0.084623 0.616448 0.032828 0.013807
35 0.380861 0.426835 0.034160 0.012867
35 0.375759 0.352783 0.032828 0.014748
11 0.696290 0.104799 0.036686 0.052619
35 0.381527 0.238009 0.033715 0.015375
35 0.376647 0.166151 0.034160 0.015375
35 0.082627 0.238480 0.033272 0.015061
3 0.263719 0.807863 0.018094 0.027518
3 0.317891 0.787382 0.016060 0.019838
3 0.292219 0.808341 0.018096 0.027837
6 0.604512 0.557324 0.005479 0.009661
6 0.604966 0.359799 0.007244 0.008723
6 0.775737 0.360000 0.005137 0.009689
6 0.775528 0.557323 0.005967 0.009031
5 0.473736 0.155077 0.025900 0.013460
5 0.539340 0.155883 0.022274 0.017769
4 0.259874 0.145755 0.013120 0.018880
4 0.258630 0.334832 0.014251 0.019838
4 0.263041 0.722618 0.014023 0.022078
4 0.261684 0.524709 0.014476 0.021758
3 0.259987 0.230869 0.019680 0.025278
3 0.313594 0.210070 0.015608 0.020157
3 0.288035 0.230228 0.018322 0.025278
3 0.293916 0.146394 0.012893 0.022078
3 0.258517 0.417706 0.017643 0.024959
3 0.313367 0.398028 0.015155 0.021436
3 0.292332 0.334032 0.015606 0.021436
3 0.287129 0.418981 0.019678 0.027532
3 0.262249 0.609345 0.016964 0.026560
3 0.295838 0.525190 0.012667 0.022080
3 0.297421 0.723417 0.014476 0.019840
35 0.080963 0.425895 0.033493 0.015375
15 0.141083 0.816630 0.020381 0.030633
15 0.139300 0.615741 0.020888 0.027749
15 0.136509 0.427484 0.022679 0.031148
15 0.137516 0.237424 0.020890 0.029553
21 0.779638 0.289199 0.010276 0.024229
33 0.213873 0.802159 0.011904 0.026318
33 0.141217 0.788431 0.011128 0.028011
33 0.172021 0.801887 0.011479 0.026657
33 0.212507 0.603028 0.011666 0.026335
33 0.141074 0.781341 0.013529 0.017256
3 0.290182 0.608864 0.018548 0.026238
3 0.315630 0.588226 0.013797 0.021439
33 0.170488 0.602633 0.011394 0.026378
33 0.139515 0.589199 0.011189 0.028036
33 0.211952 0.412543 0.012297 0.027190
33 0.168381 0.412468 0.012500 0.027159
33 0.136372 0.399182 0.012293 0.027746
33 0.613395 0.091981 0.011050 0.023545
33 0.212166 0.224846 0.011741 0.026181
33 0.137605 0.210742 0.011511 0.028273
33 0.168361 0.224533 0.011634 0.026090
34 0.262021 0.502887 0.028392 0.018769
34 0.293629 0.502773 0.029946 0.020878
13 0.569339 0.253844 0.015548 0.031257
0 0.575372 0.606946 0.007786 0.022556
0 0.316177 0.677116 0.015526 0.010892
0 0.818069 0.453367 0.008983 0.023189
0 0.536613 0.430017 0.007975 0.022354
0 0.316536 0.482268 0.016001 0.011171
0 0.316125 0.291664 0.015332 0.011348
0 0.536881 0.213567 0.008402 0.022545
0 0.473786 0.212397 0.007693 0.024828
0 0.502835 0.105093 0.016094 0.012602
0 0.316254 0.104668 0.015320 0.011622
1 0.321200 0.760982 0.005707 0.016651
1 0.319977 0.562954 0.005147 0.016600
1 0.316683 0.370526 0.005969 0.016309
1 0.318022 0.187417 0.006587 0.017182
34 0.386773 0.802526 0.029589 0.011961
34 0.339454 0.760939 0.028437 0.021200
34 0.293620 0.784315 0.028610 0.020114
34 0.214163 0.777656 0.027282 0.021473
34 0.236662 0.771131 0.009992 0.022559
34 0.261428 0.783500 0.030359 0.022286
34 0.339936 0.787848 0.027091 0.020114
34 0.171149 0.776704 0.028245 0.019028
34 0.089491 0.801167 0.022480 0.014132
34 0.139735 0.762707 0.028822 0.020929
34 0.118216 0.807962 0.017677 0.013046
34 0.943600 0.637156 0.028392 0.022593
34 0.960680 0.689873 0.039482 0.022590
34 0.798653 0.548512 0.015083 0.013491
34 0.762609 0.548669 0.015749 0.013178
34 0.883719 0.636215 0.025064 0.020712
34 0.673491 0.700385 0.015306 0.014751
34 0.557150 0.606877 0.025731 0.019766
34 0.537409 0.575969 0.013751 0.013807
34 0.615598 0.548042 0.016193 0.013178
34 0.590423 0.548356 0.016414 0.015691
34 0.369327 0.667750 0.017744 0.014121
34 0.383856 0.602484 0.025951 0.015375
34 0.378865 0.529842 0.031940 0.016942
34 0.381859 0.730195 0.031720 0.014121
