34 0.691573 0.174141 0.026346 0.022451
35 0.109667 0.235693 0.026541 0.018766
35 0.253514 0.235707 0.025985 0.018817
35 0.392495 0.235707 0.026259 0.018646
35 0.538751 0.235665 0.021096 0.018786
35 0.652693 0.116941 0.012313 0.035990
35 0.854447 0.117045 0.012097 0.036295
35 0.787150 0.116935 0.011751 0.036207
35 0.719935 0.117018 0.012073 0.036087
35 0.921507 0.116973 0.012208 0.036084
35 0.191851 0.484269 0.029529 0.017258
35 0.474859 0.484262 0.029206 0.017233
35 0.855357 0.484342 0.029230 0.016902
35 0.150096 0.668316 0.012383 0.037287
35 0.192771 0.505078 0.029422 0.013861
35 0.432886 0.668064 0.012730 0.037182
35 0.475663 0.505128 0.029400 0.013961
35 0.813352 0.668188 0.012462 0.037224
35 0.855986 0.505077 0.029567 0.013859
35 0.952099 0.784748 0.012607 0.037697
34 0.075783 0.236924 0.038842 0.024677
34 0.217580 0.206684 0.027842 0.022653
34 0.286068 0.235352 0.033388 0.036734
34 0.183748 0.228418 0.015361 0.011998
34 0.465456 0.228465 0.018415 0.011892
34 0.500466 0.206156 0.026718 0.022901
34 0.651836 0.076252 0.041497 0.047227
34 0.693607 0.223525 0.027012 0.022012
34 0.626679 0.222968 0.026223 0.022340
34 0.566842 0.235328 0.033032 0.036640
34 0.624282 0.173822 0.025506 0.022685
34 0.673740 0.243881 0.018040 0.011217
34 0.828247 0.222880 0.026817 0.022169
34 0.761175 0.222944 0.026589 0.022177
34 0.826003 0.173814 0.026817 0.022722
34 0.758823 0.173860 0.026714 0.022750
34 0.786368 0.076317 0.041293 0.047771
34 0.853500 0.076337 0.041642 0.047201
34 0.895677 0.222907 0.026410 0.022132
34 0.920709 0.076556 0.041144 0.046934
34 0.893551 0.173765 0.025820 0.022645
34 0.144356 0.361985 0.008322 0.018829
34 0.144441 0.448643 0.008302 0.019664
34 0.144214 0.279602 0.008529 0.019798
34 0.131356 0.309229 0.027812 0.022545
34 0.130061 0.414396 0.027746 0.023160
34 0.107003 0.468819 0.050820 0.036463
34 0.285003 0.355614 0.014188 0.011542
34 0.186097 0.355121 0.013922 0.011587
34 0.231081 0.494233 0.046223 0.026461
34 0.216605 0.339161 0.027859 0.021810
34 0.250237 0.331770 0.028068 0.022058
34 0.427031 0.279634 0.008312 0.019997
34 0.426698 0.361604 0.008626 0.019094
34 0.427319 0.446096 0.008537 0.019641
34 0.513489 0.494144 0.046571 0.026213
34 0.469071 0.355187 0.014045 0.012117
34 0.412948 0.414109 0.027742 0.022588
34 0.499452 0.339459 0.028227 0.022696
34 0.390678 0.468916 0.051730 0.036874
34 0.414381 0.309161 0.027718 0.022556
34 0.567948 0.355588 0.014386 0.011627
34 0.806634 0.361463 0.008465 0.019450
34 0.794687 0.308733 0.026948 0.022773
34 0.879916 0.338742 0.027230 0.021747
34 0.793347 0.413495 0.027109 0.022665
34 0.770732 0.468562 0.051094 0.036235
34 0.807450 0.279657 0.008658 0.019929
34 0.849484 0.355080 0.013977 0.011852
34 0.808837 0.448482 0.008080 0.019581
34 0.942087 0.355684 0.013892 0.011328
34 0.913797 0.331345 0.027409 0.023066
34 0.149350 0.703270 0.052770 0.035985
34 0.145438 0.534662 0.007923 0.019681
34 0.155433 0.597230 0.007764 0.020895
34 0.115094 0.597059 0.027528 0.023454
34 0.291746 0.529953 0.008680 0.019342
34 0.430997 0.702451 0.052530 0.034950
34 0.398099 0.597167 0.027512 0.023750
34 0.428453 0.534608 0.008074 0.019829
34 0.528001 0.720804 0.014527 0.012739
34 0.438399 0.597257 0.007996 0.020886
34 0.574932 0.531570 0.008715 0.018706
34 0.819087 0.597136 0.008324 0.020946
34 0.856848 0.721817 0.014672 0.012206
34 0.808369 0.533293 0.008358 0.019581
34 0.778526 0.596737 0.026485 0.023500
34 0.813012 0.702210 0.052293 0.035437
34 0.946903 0.532056 0.008866 0.018703
34 0.945439 0.833598 0.074392 0.059279
33 0.139455 0.596811 0.019865 0.016649
33 0.422451 0.596841 0.020071 0.016754
33 0.802966 0.596867 0.020328 0.016458
17 0.150253 0.494185 0.026710 0.036435
17 0.433348 0.494691 0.025516 0.036774
17 0.813600 0.494015 0.026471 0.038461
11 0.652489 0.174840 0.030763 0.042328
11 0.787275 0.174996 0.030429 0.042388
11 0.720235 0.175001 0.031195 0.042405
11 0.854226 0.174813 0.030620 0.042166
11 0.922178 0.175382 0.030971 0.043189
6 0.149997 0.377411 0.006686 0.009014
6 0.149936 0.346874 0.006608 0.008413
6 0.160676 0.362069 0.006436 0.009507
6 0.266081 0.362166 0.006295 0.008994
6 0.443776 0.362092 0.006755 0.009718
6 0.433040 0.377365 0.006918 0.009276
6 0.433022 0.346773 0.006648 0.008507
6 0.548935 0.362142 0.006344 0.009111
6 0.823892 0.362206 0.005955 0.009296
6 0.813322 0.346820 0.006789 0.008521
6 0.813454 0.377308 0.006718 0.008894
6 0.929216 0.362170 0.006265 0.009048
6 0.149816 0.625281 0.006787 0.007717
6 0.150216 0.568431 0.005721 0.008472
6 0.150082 0.560996 0.007585 0.008284
6 0.149949 0.617657 0.007319 0.008658
6 0.149949 0.632434 0.006787 0.007717
6 0.149949 0.574926 0.006521 0.008284
6 0.432890 0.632716 0.007319 0.007153
6 0.433023 0.561278 0.007851 0.008849
6 0.432890 0.568337 0.007319 0.008661
6 0.432890 0.574926 0.007585 0.008284
6 0.433222 0.618879 0.007983 0.008467
6 0.433555 0.625375 0.008914 0.008658
6 0.813301 0.632716 0.006654 0.007905
6 0.813367 0.561278 0.007319 0.008472
6 0.813568 0.568431 0.006918 0.008096
6 0.813568 0.575396 0.006918 0.007720
6 0.813398 0.618092 0.006459 0.008131
6 0.813435 0.625093 0.006386 0.008093
5 0.215020 0.362465 0.014098 0.024081
5 0.497885 0.362568 0.013956 0.023927
5 0.878597 0.362304 0.014337 0.024466
3 0.218387 0.230305 0.017053 0.023710
3 0.501661 0.230145 0.016666 0.023522
3 0.649373 0.222142 0.017405 0.023668
3 0.851138 0.222239 0.017212 0.023406
3 0.783873 0.222286 0.017311 0.023534
3 0.716325 0.222123 0.017460 0.023813
3 0.918327 0.222330 0.017842 0.023309
0 0.149924 0.414480 0.008612 0.022958
0 0.150008 0.309909 0.008916 0.023306
0 0.432952 0.414587 0.008805 0.023058
0 0.432988 0.309939 0.008763 0.023337
0 0.813319 0.310010 0.008394 0.023200
0 0.813310 0.414535 0.008356 0.022744
34 0.894740 0.494561 0.045645 0.024141
34 0.719255 0.076523 0.041507 0.047620
34 0.358808 0.236878 0.038930 0.024454
34 0.533523 0.331811 0.028247 0.022682
