34 0.573825 0.319057 0.017822 0.011730
34 0.708593 0.898455 0.012311 0.012573
34 0.353955 0.318384 0.019192 0.012106
34 0.358139 0.347136 0.014464 0.012106
34 0.357566 0.362194 0.013683 0.013468
34 0.534272 0.399248 0.020961 0.020137
34 0.885597 0.480496 0.014788 0.012032
34 0.955804 0.292516 0.029323 0.013451
34 0.353957 0.713408 0.018834 0.012659
34 0.358070 0.742629 0.013642 0.013226
34 0.357772 0.757127 0.014456 0.013480
34 0.380284 0.268907 0.022873 0.028484
34 0.708705 0.884919 0.011930 0.012009
34 0.953930 0.751573 0.013695 0.013035
33 0.353000 0.304459 0.009142 0.014121
34 0.487146 0.130111 0.004450 0.009205
35 0.643369 0.160785 0.007335 0.023776
35 0.663613 0.117234 0.017875 0.008860
35 0.501053 0.232001 0.007488 0.024856
34 0.688822 0.472558 0.013292 0.013186
34 0.655133 0.832096 0.013445 0.011670
35 0.704024 0.039317 0.016807 0.009510
35 0.342096 0.124889 0.019075 0.010040
35 0.279766 0.186704 0.007099 0.024477
35 0.283315 0.094765 0.018189 0.010670
35 0.545557 0.033733 0.021074 0.012237
35 0.420677 0.111082 0.007764 0.027612
35 0.395385 0.123005 0.006886 0.021337
35 0.368440 0.123792 0.007540 0.021023
35 0.729670 0.114062 0.008429 0.026671
35 0.717027 0.231419 0.017744 0.010356
35 0.969109 0.121436 0.018189 0.010670
35 0.969109 0.206317 0.017746 0.010353
35 0.088061 0.348075 0.007762 0.024791
35 0.061443 0.351840 0.006876 0.026044
35 0.098929 0.303988 0.017967 0.009413
35 0.347973 0.401110 0.007764 0.021661
35 0.336772 0.401580 0.007097 0.020721
35 0.314923 0.378199 0.007321 0.021653
35 0.462156 0.345879 0.018409 0.010983
35 0.370880 0.377884 0.007542 0.021023
35 0.590534 0.414755 0.007764 0.020710
35 0.567909 0.401262 0.007764 0.021339
35 0.556596 0.401576 0.007319 0.021339
35 0.534305 0.378042 0.007985 0.019453
35 0.610386 0.373336 0.007983 0.026358
35 0.866528 0.422129 0.019519 0.010356
35 0.824384 0.465432 0.018187 0.012237
35 0.765714 0.391221 0.014418 0.010667
35 0.955023 0.304459 0.018411 0.010353
35 0.952473 0.458528 0.017746 0.013494
35 0.098818 0.699601 0.017303 0.010670
35 0.102589 0.552592 0.007985 0.021650
35 0.459827 0.742903 0.017744 0.010667
35 0.364336 0.573458 0.007762 0.021337
35 0.396720 0.574085 0.007764 0.020710
35 0.966226 0.618173 0.017746 0.010356
35 0.963342 0.530784 0.018187 0.010670
35 0.954580 0.698973 0.017967 0.010040
35 0.336841 0.796139 0.007494 0.020929
35 0.348178 0.795866 0.007109 0.020385
35 0.315034 0.772355 0.006918 0.021200
35 0.370729 0.773035 0.007494 0.020929
35 0.612795 0.767871 0.006916 0.025278
35 0.590220 0.809865 0.007494 0.021747
35 0.567547 0.796275 0.007109 0.020114
35 0.556499 0.796139 0.007301 0.021471
35 0.534807 0.773035 0.008453 0.020388
35 0.821141 0.865449 0.018060 0.012231
35 0.848714 0.820465 0.017484 0.011416
35 0.760330 0.785946 0.013642 0.010331
34 0.742425 0.861093 0.010330 0.006911
34 0.764048 0.802408 0.013213 0.011895
34 0.780946 0.816684 0.010812 0.006233
34 0.870118 0.820422 0.023705 0.009404
34 0.754558 0.830164 0.012012 0.011442
34 0.842689 0.864379 0.025548 0.014839
34 0.316032 0.217871 0.004954 0.008931
34 0.309880 0.229406 0.013584 0.013232
34 0.310398 0.244097 0.013664 0.012320
34 0.267130 0.077932 0.012786 0.010963
34 0.286348 0.083696 0.025649 0.013451
34 0.279956 0.109752 0.013344 0.012659
34 0.293419 0.120433 0.009589 0.007347
34 0.302448 0.098109 0.012466 0.011528
34 0.314953 0.088388 0.012705 0.012434
34 0.329455 0.087992 0.012625 0.012548
34 0.342680 0.113539 0.022613 0.013001
34 0.305444 0.148467 0.014623 0.013001
34 0.287945 0.160788 0.009029 0.007572
34 0.270326 0.152144 0.013425 0.012667
34 0.498271 0.139389 0.013370 0.012257
34 0.528221 0.157246 0.009734 0.008324
34 0.552547 0.144687 0.011747 0.013163
34 0.515064 0.193337 0.013586 0.012408
34 0.515225 0.211119 0.013479 0.012257
34 0.524799 0.229201 0.013799 0.013015
34 0.524317 0.244031 0.013904 0.012713
34 0.500035 0.250765 0.028455 0.012559
34 0.384615 0.214523 0.012623 0.011502
34 0.385042 0.227915 0.012836 0.012257
34 0.410555 0.237827 0.008451 0.006962
34 0.471046 0.245771 0.004492 0.014374
34 0.458798 0.189858 0.012516 0.012106
34 0.442111 0.165191 0.013586 0.013015
34 0.442485 0.178356 0.014333 0.012106
34 0.481262 0.193262 0.013584 0.011351
34 0.492494 0.179339 0.008022 0.007113
34 0.497575 0.169125 0.005133 0.012106
34 0.497896 0.152706 0.013693 0.011955
34 0.518007 0.034295 0.033161 0.015737
34 0.432751 0.042997 0.009414 0.005600
34 0.433179 0.058280 0.009843 0.006506
34 0.432804 0.067133 0.010161 0.006053
34 0.420873 0.088619 0.038713 0.023001
34 0.430718 0.137498 0.013693 0.012408
34 0.427885 0.149226 0.007595 0.007110
34 0.387770 0.081962 0.011873 0.011801
34 0.392905 0.094144 0.005028 0.010140
34 0.387556 0.105342 0.012087 0.012257
34 0.361402 0.082039 0.011338 0.012257
34 0.366216 0.094144 0.005135 0.011046
34 0.361135 0.105569 0.011444 0.011804
34 0.368730 0.137499 0.024925 0.007868
34 0.395687 0.137726 0.024923 0.007717
34 0.670002 0.023695 0.012760 0.011248
34 0.657660 0.034876 0.008229 0.007193
34 0.638892 0.035138 0.008598 0.007717
34 0.600664 0.029383 0.009430 0.006671
34 0.566454 0.024218 0.012941 0.012818
34 0.615594 0.180311 0.012111 0.012687
34 0.543516 0.089915 0.014543 0.013337
34 0.566689 0.079910 0.013104 0.012320
34 0.580272 0.079798 0.013743 0.012323
34 0.605243 0.112408 0.009668 0.007461
34 0.644156 0.102744 0.014142 0.012773
34 0.664812 0.105683 0.025409 0.014357
34 0.633569 0.141290 0.014382 0.013226
34 0.633648 0.128176 0.013904 0.013451
34 0.683963 0.270365 0.013497 0.013354
34 0.658770 0.201891 0.007673 0.006409
34 0.641943 0.179272 0.020062 0.013197
34 0.673099 0.192742 0.008781 0.006161
34 0.696906 0.241847 0.013497 0.012818
34 0.678461 0.213988 0.013961 0.012553
34 0.694872 0.221777 0.013129 0.012411
34 0.691543 0.172608 0.004807 0.008760
34 0.703285 0.183652 0.012387 0.012804
34 0.703239 0.162400 0.013590 0.012174
34 0.737429 0.153866 0.008135 0.007065
34 0.738677 0.140067 0.013036 0.012947
34 0.708139 0.161713 0.007736 0.016478
34 0.707121 0.183621 0.005701 0.013209
34 0.729387 0.090892 0.040123 0.021054
34 0.595902 0.164231 0.013590 0.011624
34 0.580232 0.163968 0.013683 0.012673
34 0.545516 0.176975 0.013590 0.013340
34 0.531556 0.218574 0.004716 0.009168
34 0.545007 0.245319 0.013314 0.012411
34 0.544545 0.230801 0.013497 0.012152
34 0.551618 0.218377 0.004714 0.009561
34 0.553605 0.198098 0.008137 0.007977
34 0.636489 0.241584 0.013405 0.012818
34 0.834919 0.072516 0.012111 0.012556
34 0.875968 0.030926 0.013036 0.011770
34 0.835474 0.201995 0.007673 0.007586
34 0.790543 0.191991 0.013221 0.013471
34 0.716997 0.218277 0.023298 0.018703
34 0.751574 0.183423 0.012943 0.012556
34 0.751390 0.169822 0.012575 0.012553
34 0.919144 0.116982 0.008948 0.007472
34 0.935404 0.104316 0.012065 0.012434
34 0.970481 0.113879 0.024371 0.008253
34 0.943195 0.133710 0.011825 0.013349
34 0.917586 0.188589 0.012226 0.013235
34 0.920462 0.221703 0.011267 0.012320
34 0.925895 0.233347 0.004716 0.010513
34 0.943834 0.221929 0.011825 0.011867
34 0.949467 0.233572 0.004075 0.010513
34 0.969043 0.198418 0.020056 0.007575
34 0.835058 0.058914 0.012019 0.012032
34 0.824057 0.083961 0.004807 0.010071
34 0.804753 0.030911 0.013531 0.014748
34 0.734771 0.037971 0.044361 0.016318
34 0.061801 0.332040 0.024593 0.015304
34 0.088566 0.328770 0.023022 0.013995
34 0.099984 0.295551 0.027921 0.009547
34 0.135577 0.276260 0.013866 0.012816
34 0.150184 0.262854 0.014422 0.012947
34 0.144221 0.299735 0.009523 0.006931
34 0.160586 0.312029 0.005085 0.009285
34 0.154669 0.326285 0.013592 0.013209
34 0.173067 0.346492 0.014885 0.012556
34 0.171541 0.287180 0.013497 0.011117
34 0.106917 0.481072 0.013129 0.014910
34 0.948348 0.147958 0.004875 0.011305
34 0.943275 0.161405 0.011984 0.012647
34 0.070122 0.444451 0.004623 0.010202
34 0.063603 0.432680 0.012851 0.011773
34 0.081077 0.402078 0.007859 0.007324
34 0.063742 0.417116 0.013129 0.012556
34 0.101971 0.417575 0.013592 0.013212
34 0.100816 0.439612 0.013683 0.013081
34 0.114359 0.496962 0.007857 0.006931
34 0.127072 0.459688 0.005731 0.014258
34 0.119583 0.413455 0.012760 0.013602
34 0.114591 0.400507 0.005363 0.010202
34 0.119953 0.387364 0.012387 0.012425
34 0.096562 0.386708 0.013314 0.013993
34 0.071231 0.379711 0.012760 0.013602
34 0.345541 0.379658 0.005514 0.010738
34 0.341545 0.421143 0.020854 0.020006
34 0.334073 0.379940 0.005274 0.010174
34 0.314458 0.398981 0.021495 0.020248
34 0.305788 0.325006 0.013425 0.011983
34 0.305548 0.339078 0.013263 0.012548
34 0.311860 0.357107 0.005115 0.011530
34 0.327642 0.347726 0.013664 0.012209
34 0.327801 0.363099 0.013503 0.012662
34 0.217486 0.321614 0.013263 0.011983
34 0.223998 0.335348 0.004716 0.011191
34 0.217886 0.347951 0.013104 0.011530
34 0.190558 0.325570 0.013425 0.012434
34 0.183687 0.274423 0.013904 0.012095
34 0.217486 0.287703 0.020616 0.028259
34 0.256328 0.271651 0.014384 0.011755
34 0.276938 0.277858 0.014855 0.012434
34 0.296279 0.274591 0.018537 0.012659
34 0.296559 0.287137 0.017977 0.013112
34 0.370870 0.254316 0.013183 0.010484
34 0.525505 0.339949 0.014547 0.013468
34 0.525665 0.325574 0.014226 0.013468
34 0.525450 0.267465 0.023427 0.027692
34 0.493039 0.267541 0.013157 0.012106
34 0.504431 0.330567 0.014333 0.013166
34 0.488280 0.337377 0.014762 0.012257
34 0.442282 0.360151 0.013477 0.012710
34 0.431157 0.333443 0.005135 0.010442
34 0.442817 0.336090 0.013479 0.012408
34 0.442229 0.319823 0.013370 0.013166
34 0.463142 0.334577 0.020324 0.014226
34 0.457151 0.298638 0.010270 0.008321
34 0.441586 0.280251 0.010590 0.008475
34 0.406073 0.258158 0.013584 0.013317
34 0.370451 0.398058 0.022357 0.020732
34 0.367938 0.357125 0.005135 0.011804
34 0.380133 0.339647 0.014549 0.013166
34 0.379491 0.324362 0.014547 0.011955
34 0.399280 0.330339 0.013693 0.012106
34 0.412972 0.336771 0.013479 0.012562
34 0.417733 0.402447 0.005240 0.011351
34 0.683110 0.338755 0.012873 0.011907
34 0.643938 0.359239 0.013985 0.012955
34 0.643505 0.333416 0.013118 0.012781
34 0.600868 0.342957 0.012748 0.011904
34 0.599444 0.325098 0.013614 0.012254
34 0.610274 0.287542 0.016708 0.012080
34 0.658853 0.267494 0.012871 0.011556
34 0.645609 0.266969 0.013616 0.011904
34 0.629520 0.276686 0.014357 0.013132
34 0.610398 0.269070 0.019925 0.012958
34 0.671663 0.412467 0.014232 0.012605
34 0.626611 0.432951 0.004579 0.009806
34 0.633976 0.472083 0.013120 0.011730
34 0.647776 0.472434 0.012748 0.011730
34 0.700191 0.448272 0.013614 0.012781
34 0.681750 0.461404 0.011138 0.006478
34 0.669930 0.448973 0.012996 0.012080
34 0.647776 0.433652 0.012252 0.011556
34 0.634903 0.434352 0.012748 0.010504
34 0.643505 0.405725 0.012377 0.012083
34 0.658977 0.418769 0.011140 0.007005
34 0.682307 0.311966 0.012502 0.011553
34 0.689051 0.325536 0.004456 0.010331
34 0.531633 0.356526 0.004208 0.013132
34 0.547042 0.347858 0.013491 0.014007
34 0.547723 0.362303 0.013366 0.012431
34 0.553966 0.380338 0.004591 0.011032
34 0.561151 0.421134 0.021412 0.018735
34 0.565112 0.379288 0.005075 0.011382
34 0.577173 0.348209 0.015361 0.014007
34 0.577104 0.362479 0.014728 0.013833
34 0.599383 0.376224 0.013241 0.013656
34 0.587005 0.393557 0.006311 0.012254
34 0.590348 0.435315 0.021908 0.020484
34 0.607490 0.492831 0.009654 0.007002
34 0.622033 0.476110 0.005322 0.009980
34 0.616896 0.443894 0.005447 0.012434
34 0.748617 0.460903 0.010909 0.007193
34 0.739002 0.431019 0.004623 0.010986
34 0.824104 0.351109 0.005270 0.009940
34 0.761560 0.432197 0.012758 0.012032
34 0.748155 0.432458 0.012019 0.011773
34 0.771360 0.404534 0.013127 0.012425
34 0.789388 0.417941 0.010725 0.006540
34 0.816615 0.390410 0.014144 0.012163
34 0.787538 0.391325 0.029029 0.015041
34 0.754348 0.388122 0.007766 0.006800
34 0.726705 0.355816 0.005546 0.014648
34 0.737615 0.336461 0.013868 0.013081
34 0.749171 0.349409 0.004438 0.009419
34 0.744918 0.349669 0.003882 0.009416
34 0.737568 0.361703 0.013961 0.011773
34 0.608789 0.389454 0.021164 0.008205
34 0.868758 0.325999 0.007673 0.007062
34 0.879390 0.340188 0.012853 0.012163
34 0.879620 0.373343 0.013129 0.013081
34 0.866678 0.371250 0.005363 0.011510
34 0.844720 0.322532 0.014331 0.012422
34 0.818048 0.324822 0.013497 0.012294
34 0.817955 0.339729 0.013497 0.012294
34 0.710403 0.472806 0.012264 0.011904
34 0.779772 0.483662 0.013683 0.012163
34 0.865984 0.414213 0.024313 0.007977
34 0.824104 0.454366 0.026350 0.014517
34 0.759849 0.361898 0.013590 0.012163
34 0.760173 0.337049 0.013497 0.012685
34 0.790775 0.319852 0.012573 0.012556
34 0.802192 0.353136 0.008413 0.006934
34 0.757076 0.268648 0.013592 0.012685
34 0.756983 0.284538 0.013592 0.013078
34 0.749772 0.299122 0.009891 0.007193
34 0.783655 0.287089 0.021634 0.027070
34 0.805983 0.277018 0.014146 0.013471
34 0.826969 0.271721 0.014515 0.012032
34 0.836862 0.293105 0.004160 0.011117
34 0.845321 0.266556 0.013129 0.013209
34 0.859235 0.258839 0.013407 0.012422
34 0.874767 0.262828 0.013407 0.013078
34 0.855907 0.287743 0.013405 0.011901
34 0.878372 0.312920 0.013405 0.012816
34 0.970873 0.454078 0.008044 0.007586
34 0.911377 0.365370 0.005832 0.009270
34 0.967429 0.348071 0.013904 0.014027
34 0.948173 0.353666 0.008791 0.006227
34 0.932043 0.457673 0.020802 0.018179
34 0.935747 0.393686 0.032522 0.017746
34 0.883652 0.340164 0.006628 0.012206
34 0.919887 0.288438 0.013263 0.012545
34 0.903426 0.299289 0.010707 0.007122
34 0.884611 0.313193 0.008546 0.012320
34 0.940502 0.322192 0.012945 0.012659
34 0.924601 0.321908 0.013425 0.013676
34 0.153171 0.719394 0.014239 0.011510
34 0.159735 0.705795 0.004438 0.010467
34 0.169858 0.682055 0.014144 0.012425
34 0.145081 0.693760 0.008598 0.006278
34 0.150397 0.657271 0.014239 0.013340
34 0.138656 0.670023 0.013683 0.013212
34 0.099965 0.690490 0.027826 0.009940
34 0.103175 0.566583 0.023965 0.008795
34 0.100615 0.521448 0.004893 0.010162
34 0.112015 0.534882 0.013328 0.013189
34 0.111289 0.510212 0.012156 0.012702
34 0.935566 0.538880 0.014331 0.004030
34 0.278270 0.543002 0.009247 0.006409
34 0.323571 0.563078 0.012573 0.012294
34 0.310906 0.570467 0.012573 0.012950
34 0.298239 0.570338 0.013127 0.013733
34 0.315620 0.612974 0.005363 0.009288
34 0.309472 0.624548 0.013775 0.011508
34 0.309611 0.639524 0.013683 0.012425
34 0.297176 0.683729 0.017474 0.012685
34 0.295974 0.670848 0.018213 0.013340
34 0.271012 0.672677 0.013592 0.011773
34 0.255572 0.660123 0.013590 0.012818
34 0.219146 0.683206 0.022466 0.026287
34 0.194740 0.659598 0.013775 0.011770
34 0.183415 0.673331 0.013497 0.011770
34 0.172539 0.740647 0.014329 0.012687
34 0.341461 0.652210 0.004714 0.012947
34 0.329257 0.640111 0.013961 0.012032
34 0.328655 0.625398 0.014422 0.011901
34 0.335544 0.614020 0.004899 0.009025
34 0.328563 0.530775 0.012943 0.012032
34 0.524301 0.661693 0.021894 0.029051
34 0.525379 0.639538 0.013824 0.012773
34 0.190570 0.719944 0.014295 0.013579
34 0.223062 0.744369 0.012844 0.012408
34 0.229070 0.729860 0.005663 0.010550
34 0.223409 0.716868 0.013259 0.012505
34 0.305913 0.719957 0.014239 0.012950
34 0.305635 0.734416 0.014053 0.012046
34 0.327962 0.742844 0.014515 0.012163
34 0.440122 0.714651 0.013664 0.014015
34 0.440242 0.734715 0.013904 0.013904
34 0.462296 0.735789 0.025409 0.007686
34 0.525540 0.734772 0.013824 0.012884
34 0.525664 0.720700 0.014071 0.013226
34 0.503486 0.725503 0.015103 0.012659
34 0.485467 0.732172 0.014702 0.011981
34 0.450429 0.694192 0.009190 0.006555
34 0.436413 0.651463 0.013584 0.012434
34 0.454945 0.673676 0.010707 0.006897
34 0.487905 0.661016 0.012865 0.012998
34 0.518428 0.567365 0.013503 0.013112
34 0.392698 0.609131 0.013104 0.011416
34 0.379075 0.660789 0.024210 0.029501
34 0.379954 0.734828 0.013824 0.012095
34 0.380033 0.719964 0.014623 0.012884
34 0.396622 0.725333 0.015181 0.012998
34 0.412603 0.731775 0.014384 0.012773
34 0.428856 0.730363 0.004714 0.011305
34 0.525619 0.624165 0.013503 0.012548
34 0.457820 0.592742 0.007990 0.007575
34 0.492739 0.583078 0.014704 0.013565
34 0.373369 0.530741 0.013584 0.013337
34 0.361863 0.542553 0.004633 0.010966
34 0.373849 0.555721 0.014704 0.013112
34 0.366770 0.587881 0.027726 0.005765
34 0.399650 0.588108 0.027967 0.008025
34 0.406603 0.555271 0.013584 0.013112
34 0.394456 0.542270 0.005274 0.011077
34 0.406203 0.531250 0.013263 0.013226
34 0.461176 0.508699 0.010866 0.007914
34 0.460937 0.518363 0.010548 0.007800
34 0.520194 0.543685 0.010308 0.006669
34 0.547328 0.742774 0.013983 0.013112
34 0.530235 0.734466 0.004063 0.012095
34 0.551803 0.613743 0.004714 0.009156
34 0.545011 0.640365 0.013983 0.012209
34 0.531626 0.613235 0.005274 0.009496
34 0.533591 0.567003 0.010776 0.013112
34 0.544812 0.558977 0.012625 0.013337
34 0.554559 0.530606 0.013904 0.012434
34 0.530355 0.720281 0.004303 0.012434
34 0.544961 0.625353 0.013975 0.013112
34 0.692554 0.715702 0.013263 0.012773
34 0.699146 0.727911 0.005032 0.010060
34 0.692754 0.740854 0.013344 0.012662
34 0.648447 0.746335 0.012784 0.012773
34 0.600544 0.738537 0.012224 0.010963
34 0.599186 0.719999 0.013824 0.011641
34 0.573697 0.713668 0.017977 0.011416
34 0.577612 0.742606 0.014462 0.012320
34 0.830004 0.667040 0.015262 0.012884
34 0.807950 0.673089 0.014301 0.012773
34 0.871474 0.681170 0.014144 0.011305
34 0.907775 0.694169 0.005562 0.007689
34 0.645314 0.547210 0.010306 0.007233
34 0.626937 0.573152 0.012544 0.011644
34 0.681751 0.577166 0.009508 0.007686
34 0.609934 0.685465 0.018058 0.012434
34 0.609773 0.668453 0.019176 0.012773
34 0.639817 0.672127 0.013743 0.011983
34 0.654200 0.667833 0.013743 0.013112
34 0.748541 0.733109 0.013743 0.012095
34 0.736555 0.745714 0.004795 0.009045
34 0.730843 0.745828 0.004555 0.008817
34 0.723451 0.757469 0.013263 0.012659
34 0.723452 0.732657 0.013584 0.011641
34 0.809748 0.786606 0.013743 0.006726
34 0.804634 0.729154 0.013104 0.012095
34 0.805075 0.744357 0.012865 0.011758
34 0.846384 0.726498 0.013662 0.012209
34 0.869797 0.729889 0.006793 0.006783
34 0.879744 0.715702 0.013904 0.012545
34 0.845585 0.688970 0.005195 0.009493
34 0.935067 0.526411 0.008149 0.008205
34 0.855095 0.658733 0.013344 0.012548
34 0.869996 0.651499 0.014863 0.011416
34 0.880144 0.743950 0.013983 0.012095
34 0.880424 0.777296 0.013104 0.012095
34 0.867919 0.774979 0.004714 0.010174
34 0.834502 0.521935 0.013985 0.012323
34 0.821557 0.533183 0.005193 0.010174
34 0.834502 0.508145 0.014303 0.013679
34 0.708348 0.613574 0.008155 0.007233
34 0.774750 0.603344 0.014384 0.011869
34 0.740991 0.663424 0.013344 0.012434
34 0.741310 0.679644 0.013664 0.013001
34 0.773991 0.680040 0.023251 0.026224
34 0.781063 0.715194 0.013584 0.011528
34 0.924467 0.645061 0.005042 0.010647
34 0.917665 0.633534 0.013811 0.012214
34 0.948984 0.645158 0.004490 0.010453
34 0.942493 0.633534 0.014019 0.012214
34 0.967560 0.610087 0.021753 0.009476
34 0.915869 0.600561 0.014502 0.011918
34 0.936104 0.570765 0.013811 0.012895
34 0.942873 0.556599 0.004420 0.009966
34 0.883394 0.743926 0.006112 0.012217
34 0.919771 0.724390 0.014019 0.012605
34 0.919494 0.514004 0.014710 0.013873
34 0.345598 0.774836 0.004883 0.010083
34 0.341874 0.815789 0.023064 0.019712
34 0.333707 0.774722 0.005766 0.012123
34 0.327780 0.758068 0.014255 0.012573
34 0.314406 0.793698 0.021463 0.020846
34 0.311683 0.752447 0.005127 0.010450
34 0.935759 0.543703 0.013674 0.014070
34 0.965800 0.523284 0.025274 0.007036
34 0.935621 0.724292 0.013535 0.011234
34 0.956650 0.687266 0.030040 0.012799
34 0.927506 0.684286 0.013880 0.012898
34 0.909757 0.693616 0.010014 0.007717
34 0.886640 0.656053 0.012603 0.011724
34 0.612306 0.784128 0.021126 0.007338
34 0.590299 0.830006 0.021775 0.019926
34 0.587565 0.788846 0.005187 0.010225
34 0.565188 0.774560 0.005280 0.011012
34 0.576956 0.757323 0.013993 0.013500
34 0.561899 0.816111 0.023906 0.020185
34 0.371006 0.793494 0.022585 0.020507
34 0.531844 0.752146 0.004643 0.009849
34 0.553748 0.774347 0.005526 0.010536
34 0.547420 0.757864 0.013535 0.011328
34 0.534086 0.792702 0.022262 0.020279
34 0.440559 0.757978 0.014656 0.012462
34 0.367843 0.752146 0.005526 0.009849
34 0.697782 0.810999 0.013251 0.011795
34 0.682355 0.815455 0.010193 0.007865
34 0.699821 0.848749 0.013066 0.011536
34 0.679065 0.848225 0.013437 0.013109
34 0.623007 0.899477 0.013064 0.013631
34 0.623053 0.885714 0.012971 0.012060
34 0.629076 0.872606 0.004631 0.010222
34 0.621293 0.845473 0.004819 0.013368
34 0.631253 0.830530 0.005467 0.009963
34 0.641909 0.832103 0.012879 0.011798
34 0.666834 0.803069 0.013064 0.011929
34 0.648349 0.750272 0.009635 0.006101
34 0.647700 0.763220 0.013157 0.012716
34 0.599657 0.771741 0.013805 0.012454
34 0.228812 0.113256 0.013016 0.011983
34 0.228892 0.125409 0.013018 0.012095
34 0.235160 0.102179 0.004954 0.008592
34 0.242999 0.215272 0.004954 0.013001
34 0.277797 0.205551 0.019897 0.014129
34 0.318669 0.179269 0.013104 0.011077
34 0.331494 0.179439 0.011747 0.011416
34 0.366811 0.184469 0.013183 0.012659
34 0.373079 0.236354 0.004643 0.008592
34 0.342240 0.253817 0.004795 0.013904
34 0.328777 0.245057 0.014303 0.012884
34 0.329176 0.230474 0.013824 0.012434
34 0.335608 0.218323 0.004633 0.010513
34 0.714308 0.873079 0.005526 0.011670
34 0.747992 0.757660 0.014255 0.012801
34 0.745548 0.782697 0.007768 0.008045
34 0.781226 0.785869 0.029152 0.014389
34 0.787111 0.756415 0.007768 0.007364
34 0.812338 0.754942 0.004563 0.009404
34 0.741505 0.829994 0.012494 0.011781
34 0.732414 0.829145 0.004885 0.011217
34 0.905280 0.768626 0.004645 0.008834
34 0.933508 0.796552 0.032754 0.016426
34 0.934750 0.756278 0.007849 0.007022
34 0.195633 0.262263 0.014089 0.012214
33 0.135101 0.287714 0.008356 0.008213
33 0.329230 0.102767 0.009758 0.016005
33 0.315920 0.102924 0.008874 0.016945
33 0.303279 0.114377 0.009760 0.019766
33 0.331227 0.194158 0.009758 0.016472
33 0.319131 0.193659 0.008636 0.016215
33 0.184093 0.286220 0.008469 0.011203
33 0.356185 0.184822 0.008098 0.015064
33 0.555038 0.177605 0.006765 0.013180
33 0.580755 0.094765 0.008207 0.016945
33 0.544507 0.106690 0.009760 0.020710
33 0.566800 0.094451 0.009539 0.017572
33 0.559036 0.177605 0.013088 0.013807
33 0.580109 0.179017 0.008650 0.016632
33 0.595746 0.179487 0.009317 0.016318
33 0.094275 0.481663 0.011587 0.013676
33 0.150335 0.279236 0.008310 0.019555
33 0.135234 0.292857 0.008791 0.019895
33 0.312626 0.275881 0.013950 0.010650
33 0.312833 0.287361 0.013398 0.009769
33 0.277337 0.293417 0.007736 0.018951
33 0.255756 0.285261 0.009047 0.015925
33 0.196351 0.278695 0.008632 0.020222
33 0.184092 0.292079 0.008701 0.021981
33 0.399323 0.314238 0.009412 0.018159
33 0.504528 0.314390 0.010377 0.018766
33 0.487574 0.323015 0.009200 0.015737
33 0.412106 0.323166 0.009305 0.014830
33 0.406062 0.274668 0.008558 0.019219
33 0.628833 0.360030 0.015618 0.013619
33 0.628672 0.333624 0.016793 0.013163
33 0.628512 0.293296 0.009200 0.019068
33 0.592784 0.287395 0.014335 0.012106
33 0.592784 0.270522 0.013477 0.010744
33 0.572728 0.305477 0.009734 0.012260
33 0.683357 0.285693 0.008950 0.017182
33 0.826658 0.285836 0.008840 0.015731
33 0.807184 0.293457 0.009944 0.018854
33 0.744419 0.284481 0.010788 0.012548
33 0.744338 0.268823 0.011106 0.011969
33 0.845718 0.335661 0.009116 0.012211
33 0.924716 0.336579 0.008703 0.016121
33 0.940842 0.336627 0.008908 0.015631
33 0.139092 0.687093 0.008310 0.021248
33 0.150599 0.673529 0.008950 0.019895
33 0.184437 0.688958 0.008471 0.018538
33 0.195224 0.675450 0.008630 0.019330
33 0.254753 0.676468 0.008471 0.019781
33 0.270054 0.687941 0.009029 0.018310
33 0.313155 0.682888 0.013425 0.010849
33 0.312835 0.672093 0.013745 0.011191
33 0.353297 0.699756 0.009982 0.014121
33 0.337164 0.562694 0.013606 0.011921
33 0.309954 0.585604 0.008219 0.016121
33 0.298006 0.585799 0.008356 0.016119
33 0.436425 0.667123 0.009982 0.019769
33 0.396611 0.708857 0.011090 0.019139
33 0.412912 0.717910 0.009309 0.013574
33 0.484727 0.717605 0.008306 0.014588
33 0.502914 0.709400 0.008592 0.018435
33 0.517623 0.581999 0.008493 0.016606
33 0.572456 0.700541 0.011092 0.012551
33 0.532432 0.581811 0.008457 0.016389
33 0.558394 0.559316 0.013904 0.012095
33 0.592961 0.670443 0.013743 0.010627
33 0.593120 0.685365 0.013743 0.010399
33 0.639466 0.688133 0.008630 0.019105
33 0.653608 0.681069 0.008151 0.014015
33 0.633545 0.746619 0.016062 0.013112
33 0.829644 0.681056 0.009269 0.015147
33 0.846040 0.740011 0.008390 0.012989
33 0.808773 0.688518 0.009428 0.017635
33 0.728908 0.679926 0.010947 0.012209
33 0.728909 0.663649 0.011106 0.012206
33 0.935382 0.738296 0.008435 0.015229
33 0.919847 0.738247 0.008840 0.015326
33 0.633354 0.762571 0.016140 0.014135
21 0.490397 0.213170 0.007160 0.013893
21 0.433518 0.194232 0.007327 0.012767
21 0.826821 0.099206 0.008388 0.015774
21 0.742974 0.199094 0.007609 0.012220
21 0.951419 0.178742 0.007158 0.014292
21 0.951840 0.245140 0.007577 0.013101
21 0.929004 0.246034 0.009051 0.013101
21 0.073000 0.456935 0.008836 0.011619
21 0.226705 0.372881 0.007266 0.014015
21 0.433818 0.385028 0.009466 0.014639
21 0.679087 0.488901 0.007297 0.012343
21 0.639690 0.288376 0.007538 0.012767
21 0.658267 0.452603 0.008805 0.015147
21 0.655967 0.488901 0.007377 0.012343
21 0.691482 0.353722 0.006791 0.014802
21 0.748993 0.385124 0.006890 0.013451
21 0.770827 0.451177 0.007802 0.014865
21 0.825353 0.408390 0.008763 0.013759
21 0.824683 0.548045 0.009704 0.016153
21 0.927478 0.657397 0.006547 0.013123
21 0.951618 0.658156 0.007023 0.013149
21 0.945453 0.587991 0.007707 0.011433
21 0.231454 0.767327 0.008070 0.013320
21 0.431663 0.782854 0.006791 0.013631
21 0.631748 0.915767 0.006795 0.013671
21 0.664611 0.851056 0.008175 0.014508
21 0.701971 0.766250 0.006980 0.013126
21 0.763781 0.848575 0.007615 0.015150
21 0.818391 0.806778 0.008330 0.015711
21 0.736388 0.775727 0.008993 0.007920
21 0.717412 0.912219 0.007299 0.013802
15 0.087826 0.439718 0.011890 0.015121
15 0.920276 0.304360 0.011503 0.015697
15 0.927751 0.699859 0.010369 0.017757
6 0.237846 0.095071 0.003332 0.005611
6 0.246311 0.151723 0.004384 0.005868
6 0.345274 0.241716 0.004662 0.006594
6 0.338110 0.210100 0.005141 0.006788
6 0.318642 0.209615 0.004319 0.005819
6 0.376100 0.205834 0.003977 0.003881
6 0.480787 0.161536 0.004386 0.005113
6 0.473559 0.170295 0.003672 0.006706
6 0.489660 0.122586 0.003263 0.004694
6 0.694448 0.149765 0.005427 0.007447
6 0.534618 0.209597 0.004386 0.005868
6 0.554348 0.210519 0.005095 0.006036
6 0.648402 0.039139 0.005483 0.005819
6 0.827211 0.313142 0.003177 0.005469
6 0.338217 0.605675 0.004549 0.006221
6 0.318850 0.604662 0.004903 0.007444
6 0.344257 0.641459 0.003985 0.006275
6 0.534466 0.604645 0.004549 0.006669
6 0.554280 0.605606 0.004873 0.006783
6 0.814407 0.718857 0.004378 0.005654
5 0.459359 0.204611 0.007840 0.013998
5 0.805036 0.047271 0.007816 0.014833
5 0.791136 0.205891 0.007293 0.013867
5 0.778823 0.496951 0.006960 0.013166
5 0.874217 0.276007 0.007992 0.013463
5 0.493060 0.597663 0.007313 0.014249
5 0.774406 0.618765 0.009706 0.017769
5 0.885093 0.668052 0.007095 0.013123
4 0.502753 0.194105 0.008971 0.010781
4 0.678697 0.227496 0.009085 0.014543
4 0.492433 0.280416 0.008487 0.014203
4 0.698911 0.461626 0.009515 0.013728
4 0.770887 0.418934 0.009112 0.015081
4 0.487440 0.674166 0.007675 0.013708
4 0.699949 0.861889 0.008963 0.014540
4 0.763168 0.816661 0.008201 0.014537
3 0.305553 0.162553 0.008165 0.012801
3 0.266648 0.091518 0.007260 0.014081
3 0.503007 0.211989 0.010179 0.011200
3 0.553415 0.158233 0.009069 0.013121
3 0.615504 0.192471 0.009750 0.013121
3 0.669348 0.035842 0.007915 0.013440
3 0.875046 0.043360 0.008368 0.013759
3 0.935579 0.117615 0.008544 0.013559
3 0.918238 0.201921 0.008636 0.013559
3 0.172039 0.299954 0.007655 0.014078
3 0.088895 0.416587 0.010631 0.015038
3 0.359414 0.254557 0.009279 0.010966
3 0.695586 0.255315 0.009726 0.012482
3 0.635647 0.254996 0.011535 0.011844
3 0.668557 0.461385 0.008596 0.013759
3 0.644580 0.418826 0.008596 0.013759
3 0.860108 0.272116 0.009297 0.014081
3 0.879446 0.353232 0.008167 0.013759
3 0.879333 0.326671 0.008392 0.013759
3 0.779696 0.320913 0.010427 0.011841
3 0.855583 0.300754 0.010655 0.015038
3 0.884361 0.493004 0.008046 0.013252
3 0.171072 0.694848 0.006930 0.013668
3 0.328851 0.543588 0.008390 0.013440
3 0.392729 0.621503 0.010880 0.013118
3 0.554885 0.543749 0.007035 0.011841
3 0.636201 0.577347 0.009069 0.013759
3 0.872774 0.695113 0.007393 0.013252
3 0.769962 0.715865 0.009956 0.013696
3 0.869834 0.663901 0.009748 0.013440
3 0.880690 0.729655 0.009297 0.013759
3 0.916930 0.614584 0.007917 0.014149
3 0.919638 0.527628 0.009168 0.015329
3 0.667150 0.816500 0.007790 0.015361
3 0.678396 0.862258 0.009275 0.014719
3 0.879797 0.757784 0.009275 0.014400
1 0.420412 0.138417 0.004966 0.014440
1 0.695323 0.231634 0.009273 0.007253
1 0.643555 0.141130 0.005018 0.011573
1 0.729445 0.140497 0.005344 0.012810
1 0.163178 0.325477 0.004075 0.010721
1 0.087721 0.386238 0.005236 0.015275
1 0.061760 0.379756 0.005453 0.015586
1 0.172792 0.337408 0.007659 0.006227
1 0.671756 0.422488 0.008257 0.007472
1 0.172592 0.730556 0.007794 0.006942
1 0.162299 0.719578 0.004130 0.010202
1 0.697916 0.820693 0.008370 0.006401
0 0.338385 0.230177 0.004418 0.009649
0 0.338413 0.244927 0.004472 0.010522
0 0.318618 0.243860 0.004138 0.010125
0 0.338721 0.202016 0.005201 0.004112
0 0.315279 0.116795 0.003640 0.007680
0 0.279654 0.151834 0.005226 0.010559
0 0.238192 0.112462 0.004688 0.010938
0 0.238023 0.125144 0.004253 0.009775
0 0.318563 0.229108 0.003914 0.010522
0 0.489469 0.140409 0.004724 0.010251
0 0.490505 0.192942 0.004075 0.010251
0 0.395693 0.105567 0.004658 0.011624
0 0.489340 0.152811 0.003817 0.010160
0 0.368974 0.081955 0.004140 0.010710
0 0.369039 0.105567 0.004529 0.011260
0 0.395369 0.082046 0.004658 0.011257
0 0.375951 0.227968 0.004472 0.010362
0 0.375839 0.215154 0.004361 0.010205
0 0.433566 0.178594 0.003969 0.010165
0 0.433341 0.165251 0.004567 0.010165
0 0.566785 0.109561 0.002724 0.007096
0 0.643486 0.127925 0.004011 0.010185
0 0.571555 0.188105 0.005117 0.003927
0 0.554186 0.244863 0.003908 0.010633
0 0.554137 0.230192 0.003608 0.010775
0 0.534496 0.244226 0.004009 0.010772
0 0.534546 0.229625 0.004510 0.010775
0 0.694509 0.162464 0.004591 0.010598
0 0.694703 0.183314 0.004301 0.010459
0 0.566734 0.033360 0.008159 0.007096
0 0.742852 0.183260 0.004446 0.010527
0 0.742852 0.170031 0.004349 0.010869
0 0.826900 0.072472 0.004142 0.010524
0 0.826963 0.058881 0.003882 0.010616
0 0.951131 0.161627 0.004317 0.010789
0 0.951750 0.222149 0.003878 0.009735
0 0.928246 0.222321 0.004265 0.011037
0 0.950991 0.134342 0.003924 0.010627
0 0.072830 0.433064 0.003844 0.010339
0 0.072809 0.416992 0.003886 0.010342
0 0.150441 0.293176 0.003751 0.007230
0 0.111513 0.386606 0.004698 0.011707
0 0.111512 0.413105 0.004809 0.011391
0 0.336910 0.348378 0.004585 0.010442
0 0.314766 0.339637 0.004472 0.010519
0 0.314990 0.324766 0.004585 0.010205
0 0.336770 0.362853 0.003971 0.010601
0 0.255703 0.297122 0.002909 0.007199
0 0.226360 0.321830 0.004400 0.010983
0 0.196179 0.291995 0.002911 0.007506
0 0.226684 0.348876 0.004529 0.010342
0 0.182127 0.325363 0.004593 0.010527
0 0.348204 0.348101 0.004249 0.010046
0 0.348259 0.362971 0.004025 0.010205
0 0.487900 0.312327 0.004309 0.007515
0 0.433235 0.360597 0.004811 0.012759
0 0.442253 0.345711 0.008016 0.006520
0 0.433234 0.319771 0.005010 0.011624
0 0.411899 0.312378 0.003133 0.007355
0 0.370856 0.339550 0.004698 0.011234
0 0.370716 0.325708 0.004418 0.011707
0 0.691496 0.337982 0.004523 0.012630
0 0.691148 0.313215 0.005218 0.013941
0 0.658109 0.276455 0.007568 0.006133
0 0.646917 0.276178 0.007440 0.006133
0 0.683263 0.297063 0.003300 0.007139
0 0.534273 0.325188 0.004291 0.011647
0 0.534214 0.340114 0.004408 0.011975
0 0.556592 0.363240 0.003942 0.010333
0 0.556360 0.348150 0.004637 0.010333
0 0.567838 0.348397 0.004637 0.010826
0 0.567955 0.362995 0.004637 0.010824
0 0.634972 0.481010 0.008348 0.006398
0 0.647320 0.480764 0.008233 0.005905
0 0.688770 0.481009 0.007653 0.006070
0 0.648422 0.442874 0.008116 0.006233
0 0.635493 0.442710 0.008697 0.006235
0 0.590564 0.376938 0.004637 0.011482
0 0.600419 0.352005 0.007885 0.006888
0 0.590332 0.325435 0.004637 0.011154
0 0.709832 0.481693 0.007657 0.006418
0 0.761142 0.440908 0.007393 0.006016
0 0.748360 0.440771 0.007635 0.005742
0 0.815930 0.398924 0.007395 0.005332
0 0.751252 0.362193 0.003967 0.010484
0 0.746986 0.361929 0.003368 0.010590
0 0.751178 0.337256 0.004267 0.010379
0 0.746911 0.337149 0.004116 0.010165
0 0.738538 0.297307 0.003129 0.007324
0 0.826602 0.297568 0.003445 0.007412
0 0.827257 0.324624 0.004531 0.010519
0 0.827229 0.339138 0.004027 0.010598
0 0.845569 0.349107 0.003020 0.007435
0 0.879180 0.383160 0.007486 0.007307
0 0.845765 0.275574 0.007440 0.006224
0 0.924546 0.351322 0.002919 0.007250
0 0.966713 0.357893 0.007979 0.007156
0 0.150547 0.687384 0.002758 0.007090
0 0.103166 0.510289 0.003801 0.010222
0 0.103228 0.534161 0.003842 0.010932
0 0.231819 0.744008 0.004637 0.011647
0 0.315068 0.719980 0.004637 0.011154
0 0.336733 0.594176 0.005203 0.005759
0 0.254662 0.691111 0.004637 0.008527
0 0.314664 0.734496 0.004057 0.011317
0 0.336693 0.743025 0.003596 0.010661
0 0.348113 0.743517 0.003942 0.010989
0 0.318722 0.639035 0.004523 0.010661
0 0.318547 0.624437 0.003942 0.010989
0 0.231646 0.716862 0.004057 0.010168
0 0.181531 0.719433 0.004194 0.010835
0 0.195286 0.689216 0.003634 0.007358
0 0.338549 0.625339 0.003826 0.010826
0 0.338374 0.639773 0.004871 0.011482
0 0.370785 0.720158 0.004204 0.010433
0 0.370752 0.734755 0.004140 0.010707
0 0.431495 0.714238 0.004529 0.011074
0 0.439905 0.743431 0.007635 0.006498
0 0.485465 0.706298 0.005902 0.009279
0 0.412972 0.706938 0.006581 0.007999
0 0.364329 0.555757 0.003292 0.010784
0 0.364286 0.531498 0.004071 0.011026
0 0.397198 0.531191 0.004243 0.010168
0 0.397025 0.555940 0.003896 0.011396
0 0.558998 0.590288 0.005683 0.004634
0 0.701837 0.740824 0.004722 0.010983
0 0.701579 0.715152 0.004464 0.010892
0 0.653639 0.691860 0.003689 0.006956
0 0.600465 0.746831 0.007421 0.006726
0 0.590495 0.720259 0.004639 0.010989
0 0.568117 0.743467 0.003942 0.011482
0 0.556406 0.743632 0.004174 0.010826
0 0.534667 0.734773 0.004523 0.011154
0 0.534492 0.720175 0.003711 0.011482
0 0.554378 0.639887 0.003828 0.010992
0 0.554378 0.625455 0.004754 0.010333
0 0.534725 0.638822 0.003942 0.010171
0 0.534261 0.624715 0.004637 0.012137
0 0.723076 0.692078 0.003437 0.007575
0 0.824730 0.508740 0.004416 0.010522
0 0.814471 0.744858 0.004011 0.010735
0 0.830024 0.692219 0.004093 0.007361
0 0.824675 0.522306 0.004305 0.010915
0 0.814568 0.730023 0.004108 0.010869
0 0.738973 0.733021 0.004194 0.010442
0 0.733269 0.733490 0.004865 0.011220
0 0.855540 0.667761 0.007051 0.006039
0 0.945013 0.570698 0.004087 0.010829
0 0.945012 0.543349 0.004476 0.011194
0 0.927296 0.633636 0.004865 0.010003
0 0.951624 0.634095 0.004347 0.011473
0 0.336686 0.758022 0.003759 0.010755
0 0.348213 0.758021 0.004009 0.010399
0 0.431253 0.757486 0.004790 0.010379
0 0.556402 0.758304 0.003634 0.010755
0 0.567976 0.758186 0.003971 0.010205
0 0.590398 0.771633 0.004305 0.011314
0 0.641879 0.841064 0.007182 0.005492
0 0.654558 0.841294 0.007440 0.005215
0 0.631529 0.899567 0.004525 0.011200
0 0.631190 0.885329 0.003846 0.011519
0 0.733190 0.758263 0.004639 0.010735
0 0.717111 0.884912 0.004722 0.010160
0 0.738748 0.758331 0.004446 0.010462
0 0.809011 0.797154 0.007933 0.005400
0 0.717305 0.898688 0.004206 0.010616
0 0.845712 0.752930 0.003378 0.007353
0 0.880326 0.787055 0.006990 0.005782
0 0.741236 0.838648 0.007633 0.005948
0 0.754207 0.838465 0.007697 0.005765
0 0.953641 0.760794 0.007363 0.005486
0 0.919587 0.754793 0.003541 0.007313
