34 0.785576 0.388828 0.031113 0.149336
34 0.729307 0.391162 0.034746 0.164375
34 0.674341 0.389087 0.033701 0.157119
34 0.615747 0.391938 0.038896 0.171123
34 0.690396 0.916763 0.049365 0.029346
35 0.693975 0.044629 0.042695 0.089258
34 0.687090 0.114902 0.160996 0.056914
35 0.614043 0.760142 0.052441 0.109189
34 0.623394 0.847856 0.109092 0.063330
34 0.717793 0.730610 0.031445 0.059717
34 0.549932 0.388325 0.037754 0.174287
25 0.746753 0.389224 0.506494 0.375264
34 0.894985 0.384424 0.095420 0.034746
