0 0.090425 0.862607 0.055420 0.031094
13 0.722324 0.643208 0.073184 0.103213
13 0.203418 0.647461 0.072480 0.094922
0 0.850244 0.732349 0.055840 0.031514
34 0.905293 0.433994 0.072422 0.031836
34 0.845249 0.689731 0.101709 0.051045
34 0.313799 0.689077 0.102422 0.051611
34 0.796753 0.627642 0.102510 0.054111
34 0.118633 0.533784 0.034121 0.060107
34 0.639873 0.534072 0.034062 0.060254
34 0.611211 0.821079 0.101582 0.052373
34 0.437739 0.689531 0.101279 0.050176
34 0.208623 0.572734 0.103516 0.053105
34 0.969692 0.841807 0.058799 0.032715
34 0.023887 0.990005 0.046797 0.019990
34 0.535410 0.590449 0.173437 0.125664
34 0.952300 0.689663 0.095400 0.051709
34 0.090391 0.820483 0.103340 0.051904
34 0.051729 0.591729 0.103457 0.128086
34 0.447412 0.841738 0.058574 0.032520
17 0.037119 0.720405 0.074238 0.109053
2 0.959961 0.733745 0.061484 0.031318
2 0.440825 0.732007 0.062646 0.039443
0 0.611167 0.862759 0.053271 0.031260
0 0.317969 0.732881 0.053770 0.030195
17 0.539434 0.723306 0.099766 0.103252
