34 0.951099 0.540378 0.097803 0.109008
34 0.094839 0.248005 0.105830 0.111229
0 0.500146 0.551528 0.027969 0.059560
34 0.181660 0.607272 0.108418 0.108929
34 0.802969 0.616077 0.108984 0.110034
33 0.179819 0.506663 0.063740 0.089425
34 0.827070 0.147920 0.108340 0.109436
34 0.034185 0.671804 0.068271 0.040676
0 0.058970 0.461133 0.078389 0.046618
0 0.828315 0.226556 0.081318 0.048805
0 0.234478 0.141172 0.043369 0.091139
34 0.493062 0.342903 0.318896 0.089504
0 0.394658 0.138754 0.042891 0.094510
0 0.802378 0.695947 0.078955 0.049256
33 0.190698 0.246939 0.082139 0.069752
34 0.935464 0.381499 0.102588 0.112108
34 0.061548 0.386212 0.108213 0.107621
34 0.038057 0.081561 0.076113 0.163123
33 0.958994 0.645744 0.059648 0.097982
33 0.189375 0.028923 0.084512 0.057847
34 0.163569 0.135259 0.104229 0.109977
34 0.425142 0.551973 0.107920 0.109989
34 0.324663 0.142300 0.101084 0.109335
