34 0.757451 0.037788 0.033672 0.051338
34 0.684414 0.010718 0.032363 0.021436
34 0.921880 0.379897 0.105010 0.059854
34 0.355928 0.037856 0.031816 0.052354
0 0.785654 0.913262 0.028945 0.050078
0 0.683228 0.381021 0.029014 0.049600
34 0.990498 0.822041 0.019004 0.059492
34 0.983823 0.011401 0.032314 0.022803
35 0.982983 0.271563 0.034033 0.096836
35 0.683105 0.270479 0.047070 0.101074
34 0.898115 0.010596 0.032520 0.021191
35 0.834590 0.272046 0.043828 0.100869
34 0.780986 0.665767 0.249297 0.176260
34 0.615591 0.379844 0.103525 0.060684
34 0.607783 0.010684 0.033555 0.021367
34 0.766948 0.380088 0.100654 0.059316
34 0.852837 0.911489 0.100654 0.059307
0 0.835195 0.380815 0.027988 0.048467
34 0.557686 0.918306 0.327539 0.153408
0 0.988076 0.381089 0.023848 0.047256
35 0.784116 0.803008 0.046436 0.100273
