11 0.482803 0.092344 0.082090 0.078145
11 0.352949 0.092261 0.081055 0.077256
34 0.033364 0.547788 0.054912 0.048896
34 0.906860 0.251138 0.047607 0.048467
34 0.402632 0.895347 0.100479 0.077197
34 0.264795 0.972134 0.041895 0.021201
34 0.203838 0.994468 0.046172 0.011064
3 0.975161 0.368125 0.049678 0.064609
20 0.794268 0.955806 0.159531 0.088389
17 0.880479 0.162842 0.083066 0.071367
11 0.406982 0.798892 0.097109 0.105205
6 0.181553 0.632998 0.023125 0.034688
34 0.813984 0.700542 0.166660 0.052686
7 0.109683 0.620439 0.067744 0.055918
34 0.718823 0.885488 0.094619 0.039785
34 0.791943 0.373125 0.075273 0.049453
34 0.108813 0.576865 0.043779 0.028477
11 0.404751 0.967627 0.100107 0.064746
3 0.118984 0.966094 0.069297 0.067813
11 0.223345 0.092646 0.081650 0.078086
34 0.400747 0.704321 0.101768 0.083584
