34 0.006802 0.460962 0.013604 0.048740
34 0.027622 0.804287 0.037197 0.028262
34 0.919424 0.991333 0.037754 0.017119
33 0.720825 0.975928 0.044619 0.046934
34 0.429165 0.586909 0.073467 0.051689
34 0.479604 0.366753 0.026318 0.035928
34 0.815654 0.346709 0.111934 0.051641
35 0.981260 0.482192 0.037480 0.082275
34 0.829937 0.188335 0.070459 0.051084
35 0.918306 0.341841 0.085615 0.039248
34 0.288232 0.366807 0.026836 0.035352
34 0.400547 0.756572 0.036504 0.025449
34 0.511055 0.911182 0.102539 0.096875
0 0.497192 0.462241 0.029971 0.052158
34 0.245195 0.586309 0.070430 0.052891
34 0.845830 0.974727 0.083516 0.049199
34 0.045015 0.589707 0.078350 0.052422
34 0.174229 0.661436 0.080020 0.048496
34 0.551577 0.661665 0.081416 0.048662
34 0.622549 0.586294 0.073262 0.053389
34 0.950103 0.561079 0.099795 0.076240
34 0.723276 0.926255 0.083154 0.049482
34 0.551377 0.462627 0.078418 0.051074
34 0.101455 0.364858 0.026426 0.036025
34 0.358970 0.661416 0.079385 0.047988
34 0.929849 0.412808 0.082471 0.053115
33 0.913975 0.188301 0.089121 0.060117
34 0.174146 0.462598 0.078916 0.050801
34 0.080625 0.128428 0.140371 0.076152
34 0.976963 0.956372 0.046074 0.073447
34 0.359287 0.462310 0.078691 0.050557
0 0.119414 0.660161 0.030352 0.053154
0 0.303784 0.462197 0.028994 0.052090
0 0.985181 0.410918 0.020889 0.033848
0 0.303555 0.659932 0.030449 0.053535
0 0.119111 0.462476 0.029707 0.051885
0 0.497002 0.660161 0.030840 0.053193
6 0.119810 0.727173 0.022803 0.029619
11 0.208223 0.538848 0.075410 0.061484
11 0.387456 0.535947 0.071924 0.058008
11 0.581772 0.537690 0.068447 0.054521
