3 0.843799 0.978506 0.058066 0.042988
34 0.926582 0.742300 0.145645 0.053232
33 0.560557 0.096812 0.051641 0.037744
34 0.435195 0.075835 0.033047 0.049346
34 0.750815 0.727441 0.032041 0.046035
34 0.508135 0.877837 0.304219 0.056123
35 0.832271 0.738071 0.037354 0.080830
34 0.935112 0.886729 0.108135 0.054063
34 0.099731 0.502300 0.180713 0.131768
34 0.847041 0.387397 0.100176 0.057549
34 0.681304 0.331509 0.032979 0.048350
34 0.638950 0.096309 0.094346 0.053340
34 0.637842 0.155420 0.093613 0.053477
34 0.139927 0.150098 0.048564 0.030723
21 0.872827 0.921533 0.029365 0.031367
0 0.702075 0.514902 0.040459 0.061914
33 0.252109 0.837056 0.035488 0.050537
34 0.522002 0.935981 0.278496 0.052686
33 0.560708 0.149956 0.046240 0.048389
34 0.149443 0.236519 0.298887 0.047314
34 0.140278 0.184370 0.052686 0.029033
32 0.164482 0.945010 0.047930 0.045449
0 0.872207 0.884097 0.018516 0.028193
34 0.947998 0.487715 0.102617 0.055176
34 0.630371 0.515327 0.103770 0.056143
34 0.949805 0.566655 0.100332 0.055928
34 0.927412 0.978491 0.109727 0.043018
34 0.323931 0.820840 0.104717 0.054121
34 0.960283 0.297891 0.079277 0.056465
34 0.964956 0.078379 0.069521 0.057930
34 0.936465 0.830151 0.106328 0.053271
34 0.512476 0.459448 0.031455 0.047881
34 0.949106 0.644585 0.101709 0.055537
0 0.872427 0.829473 0.019463 0.030137
0 0.772559 0.387520 0.040566 0.060684
34 0.637773 0.038511 0.094141 0.053271
