34 0.482490 0.884233 0.042129 0.029131
34 0.587139 0.860928 0.117871 0.053340
34 0.911611 0.662612 0.108906 0.062744
34 0.916318 0.583730 0.116523 0.055566
34 0.928872 0.503955 0.113838 0.060957
0 0.701499 0.971445 0.020654 0.034473
0 0.720991 0.250356 0.018018 0.031787
5 0.930396 0.814155 0.041514 0.030439
6 0.678389 0.233311 0.014160 0.013477
34 0.767749 0.972705 0.113389 0.054590
0 0.588369 0.902114 0.056270 0.029150
34 0.914077 0.865186 0.028682 0.042129
34 0.686855 0.932407 0.028691 0.046611
34 0.896377 0.817681 0.035410 0.030479
34 0.888311 0.734990 0.179727 0.068574
34 0.789443 0.254009 0.117871 0.061396
34 0.704512 0.291206 0.031367 0.045264
