0 0.225202 0.490435 0.058754 0.058760
34 0.095530 0.968511 0.191061 0.062275
34 0.198510 0.437153 0.040960 0.039463
35 0.226019 0.597319 0.074057 0.096221
35 0.679419 0.070151 0.074663 0.095869
35 0.568182 0.070146 0.070909 0.095527
34 0.047517 0.009751 0.095034 0.019502
34 0.385135 0.967466 0.294579 0.064463
34 0.233998 0.104751 0.292205 0.070537
34 0.196734 0.294570 0.309933 0.077676
34 0.628796 0.159590 0.284293 0.070430
35 0.171877 0.032769 0.077593 0.065459
35 0.281195 0.032983 0.075589 0.065557
34 0.110707 0.491401 0.176700 0.056494
