34 0.043096 0.971177 0.086152 0.057646
34 0.293491 0.970986 0.123857 0.058027
34 0.936758 0.970591 0.125000 0.058818
34 0.476646 0.244077 0.065635 0.039912
1 0.109575 0.972876 0.035264 0.054248
0 0.109458 0.858247 0.036162 0.073682
0 0.378730 0.857852 0.038145 0.074121
1 0.376353 0.973726 0.038154 0.052549
34 0.502334 0.857275 0.121680 0.074004
34 0.044761 0.857432 0.089424 0.073965
34 0.298306 0.857202 0.122080 0.074482
34 0.939424 0.857354 0.121152 0.075215
34 0.497959 0.970933 0.122363 0.058135
34 0.803774 0.550547 0.191396 0.062363
34 0.021753 0.245425 0.043506 0.042041
0 0.583047 0.857939 0.039414 0.075117
1 0.583037 0.972661 0.037754 0.054678
