24 0.845708 0.968818 0.105381 0.062363
33 0.308750 0.570933 0.074707 0.060791
34 0.126851 0.920781 0.156729 0.083652
34 0.182793 0.489214 0.038809 0.059268
33 0.309199 0.490674 0.073906 0.061699
34 0.946177 0.653462 0.105166 0.058936
33 0.513218 0.199731 0.109502 0.062432
33 0.529722 0.291748 0.072939 0.062109
34 0.898022 0.425518 0.099561 0.056484
33 0.335767 0.934419 0.060303 0.095439
34 0.661279 0.294893 0.168672 0.062031
34 0.430557 0.654824 0.153809 0.058262
34 0.661636 0.029453 0.173447 0.058320
32 0.208311 0.576279 0.061250 0.064258
33 0.307505 0.655137 0.078135 0.062461
33 0.527373 0.383403 0.077090 0.061650
34 0.429087 0.570928 0.151787 0.058184
34 0.429258 0.491729 0.153340 0.059805
34 0.472588 0.958643 0.067051 0.037930
34 0.333774 0.855044 0.113369 0.056689
34 0.656240 0.385610 0.168711 0.061436
34 0.664561 0.108423 0.168340 0.059990
34 0.847803 0.883677 0.218379 0.086006
34 0.659863 0.200957 0.168535 0.061406
32 0.114434 0.571763 0.064258 0.065264
0 0.965845 0.423472 0.036143 0.058232
0 0.134517 0.979907 0.094385 0.040186
33 0.513247 0.110283 0.111807 0.061895
33 0.516533 0.028501 0.105937 0.057002
