34 0.736948 0.277085 0.056182 0.037471
34 0.066284 0.379697 0.023564 0.042031
34 0.166880 0.744028 0.118721 0.050967
34 0.657339 0.357368 0.058896 0.037412
34 0.523677 0.315820 0.022471 0.035117
34 0.818433 0.356958 0.059150 0.038428
34 0.577349 0.356338 0.061221 0.037168
34 0.494771 0.358140 0.062139 0.037139
34 0.901128 0.275376 0.023564 0.034463
34 0.845015 0.316421 0.023037 0.036904
34 0.987329 0.354106 0.024717 0.037568
34 0.287739 0.230020 0.028096 0.035449
34 0.208945 0.540073 0.112012 0.051533
34 0.991699 0.944976 0.016602 0.037705
34 0.964600 0.978818 0.021543 0.035957
34 0.582583 0.863247 0.059346 0.035811
34 0.817036 0.942529 0.058604 0.036523
34 0.593193 0.096089 0.089219 0.048740
34 0.736353 0.863809 0.056123 0.037578
34 0.659424 0.862812 0.058008 0.036035
34 0.609741 0.903213 0.022920 0.035137
34 0.736201 0.355156 0.055742 0.036992
34 0.695425 0.175806 0.076416 0.043740
34 0.106543 0.552134 0.023438 0.040557
34 0.872383 0.316172 0.020996 0.033105
34 0.052734 0.102607 0.036074 0.024609
34 0.325913 0.244609 0.026904 0.040977
34 0.928364 0.210938 0.024717 0.036738
34 0.041021 0.463130 0.069561 0.037373
34 0.900313 0.977744 0.025215 0.035215
34 0.529116 0.903188 0.022627 0.035303
34 0.502974 0.944004 0.059932 0.037227
34 0.209731 0.496343 0.068311 0.037959
34 0.763071 0.903354 0.021807 0.036416
34 0.501685 0.863936 0.059150 0.037891
34 0.605435 0.315977 0.022295 0.035527
34 0.232861 0.290947 0.038555 0.022871
34 0.659443 0.944077 0.056699 0.036787
34 0.374863 0.728970 0.037129 0.025732
34 0.930566 0.094355 0.090762 0.039355
8 0.213057 0.421006 0.057305 0.109941
0 0.776450 0.277314 0.020439 0.036641
34 0.927373 0.605874 0.138711 0.050537
0 0.540845 0.943086 0.020771 0.035117
0 0.621558 0.943682 0.020127 0.033340
0 0.698530 0.863120 0.019521 0.036670
0 0.776265 0.863423 0.020908 0.036572
0 0.776147 0.943086 0.019814 0.035469
0 0.856074 0.863237 0.020078 0.036807
0 0.698667 0.943447 0.020498 0.035117
0 0.697456 0.277324 0.020479 0.035840
0 0.041611 0.492275 0.040273 0.022578
0 0.621675 0.863281 0.020615 0.035586
0 0.697344 0.357241 0.020137 0.034814
0 0.535098 0.357446 0.020605 0.034971
0 0.540879 0.863223 0.020605 0.035781
0 0.617495 0.357056 0.019912 0.034990
0 0.776465 0.357109 0.020254 0.033945
0 0.858628 0.277041 0.020654 0.037168
5 0.080381 0.220527 0.053027 0.030664
0 0.028047 0.179277 0.020898 0.039980
0 0.618228 0.277119 0.020791 0.035469
0 0.856606 0.942944 0.021025 0.035771
0 0.857778 0.356577 0.021162 0.035928
0 0.535513 0.277246 0.020420 0.035645
6 0.269780 0.343818 0.023389 0.022227
25 0.855161 0.609312 0.284209 0.192979
8 0.693862 0.219131 0.250225 0.050020
8 0.483823 0.093755 0.129561 0.049971
34 0.582549 0.944131 0.059316 0.036543
34 0.657046 0.277847 0.060381 0.037998
34 0.764058 0.316836 0.022471 0.036680
35 0.273369 0.743462 0.088301 0.041904
34 0.685796 0.903306 0.019873 0.035596
34 0.817461 0.864087 0.058398 0.037256
35 0.273315 0.679419 0.087725 0.043115
34 0.736021 0.944370 0.056045 0.037510
34 0.360210 0.316465 0.025283 0.040586
34 0.446167 0.192695 0.028213 0.037168
34 0.684224 0.316792 0.019795 0.036162
34 0.366099 0.666382 0.036572 0.025322
34 0.956387 0.327212 0.022578 0.037178
34 0.496577 0.277832 0.062607 0.037832
34 0.167705 0.679517 0.117813 0.049619
34 0.818628 0.277759 0.059463 0.038447
34 0.577334 0.276743 0.061934 0.036084
34 0.844399 0.904009 0.022959 0.036396
