0 0.709419 0.219697 0.023447 0.044941
0 0.073022 0.752617 0.024775 0.044355
0 0.598818 0.219775 0.022656 0.044668
0 0.099956 0.219697 0.023623 0.045273
34 0.943735 0.101577 0.032158 0.046768
6 0.479624 0.175112 0.019736 0.020850
34 0.546035 0.220000 0.087207 0.053945
34 0.423271 0.220537 0.088105 0.053086
0 0.365381 0.219927 0.023633 0.045400
34 0.910806 0.221328 0.088291 0.055664
34 0.028525 0.752480 0.057012 0.057949
34 0.540195 0.444043 0.111211 0.068105
34 0.655132 0.218433 0.087529 0.054893
34 0.988486 0.219810 0.022832 0.052705
34 0.047173 0.218354 0.089189 0.055029
0 0.480288 0.220088 0.024678 0.045195
34 0.902969 0.444614 0.103477 0.066279
34 0.347056 0.063799 0.030576 0.048184
6 0.074741 0.708608 0.027959 0.027959
6 0.710220 0.174204 0.025811 0.027959
0 0.539771 0.386021 0.093506 0.040850
0 0.306992 0.387104 0.081719 0.036553
6 0.098394 0.176890 0.027959 0.022588
3 0.907534 0.358608 0.089248 0.097842
0 0.965142 0.220215 0.022373 0.044961
34 0.301313 0.443721 0.111143 0.067148
34 0.313345 0.220938 0.085908 0.055215
34 0.577441 0.160112 0.031660 0.047861
