34 0.306237 0.473462 0.356481 0.057686
34 0.338973 0.352310 0.510067 0.086221
35 0.306574 0.517695 0.168771 0.037930
34 0.071229 0.905664 0.142458 0.051270
35 0.703813 0.742710 0.173013 0.036064
34 0.072652 0.964570 0.145303 0.054043
34 0.694032 0.701401 0.339781 0.052510
0 0.501145 0.148672 0.103434 0.037656
34 0.200337 0.656055 0.190909 0.053984
34 0.668190 0.553647 0.396448 0.080479
33 0.209579 0.711973 0.065623 0.053320
34 0.305783 0.188916 0.055135 0.046523
35 0.340042 0.265415 0.068569 0.102510
34 0.401902 0.656343 0.187576 0.053955
34 0.737921 0.102876 0.260993 0.056025
33 0.407601 0.712368 0.066751 0.051084
35 0.720421 0.148267 0.168519 0.038760
34 0.038687 0.825967 0.077374 0.053652
34 0.498838 0.105112 0.181650 0.052568
