34 0.602417 0.776494 0.079326 0.050645
34 0.509424 0.832734 0.059160 0.025098
34 0.428306 0.770215 0.077979 0.053340
34 0.302812 0.733018 0.124590 0.075742
34 0.197939 0.721816 0.082461 0.049746
34 0.107183 0.710830 0.079326 0.051094
34 0.034360 0.770439 0.055576 0.025098
34 0.034658 0.899067 0.069316 0.096807
34 0.394692 0.917661 0.079775 0.054229
34 0.477153 0.975479 0.056475 0.032715
34 0.603096 0.919458 0.076191 0.054229
34 0.738667 0.921699 0.081123 0.049746
34 0.740903 0.985161 0.078428 0.029678
34 0.828975 0.983369 0.076191 0.033262
34 0.825610 0.921475 0.078428 0.051094
34 0.968267 0.919683 0.063467 0.051084
34 0.967368 0.981802 0.065264 0.036396
34 0.213496 0.352163 0.059160 0.029131
34 0.088457 0.325044 0.076191 0.049307
35 0.578501 0.373125 0.087100 0.038711
35 0.429038 0.504307 0.084951 0.040859
35 0.962373 0.579038 0.037637 0.089248
35 0.024741 0.973120 0.033330 0.053760
35 0.301084 0.785488 0.084941 0.037637
0 0.145723 0.606494 0.029551 0.017617
0 0.219722 0.502139 0.028467 0.017617
0 0.828159 0.885137 0.030283 0.018027
0 0.740923 0.885396 0.031143 0.019600
0 0.963003 0.735518 0.029033 0.046094
5 0.962603 0.809546 0.067178 0.037822
3 0.106919 0.768105 0.065791 0.062500
14 0.139668 0.502046 0.047832 0.052627
6 0.480791 0.291831 0.012871 0.016982
4 0.327861 0.354180 0.070176 0.070176
4 0.429839 0.832251 0.059209 0.063604
4 0.390366 0.973145 0.057021 0.053711
1 0.088828 0.371172 0.053730 0.038379
3 0.598696 0.831152 0.060303 0.063594
3 0.599795 0.972593 0.055918 0.054814
0 0.481895 0.329404 0.014531 0.029219
0 0.059692 0.501870 0.029814 0.016807
5 0.199209 0.788193 0.029512 0.071309
34 0.328223 0.291655 0.075293 0.051533
34 0.433994 0.324595 0.074395 0.054678
34 0.722393 0.373003 0.192266 0.053779
34 0.576519 0.505435 0.205264 0.108018
34 0.326885 0.485718 0.049297 0.030029
34 0.217754 0.465996 0.077539 0.050645
34 0.137305 0.452324 0.075293 0.048398
34 0.055288 0.467563 0.074404 0.049307
34 0.146494 0.570420 0.075742 0.051543
34 0.239937 0.590366 0.047510 0.031377
34 0.954819 0.508706 0.090361 0.051084
34 0.945049 0.668257 0.033164 0.047510
34 0.907627 0.736152 0.078438 0.050645
34 0.889478 0.810552 0.077979 0.051533
