3 0.015127 0.568135 0.030254 0.068437
0 0.413652 0.300171 0.022422 0.039287
34 0.881685 0.972002 0.083486 0.046895
34 0.304102 0.475010 0.033418 0.058457
34 0.023774 0.504878 0.047549 0.057588
34 0.032158 0.275718 0.064316 0.060010
34 0.224424 0.166982 0.103555 0.060469
34 0.482866 0.038208 0.096514 0.059131
34 0.472554 0.299751 0.094736 0.057764
34 0.032300 0.206611 0.064424 0.058281
34 0.972070 0.972422 0.055859 0.047246
34 0.375898 0.351768 0.050293 0.031387
34 0.112417 0.090225 0.033486 0.058066
34 0.584648 0.222002 0.031191 0.057949
0 0.416494 0.037788 0.021855 0.038896
3 0.311348 0.167681 0.072910 0.066299
34 0.006387 0.364194 0.012754 0.062568
6 0.365806 0.265024 0.015908 0.012334
6 0.134331 0.195591 0.025146 0.028877
21 0.418198 0.095693 0.042920 0.042930
21 0.366323 0.275596 0.035908 0.040488
