34 0.508271 0.594352 0.047891 0.036099
34 0.397173 0.574408 0.087666 0.054859
34 0.384146 0.506082 0.049287 0.038253
34 0.941958 0.616234 0.086729 0.059346
0 0.395527 0.617976 0.057402 0.036764
0 0.930923 0.841347 0.018408 0.036178
0 0.080771 0.529414 0.058418 0.039775
33 0.274204 0.254250 0.075420 0.050665
34 0.100312 0.366336 0.093262 0.058760
0 0.182661 0.076838 0.033896 0.067858
0 0.887686 0.617317 0.019844 0.039797
34 0.080220 0.478174 0.093818 0.058331
34 0.970146 0.845411 0.059707 0.055581
35 0.214478 0.409109 0.048428 0.098918
6 0.298301 0.527926 0.029805 0.031184
22 0.962104 0.495671 0.075791 0.121511
22 0.960708 0.748890 0.078584 0.129030
0 0.216216 0.318388 0.019189 0.039346
34 0.147529 0.462841 0.027520 0.048275
34 0.777510 0.567120 0.088652 0.059177
34 0.271377 0.319019 0.087871 0.056370
34 0.365293 0.254572 0.093066 0.060124
34 0.117090 0.078613 0.093184 0.058061
34 0.361089 0.147570 0.093936 0.061657
34 0.940234 0.270896 0.101348 0.059515
0 0.164912 0.368365 0.034902 0.068997
6 0.101802 0.241612 0.032646 0.036731
33 0.959678 0.332080 0.079824 0.049977
34 0.057178 0.203010 0.114141 0.113574
0 0.833149 0.567818 0.019580 0.037869
34 0.325518 0.409842 0.173340 0.088749
33 0.273711 0.149741 0.074375 0.050688
34 0.008818 0.508805 0.017637 0.028974
