13 0.614058 0.031230 0.032803 0.046230
13 0.375669 0.031328 0.032373 0.043203
11 0.950635 0.552036 0.090156 0.088389
34 0.207559 0.835488 0.031758 0.022461
0 0.776577 0.127056 0.032725 0.019209
0 0.535156 0.126919 0.034043 0.019971
0 0.296934 0.126870 0.031855 0.018838
0 0.550513 0.755425 0.018428 0.034014
0 0.150454 0.798105 0.018057 0.033438
0 0.053589 0.797583 0.017939 0.032197
13 0.849702 0.031245 0.032295 0.046689
0 0.437031 0.805337 0.017734 0.034111
0 0.252896 0.798555 0.017822 0.032324
0 0.592500 0.783252 0.018398 0.034219
0 0.888687 0.127007 0.034639 0.018916
0 0.415283 0.128335 0.034766 0.020186
5 0.947466 0.200303 0.058096 0.031992
6 0.835293 0.940703 0.014238 0.013574
0 0.653472 0.126953 0.033271 0.019160
34 0.502466 0.267148 0.107334 0.060801
34 0.240557 0.904629 0.023262 0.034785
35 0.785469 0.783867 0.040957 0.083809
34 0.744004 0.265361 0.107676 0.059922
35 0.252837 0.196226 0.036904 0.084521
34 0.987969 0.199102 0.023652 0.044570
34 0.842466 0.378906 0.081904 0.048613
35 0.436797 0.719463 0.036094 0.086406
35 0.393296 0.718325 0.039111 0.085225
34 0.035244 0.100879 0.035977 0.024238
34 0.204922 0.797627 0.076484 0.042383
34 0.238818 0.092964 0.024473 0.038545
34 0.386963 0.265435 0.107168 0.059600
34 0.854121 0.266396 0.107598 0.060684
34 0.357119 0.093394 0.025703 0.038193
35 0.040933 0.177778 0.081865 0.041729
34 0.784687 0.714204 0.151738 0.064873
34 0.299033 0.149570 0.076406 0.060156
35 0.252471 0.727407 0.042305 0.088467
34 0.159346 0.924487 0.042285 0.025869
34 0.270991 0.264985 0.106826 0.060654
34 0.625181 0.265244 0.107666 0.058555
34 0.830518 0.092939 0.023848 0.038555
35 0.036704 0.382769 0.073408 0.041689
34 0.149497 0.661572 0.195439 0.049961
35 0.151240 0.728032 0.039473 0.088447
35 0.688501 0.598296 0.037881 0.088760
34 0.407046 0.645132 0.165127 0.064424
34 0.717700 0.092866 0.024775 0.037471
34 0.079834 0.304946 0.139316 0.061943
34 0.502812 0.755991 0.075371 0.045459
34 0.035625 0.052769 0.035039 0.024443
35 0.052627 0.726890 0.037695 0.086943
35 0.041484 0.243940 0.082969 0.041201
34 0.656211 0.155854 0.072383 0.048174
34 0.146040 0.213994 0.127158 0.081172
34 0.422603 0.158745 0.072783 0.045420
35 0.036982 0.445581 0.073965 0.041084
34 0.020337 0.798486 0.040674 0.044922
34 0.083267 0.508320 0.144072 0.061602
34 0.472197 0.885146 0.035273 0.022441
35 0.133740 0.114502 0.087246 0.040000
34 0.572480 0.611929 0.164785 0.061475
34 0.671426 0.872339 0.024062 0.036279
35 0.548999 0.683013 0.039541 0.086416
34 0.595376 0.092573 0.025166 0.038076
34 0.935649 0.315449 0.021494 0.033926
34 0.891982 0.157134 0.070020 0.045244
34 0.796392 0.976738 0.021748 0.036094
34 0.346865 0.798491 0.076094 0.045791
34 0.024185 0.607676 0.048369 0.060059
34 0.779834 0.157158 0.068555 0.047207
34 0.772861 0.906509 0.024512 0.035986
34 0.103179 0.798433 0.074209 0.043682
34 0.138940 0.419038 0.129248 0.082041
34 0.036021 0.009819 0.037686 0.019639
34 0.687949 0.517139 0.148516 0.077285
34 0.485337 0.806680 0.078350 0.045352
34 0.640244 0.783140 0.075859 0.045947
34 0.013740 0.981714 0.024961 0.035225
35 0.134067 0.066978 0.087314 0.038408
35 0.592837 0.683066 0.038740 0.087676
35 0.133418 0.022378 0.087695 0.039795
34 0.476421 0.093091 0.024229 0.038467
34 0.539375 0.159028 0.073359 0.045420
20 0.936406 0.824971 0.127188 0.309219
21 0.550171 0.883896 0.029170 0.028008
21 0.438740 0.883315 0.028008 0.029170
0 0.394556 0.800059 0.018330 0.032480
13 0.257119 0.031411 0.032832 0.045107
13 0.494888 0.031313 0.032686 0.046357
13 0.735967 0.030747 0.034355 0.045166
35 0.007715 0.683457 0.015430 0.086289
34 0.642080 0.007383 0.055020 0.014766
34 0.861465 0.925913 0.038906 0.021045
34 0.284126 0.007422 0.058936 0.014844
34 0.523975 0.008218 0.052031 0.016436
34 0.111465 0.859321 0.033965 0.023916
34 0.876777 0.008501 0.056367 0.017002
35 0.731748 0.195356 0.035898 0.083291
35 0.490840 0.195830 0.034570 0.083223
34 0.858413 0.557993 0.096475 0.088096
33 0.915454 0.379502 0.060732 0.037227
