34 0.425673 0.168560 0.105455 0.041494
34 0.353948 0.043579 0.115438 0.042861
6 0.319057 0.164736 0.025488 0.017480
33 0.661860 0.108086 0.055471 0.047773
34 0.552231 0.316660 0.105808 0.037168
0 0.319184 0.189009 0.023923 0.026494
35 0.412348 0.736396 0.127492 0.036094
33 0.219781 0.367598 0.055185 0.048906
34 0.207988 0.622856 0.078973 0.026221
5 0.082290 0.934102 0.099057 0.038945
34 0.203729 0.722061 0.083081 0.027305
34 0.529234 0.207065 0.066010 0.025693
33 0.216338 0.437642 0.057458 0.047314
34 0.401061 0.277192 0.100943 0.040166
0 0.552626 0.286914 0.072593 0.021328
35 0.697685 0.403306 0.129377 0.035986
33 0.219630 0.258154 0.055354 0.048008
34 0.423409 0.388765 0.068704 0.024736
34 0.557854 0.736533 0.152172 0.049609
0 0.553847 0.404683 0.071869 0.021865
35 0.665547 0.221270 0.124798 0.035352
35 0.696566 0.284746 0.128350 0.034316
34 0.252416 0.297661 0.077694 0.024014
34 0.543148 0.637329 0.131212 0.046084
34 0.193712 0.933604 0.125909 0.044238
35 0.387811 0.311567 0.123805 0.030459
34 0.809899 0.220005 0.159024 0.045869
33 0.523822 0.107402 0.056128 0.046406
3 0.427500 0.211411 0.077222 0.042783
0 0.278535 0.043799 0.035320 0.040918
34 0.551077 0.257197 0.099731 0.039980
34 0.554562 0.375073 0.102458 0.038701
34 0.151212 0.019224 0.111650 0.038213
34 0.524840 0.061514 0.118906 0.040801
34 0.237231 0.188916 0.120859 0.041563
34 0.661212 0.061924 0.120707 0.041504
34 0.305648 0.354985 0.115034 0.040830
0 0.225513 0.019028 0.036684 0.038057
34 0.304840 0.245103 0.116178 0.040088
0 0.552694 0.344780 0.071178 0.020869
34 0.311978 0.432866 0.118030 0.042354
35 0.695185 0.343560 0.124209 0.033682
34 0.217239 0.994336 0.126162 0.011328
34 0.822626 0.341577 0.121751 0.126357
35 0.413131 0.638242 0.122795 0.033828
