34 0.132451 0.845908 0.127832 0.051133
33 0.852544 0.500293 0.062607 0.044531
33 0.852378 0.565405 0.061592 0.045537
33 0.852378 0.685591 0.062939 0.043525
11 0.815693 0.764844 0.096348 0.092187
5 0.549512 0.763184 0.060352 0.024414
22 0.814844 0.626074 0.066797 0.056641
35 0.815596 0.156460 0.036562 0.091396
35 0.549473 0.193555 0.039785 0.092480
34 0.977588 0.972842 0.044824 0.053457
34 0.902310 0.987974 0.042217 0.024053
34 0.682681 0.789355 0.092568 0.050352
34 0.788623 0.884453 0.041836 0.029824
34 0.705342 0.951074 0.092187 0.053066
34 0.877324 0.942358 0.089863 0.048037
33 0.853311 0.842808 0.066621 0.044932
34 0.944668 0.846685 0.110664 0.053447
34 0.926133 0.764951 0.117754 0.094512
34 0.944277 0.689033 0.111445 0.051914
34 0.897466 0.627637 0.086768 0.050742
34 0.930005 0.562954 0.089092 0.052295
34 0.931357 0.501362 0.087148 0.052295
34 0.946079 0.443262 0.042217 0.025957
34 0.972554 0.304399 0.054893 0.044932
34 0.911987 0.359399 0.091025 0.054229
34 0.933687 0.199233 0.091025 0.049971
34 0.860474 0.219761 0.041455 0.029834
34 0.817480 0.098521 0.129766 0.034482
34 0.556406 0.121567 0.183984 0.060420
34 0.713862 0.195166 0.091416 0.048027
34 0.798496 0.233511 0.027500 0.051904
34 0.789009 0.283477 0.042607 0.025566
34 0.716963 0.479673 0.089863 0.049971
34 0.666606 0.426797 0.044932 0.027109
34 0.708438 0.354360 0.089863 0.049580
34 0.617217 0.348550 0.028281 0.040283
34 0.531035 0.306914 0.029434 0.052285
34 0.464409 0.374507 0.089873 0.050361
34 0.445239 0.493228 0.091025 0.053838
34 0.530840 0.672568 0.032148 0.050742
34 0.286812 0.631704 0.139834 0.051904
34 0.031753 0.097549 0.063506 0.030215
34 0.112114 0.199619 0.089482 0.050742
34 0.038521 0.221118 0.040674 0.027119
34 0.228711 0.205425 0.128984 0.031377
34 0.169253 0.303042 0.093740 0.047646
34 0.089648 0.359590 0.087930 0.048418
34 0.248462 0.353589 0.044541 0.030986
34 0.228901 0.423896 0.090635 0.048418
34 0.124321 0.443457 0.044932 0.027891
34 0.634419 0.620435 0.052686 0.030107
0 0.762974 0.353071 0.022725 0.036084
0 0.716475 0.443501 0.036074 0.022490
0 0.760771 0.951201 0.021348 0.035879
0 0.930181 0.237603 0.037451 0.023271
0 0.233052 0.460073 0.036396 0.019775
6 0.752559 0.865537 0.023926 0.030293
13 0.169160 0.362817 0.049961 0.065186
5 0.549170 0.375830 0.061621 0.023145
34 0.056338 0.943716 0.094121 0.051514
34 0.176221 0.971992 0.089863 0.049961
34 0.110566 0.500010 0.091035 0.050352
34 0.107856 0.561982 0.091807 0.048809
34 0.076479 0.628223 0.094131 0.048809
34 0.129932 0.687290 0.125117 0.049971
35 0.636577 0.560757 0.039756 0.093545
35 0.293018 0.561299 0.034414 0.094629
35 0.223125 0.236030 0.096777 0.035479
34 0.105918 0.764761 0.119688 0.092568
34 0.285845 0.971411 0.091416 0.051904
34 0.471187 0.769023 0.088701 0.053066
6 0.548047 0.606812 0.031094 0.034287
6 0.549248 0.804673 0.024551 0.028818
0 0.110381 0.237393 0.039570 0.024668
34 0.082485 0.989385 0.042607 0.021230
13 0.987119 0.363481 0.025762 0.064834
1 0.813950 0.943413 0.034014 0.054209
3 0.715869 0.251660 0.052832 0.064687
3 0.829839 0.356045 0.068643 0.051973
3 0.683887 0.848696 0.054102 0.067979
3 0.532397 0.491318 0.059131 0.056855
33 0.030347 0.499736 0.060420 0.043379
33 0.029697 0.563647 0.059395 0.045713
33 0.030088 0.686245 0.060176 0.046865
33 0.032993 0.847578 0.065986 0.055781
