34 0.558569 0.979204 0.124834 0.041592
34 0.980044 0.751475 0.039912 0.076113
0 0.445620 0.917417 0.032236 0.058096
0 0.012461 0.796113 0.024922 0.056523
21 0.530698 0.471064 0.030459 0.035293
0 0.530405 0.422905 0.025303 0.043252
0 0.662100 0.917261 0.033301 0.057705
0 0.243335 0.796113 0.031475 0.057168
34 0.808179 0.916948 0.105869 0.064268
34 0.372856 0.916714 0.103955 0.064541
34 0.588818 0.917012 0.105254 0.063730
34 0.169663 0.794902 0.111104 0.063984
34 0.596738 0.426440 0.105781 0.060928
34 0.946465 0.515825 0.104199 0.064775
34 0.990952 0.917183 0.018096 0.063174
34 0.132559 0.340444 0.083789 0.042178
34 0.341943 0.979272 0.127988 0.041455
34 0.781240 0.979458 0.125801 0.041084
0 0.882031 0.917017 0.033477 0.058389
