34 0.593623 0.157134 0.170957 0.079072
34 0.911914 0.201172 0.071758 0.053223
34 0.487886 0.691802 0.078545 0.049834
34 0.152275 0.363911 0.078223 0.052217
34 0.618970 0.394355 0.082861 0.049609
34 0.314648 0.424390 0.078145 0.049600
34 0.811279 0.847925 0.038105 0.029229
34 0.062534 0.092075 0.097822 0.095928
34 0.561084 0.540767 0.119941 0.048721
0 0.011919 0.690420 0.023818 0.052578
22 0.063794 0.193145 0.109053 0.107891
11 0.705332 0.494121 0.098262 0.094941
3 0.259604 0.314756 0.058096 0.057344
0 0.544790 0.690474 0.030635 0.053096
0 0.561006 0.393203 0.029375 0.052324
0 0.705479 0.399551 0.029863 0.051641
0 0.478550 0.328628 0.048057 0.027354
0 0.160068 0.588091 0.052891 0.029951
0 0.363149 0.423604 0.016143 0.026973
34 0.803203 0.490010 0.091934 0.094844
0 0.200811 0.361333 0.014941 0.024893
34 0.206548 0.479492 0.149346 0.052344
33 0.824810 0.199688 0.094287 0.060313
35 0.363179 0.487310 0.040361 0.064658
33 0.737041 0.568320 0.057598 0.043457
35 0.560728 0.480576 0.043818 0.075371
34 0.809170 0.564346 0.076426 0.050527
34 0.481235 0.291455 0.080264 0.048086
34 0.259941 0.262119 0.081699 0.048711
34 0.361108 0.540654 0.151455 0.053359
34 0.629478 0.310620 0.048428 0.028174
35 0.200977 0.425605 0.041777 0.066562
34 0.061909 0.283799 0.108369 0.051387
35 0.059155 0.328779 0.097295 0.041133
34 0.341421 0.025850 0.038877 0.028613
34 0.159614 0.547607 0.076318 0.050918
34 0.760874 0.397861 0.074365 0.050293
