34 0.768823 0.508071 0.125811 0.076338
34 0.676890 0.740864 0.122588 0.066670
35 0.956187 0.609146 0.087627 0.046240
35 0.943281 0.353770 0.113437 0.045156
34 0.544629 0.498931 0.133340 0.070967
34 0.393555 0.499468 0.140859 0.069893
34 0.411299 0.871509 0.144082 0.069893
34 0.769360 0.417749 0.133330 0.080654
34 0.967476 0.561836 0.065049 0.044082
34 0.948657 0.311299 0.102686 0.041934
34 0.789253 0.327427 0.063447 0.041943
34 0.909146 0.116138 0.064521 0.045166
34 0.678501 0.079575 0.125811 0.073115
34 0.550005 0.222588 0.135479 0.064512
34 0.395703 0.219365 0.136563 0.079570
34 0.164521 0.476890 0.136562 0.069893
0 0.678950 0.145947 0.074326 0.038887
0 0.680942 0.799102 0.077568 0.038281
4 0.400234 0.293872 0.069082 0.067979
4 0.414487 0.941348 0.069072 0.071270
1 0.681655 0.416187 0.028936 0.055889
3 0.399687 0.577861 0.085527 0.085527
3 0.665581 0.510430 0.073467 0.073457
3 0.578960 0.943540 0.066885 0.066885
3 0.563608 0.291133 0.075654 0.073457
3 0.538389 0.582231 0.095391 0.094346
34 0.273662 0.461831 0.040859 0.072041
33 0.173955 0.560171 0.059609 0.093174
34 0.809688 0.983335 0.061289 0.033330
34 0.959414 0.970435 0.081172 0.048389
34 0.926890 0.768286 0.074189 0.044092
34 0.569902 0.867212 0.138711 0.072041
