34 0.213442 0.888247 0.068174 0.040283
34 0.986519 0.671719 0.026963 0.026348
34 0.879297 0.541182 0.064297 0.041836
34 0.810542 0.627173 0.068564 0.038740
34 0.502603 0.599482 0.069326 0.043770
34 0.609512 0.578755 0.073984 0.044150
33 0.607769 0.626782 0.044932 0.051904
34 0.685044 0.653901 0.025186 0.032529
34 0.850635 0.745508 0.067402 0.042988
34 0.802412 0.794121 0.032930 0.023242
34 0.688916 0.782500 0.066230 0.041836
34 0.523906 0.880498 0.021309 0.031758
34 0.488662 0.843701 0.062363 0.040293
34 0.486528 0.791602 0.063525 0.041445
34 0.511318 0.988477 0.066621 0.023047
34 0.373809 0.981694 0.138672 0.036611
34 0.198921 0.976172 0.036025 0.023242
34 0.092983 0.803608 0.065850 0.039893
34 0.092979 0.888633 0.064297 0.043379
34 0.128813 0.848740 0.022080 0.030215
34 0.156504 0.848350 0.023242 0.030996
34 0.214609 0.805156 0.066621 0.041445
34 0.403438 0.883408 0.036797 0.029824
34 0.372261 0.743765 0.065850 0.039502
34 0.337979 0.623301 0.112715 0.089863
34 0.179556 0.621943 0.066240 0.044551
34 0.178008 0.566362 0.064688 0.042607
34 0.341660 0.360483 0.069727 0.040674
34 0.019766 0.395537 0.039531 0.024785
34 0.631318 0.034258 0.069336 0.046875
5 0.877056 0.583223 0.033799 0.042734
34 0.568564 0.120059 0.025176 0.034863
34 0.631318 0.081514 0.067793 0.042227
33 0.687251 0.828809 0.040674 0.044512
33 0.506592 0.652354 0.045703 0.060430
33 0.119434 0.622910 0.053066 0.041836
33 0.119438 0.567134 0.053838 0.041826
0 0.091162 0.664551 0.016660 0.025957
21 0.155381 0.961299 0.043008 0.045156
3 0.816846 0.674951 0.035840 0.045410
3 0.318447 0.746064 0.048262 0.046934
0 0.583945 0.036299 0.021406 0.036055
21 0.583716 0.170986 0.047041 0.055352
6 0.533901 0.756318 0.021221 0.019375
0 0.534214 0.845415 0.019443 0.036787
3 0.802593 0.567998 0.047256 0.046055
3 0.855220 0.793320 0.045068 0.047148
3 0.854126 0.884883 0.040674 0.048242
0 0.609609 0.665034 0.019844 0.025225
0 0.687725 0.871816 0.017617 0.027676
5 0.339990 0.413325 0.047051 0.060889
0 0.583677 0.082783 0.020869 0.037402
0 0.852983 0.988862 0.034912 0.021084
0 0.534683 0.794580 0.019912 0.037246
0 0.166465 0.892002 0.020059 0.037676
0 0.168223 0.804854 0.020332 0.035781
0 0.139761 0.892681 0.021416 0.036318
0 0.140571 0.806460 0.023584 0.038447
0 0.733301 0.581226 0.034180 0.020693
34 0.976719 0.929077 0.023242 0.031377
34 0.793311 0.948633 0.022852 0.034863
34 0.853931 0.956572 0.063525 0.041445
34 0.852573 0.842305 0.067783 0.041445
34 0.803379 0.525498 0.072051 0.039121
34 0.731143 0.550288 0.064687 0.042998
