34 0.406040 0.685073 0.119541 0.037354
34 0.664521 0.687104 0.115059 0.030107
34 0.786030 0.687104 0.112900 0.025811
34 0.170439 0.682261 0.118281 0.029033
34 0.055649 0.686567 0.111299 0.029033
33 0.809150 0.103232 0.101074 0.055918
34 0.905449 0.556182 0.089141 0.046582
34 0.840547 0.862939 0.088672 0.045625
34 0.946377 0.397666 0.084375 0.047402
34 0.511362 0.328501 0.086260 0.047412
34 0.328491 0.885083 0.091709 0.045615
33 0.477388 0.569751 0.046201 0.072764
34 0.288066 0.339927 0.085508 0.046475
33 0.207080 0.975005 0.045137 0.048193
34 0.511841 0.167266 0.085732 0.048145
33 0.202310 0.183667 0.087490 0.044775
34 0.598218 0.862900 0.085967 0.045977
34 0.288198 0.261899 0.084990 0.046143
33 0.218701 0.340977 0.054766 0.046816
25 0.415020 0.697544 0.286641 0.208232
33 0.587949 0.408066 0.058301 0.047324
33 0.374424 0.396499 0.052676 0.047705
33 0.582705 0.490342 0.046914 0.047070
34 0.900088 0.261768 0.085625 0.046738
34 0.598735 0.963569 0.087725 0.044053
34 0.269692 0.972598 0.084385 0.048125
33 0.828662 0.340688 0.054141 0.046846
33 0.066147 0.974976 0.044971 0.048564
33 0.970698 0.570098 0.043643 0.070723
34 0.128110 0.973159 0.082061 0.047432
34 0.288276 0.183530 0.085947 0.047510
34 0.900000 0.183413 0.086484 0.047314
34 0.899883 0.339971 0.086387 0.046758
33 0.843604 0.466714 0.044648 0.047217
33 0.231577 0.466851 0.045674 0.047119
33 0.329492 0.569009 0.046523 0.069971
33 0.608335 0.246655 0.103701 0.047588
33 0.326968 0.827900 0.048018 0.071543
33 0.476489 0.828257 0.048662 0.070244
33 0.721040 0.778994 0.049072 0.062930
25 0.955781 0.698931 0.088379 0.216455
34 0.289038 0.101138 0.084326 0.046982
34 0.840171 0.963677 0.089463 0.044678
33 0.113022 0.778672 0.048994 0.063242
33 0.583335 0.164927 0.054111 0.047432
33 0.970830 0.829399 0.051504 0.068389
33 0.582563 0.246719 0.052275 0.047168
33 0.619902 0.911890 0.060781 0.045596
33 0.820127 0.911641 0.059121 0.045547
34 0.723125 0.834463 0.086465 0.045645
33 0.206499 0.261948 0.076846 0.046787
34 0.514609 0.492637 0.085293 0.046816
34 0.297666 0.466006 0.085703 0.047559
34 0.387153 0.101050 0.027686 0.063311
33 0.817607 0.261592 0.077539 0.046953
34 0.383418 0.956226 0.028047 0.060596
34 0.908921 0.466133 0.085146 0.047187
34 0.264204 0.556274 0.087490 0.046025
34 0.301929 0.397549 0.086201 0.046680
34 0.116152 0.834209 0.088262 0.046621
34 0.899722 0.100981 0.084873 0.047197
34 0.511401 0.248535 0.085771 0.046406
34 0.542202 0.554414 0.085322 0.046309
34 0.477559 0.885400 0.091133 0.045117
34 0.962876 0.885352 0.074248 0.046094
33 0.811714 0.183511 0.089287 0.045498
34 0.513574 0.410303 0.086504 0.047617
33 0.603877 0.326069 0.094355 0.048135
33 0.196782 0.104844 0.095693 0.063438
