34 0.574917 0.244668 0.046045 0.028281
34 0.974824 0.370142 0.048594 0.030791
34 0.605337 0.792002 0.079229 0.050898
34 0.974121 0.647017 0.051758 0.053115
34 0.943896 0.225518 0.050801 0.028574
34 0.646689 0.732183 0.027363 0.048115
34 0.871221 0.709434 0.060312 0.028926
21 0.593521 0.350454 0.027900 0.030557
11 0.393018 0.650542 0.068809 0.073115
11 0.391406 0.481187 0.074199 0.069893
11 0.393555 0.324741 0.074199 0.068818
0 0.664321 0.793364 0.030518 0.053057
34 0.641279 0.299048 0.072246 0.048623
34 0.873394 0.797168 0.058447 0.029316
0 0.479707 0.483872 0.048594 0.030166
34 0.734424 0.180112 0.085625 0.085088
34 0.746250 0.668154 0.061699 0.030664
34 0.480605 0.284331 0.077852 0.049443
34 0.388574 0.250918 0.088555 0.078652
34 0.598169 0.416030 0.075225 0.050889
0 0.480513 0.325596 0.050459 0.030098
0 0.479546 0.651772 0.049150 0.029229
34 0.483008 0.441860 0.077227 0.048604
34 0.480039 0.612998 0.075469 0.048398
0 0.593208 0.296875 0.021826 0.037383
34 0.387930 0.576538 0.086953 0.079404
34 0.388301 0.409663 0.085762 0.076357
0 0.548315 0.415845 0.027607 0.049072
