0 0.019478 0.717672 0.028057 0.056719
35 0.021392 0.443179 0.042783 0.115626
35 0.909136 0.350389 0.046436 0.115434
34 0.132119 0.717565 0.102090 0.066201
34 0.963267 0.126516 0.073467 0.066584
0 0.908760 0.128737 0.027969 0.055626
11 0.909370 0.029538 0.090264 0.059076
6 0.199868 0.563828 0.036475 0.067227
0 0.201235 0.717751 0.028408 0.056516
0 0.019126 0.559532 0.031318 0.066956
34 0.200869 0.246156 0.050703 0.288546
35 0.201445 0.443602 0.045957 0.114510
35 0.315005 0.771144 0.121260 0.055141
34 0.890298 0.241798 0.032100 0.056990
34 0.910596 0.446680 0.157539 0.074442
34 0.466572 0.772638 0.188379 0.093461
34 0.778750 0.040958 0.149980 0.081917
