34 0.393315 0.738687 0.076729 0.046631
34 0.054985 0.748960 0.023877 0.052412
34 0.076953 0.418022 0.153906 0.031670
33 0.465654 0.791665 0.061035 0.038389
34 0.750869 0.077881 0.049316 0.026309
35 0.069995 0.468237 0.037178 0.073154
34 0.361899 0.923135 0.052451 0.025977
34 0.121963 0.232402 0.051953 0.024551
33 0.465713 0.738379 0.063574 0.039141
34 0.883262 0.089243 0.044355 0.024053
34 0.018413 0.752969 0.036807 0.048984
34 0.072290 0.039858 0.047061 0.026670
34 0.744766 0.381895 0.044316 0.024453
34 0.058887 0.383452 0.044707 0.022080
34 0.548711 0.644946 0.024746 0.045889
34 0.828706 0.471963 0.078115 0.043086
34 0.174443 0.622144 0.074141 0.049521
34 0.207539 0.821079 0.075020 0.051084
22 0.562305 0.818335 0.123555 0.128057
0 0.020122 0.878838 0.040244 0.024629
0 0.009639 0.786470 0.019277 0.018584
0 0.125317 0.877993 0.042939 0.023994
0 0.824526 0.509478 0.054014 0.032568
0 0.125352 0.622988 0.023711 0.041641
0 0.070596 0.680439 0.024160 0.043340
0 0.070527 0.569492 0.023848 0.042949
4 0.056563 0.622661 0.055176 0.045908
21 0.313716 0.883120 0.030947 0.047861
13 0.263428 0.824131 0.042559 0.061406
34 0.028662 0.681025 0.057324 0.050410
34 0.395586 0.793970 0.076445 0.046787
34 0.670400 0.807319 0.093223 0.080205
34 0.166396 0.753579 0.071816 0.044561
34 0.028110 0.842471 0.056221 0.048535
34 0.976016 0.865029 0.047969 0.075977
34 0.578735 0.163838 0.046670 0.025508
34 0.015552 0.624609 0.031104 0.048066
5 0.565059 0.718823 0.040859 0.024736
34 0.109614 0.676675 0.025439 0.053877
34 0.446143 0.105605 0.025273 0.054473
34 0.187432 0.970605 0.025020 0.044297
34 0.028394 0.569248 0.056787 0.048828
34 0.126016 0.842339 0.074453 0.048584
34 0.969941 0.714238 0.060117 0.044844
33 0.101631 0.753657 0.056094 0.038486
