34 0.623291 0.689609 0.100801 0.050391
34 0.051436 0.434360 0.073086 0.030908
34 0.307339 0.534565 0.033525 0.060127
34 0.021377 0.689756 0.042754 0.049668
34 0.800488 0.820854 0.102988 0.051572
34 0.828491 0.533721 0.034346 0.060449
34 0.971123 0.623130 0.057754 0.054912
34 0.102104 0.689692 0.100908 0.050205
34 0.464561 0.628193 0.100762 0.054766
34 0.203237 0.593857 0.171865 0.125410
34 0.513452 0.689795 0.103232 0.050293
34 0.725049 0.588203 0.173789 0.125840
34 0.116592 0.841890 0.059434 0.033096
34 0.279185 0.820942 0.104248 0.051748
34 0.664873 0.841699 0.057715 0.032227
0 0.800957 0.862686 0.054609 0.031387
0 0.517617 0.733472 0.052969 0.028916
0 0.279111 0.862568 0.053770 0.030312
2 0.624116 0.733164 0.060322 0.037129
2 0.104399 0.734326 0.062646 0.041758
17 0.726206 0.729688 0.095127 0.102090
17 0.205322 0.728525 0.099766 0.104414
13 0.390601 0.642231 0.070713 0.105166
13 0.911616 0.645151 0.071729 0.100068
