34 0.834575 0.716553 0.112002 0.061191
34 0.124678 0.502651 0.115117 0.053408
34 0.111455 0.567207 0.112520 0.060156
34 0.297095 0.500830 0.113564 0.062227
34 0.286206 0.560728 0.116670 0.053408
34 0.097974 0.666768 0.112529 0.051855
34 0.101338 0.705918 0.041484 0.025410
34 0.084233 0.783184 0.109932 0.056523
34 0.143604 0.841265 0.030586 0.045107
34 0.186123 0.659512 0.035781 0.033184
34 0.592671 0.513281 0.114600 0.059121
34 0.572446 0.584321 0.116670 0.060146
34 0.573223 0.668325 0.114082 0.059111
34 0.548335 0.737290 0.178389 0.057041
34 0.557148 0.821040 0.035254 0.032666
34 0.576333 0.864341 0.026963 0.043564
34 0.853242 0.780591 0.177344 0.063779
34 0.937764 0.866670 0.030078 0.045117
34 0.850132 0.608955 0.116162 0.056523
34 0.864136 0.530132 0.120303 0.060674
5 0.953916 0.820151 0.042441 0.033213
5 0.590449 0.821538 0.040586 0.037822
5 0.162402 0.691929 0.044277 0.033213
5 0.066880 0.723291 0.034229 0.036895
