34 0.567029 0.528501 0.127391 0.053662
34 0.086414 0.719927 0.058485 0.016201
34 0.124705 0.488784 0.057424 0.017393
34 0.053577 0.446147 0.061633 0.018662
34 0.039579 0.752446 0.079158 0.029307
34 0.038662 0.478906 0.077323 0.031738
34 0.408931 0.741855 0.062003 0.016855
34 0.568620 0.508916 0.128653 0.095879
34 0.081414 0.939380 0.050337 0.017764
34 0.302694 0.525986 0.131077 0.046387
34 0.546170 0.420264 0.064933 0.017773
34 0.193401 0.704517 0.104411 0.041025
34 0.386759 0.467100 0.059545 0.017129
34 0.112635 0.555005 0.130791 0.046553
34 0.387710 0.637139 0.173266 0.032891
34 0.192955 0.433198 0.106178 0.039678
34 0.104175 0.610928 0.130303 0.047852
34 0.111103 0.827222 0.131397 0.046279
34 0.113611 0.883452 0.125236 0.047354
34 0.118392 0.760806 0.057761 0.017021
21 0.487054 0.558672 0.047273 0.022051
0 0.196684 0.884624 0.032323 0.042275
0 0.386557 0.519790 0.026515 0.030205
0 0.487601 0.488770 0.028872 0.029102
0 0.488081 0.526377 0.026027 0.028555
0 0.025295 0.555850 0.036751 0.041172
0 0.193190 0.611714 0.036751 0.039697
0 0.025918 0.829126 0.036751 0.043740
35 0.386751 0.586289 0.061684 0.070000
