34 0.952114 0.745073 0.095693 0.062549
34 0.424063 0.061655 0.169199 0.058467
34 0.293428 0.976533 0.034824 0.046934
34 0.821489 0.884727 0.110889 0.061094
34 0.516953 0.978687 0.035488 0.042627
34 0.822217 0.949087 0.113418 0.059209
33 0.677021 0.168130 0.100469 0.062725
34 0.357568 0.290757 0.119746 0.065869
34 0.123486 0.825605 0.077441 0.036738
33 0.174150 0.167998 0.099766 0.061309
34 0.701812 0.104790 0.121943 0.063232
34 0.658560 0.290688 0.119736 0.064775
34 0.152437 0.106367 0.124404 0.061953
0 0.747012 0.942871 0.027285 0.045840
0 0.747437 0.887471 0.027510 0.046309
21 0.746997 0.984736 0.033271 0.030527
3 0.959805 0.821270 0.080391 0.092812
25 0.425903 0.100059 0.413076 0.200117
0 0.274907 0.288320 0.045107 0.081875
21 0.647832 0.501538 0.050605 0.052529
0 0.575137 0.288193 0.047285 0.081543
