0 0.349219 0.442935 0.046641 0.026885
6 0.988975 0.421724 0.014980 0.013779
6 0.259541 0.421431 0.018828 0.016572
0 0.464297 0.442734 0.046543 0.026465
6 0.294189 0.422935 0.015820 0.018076
34 0.639775 0.736284 0.169219 0.102998
34 0.509912 0.131670 0.036270 0.066348
34 0.344116 0.403638 0.121533 0.062334
34 0.929795 0.399526 0.109668 0.059111
34 0.083745 0.399487 0.112197 0.059131
34 0.817324 0.400278 0.109473 0.058857
34 0.199556 0.399185 0.114756 0.062432
34 0.009077 0.135552 0.018154 0.063545
34 0.732192 0.132778 0.034189 0.066162
34 0.094224 0.250781 0.113174 0.061484
34 0.827705 0.251108 0.111621 0.061221
34 0.414463 0.246724 0.114512 0.064482
34 0.463999 0.401357 0.111865 0.060371
0 0.819634 0.442671 0.045537 0.027002
0 0.085044 0.442622 0.046670 0.027100
4 0.513252 0.248975 0.079473 0.082012
4 0.735537 0.248496 0.081934 0.081387
4 0.019834 0.249126 0.039668 0.088682
0 0.925186 0.442334 0.047422 0.027324
0 0.192402 0.442339 0.047559 0.028096
