34 0.027080 0.652637 0.054062 0.046426
6 0.571768 0.976382 0.029121 0.023096
3 0.283613 0.958813 0.083340 0.079326
6 0.352368 0.493457 0.015186 0.011211
3 0.285620 0.829800 0.081318 0.078311
21 0.120962 0.674678 0.037158 0.036152
21 0.356406 0.507007 0.042168 0.040166
3 0.085820 0.958311 0.083340 0.074297
0 0.121294 0.626484 0.027490 0.044844
0 0.304121 0.500806 0.024238 0.042314
34 0.201011 0.712192 0.051611 0.026826
34 0.288398 0.549175 0.027715 0.043955
34 0.786196 0.891660 0.083721 0.047617
34 0.827617 0.958003 0.049082 0.027627
34 0.020723 0.495337 0.041445 0.046357
34 0.593701 0.362979 0.028027 0.044199
34 0.085088 0.890977 0.085117 0.046680
34 0.282402 0.768022 0.084648 0.047393
34 0.921030 0.896460 0.028193 0.044424
33 0.783691 0.945327 0.040273 0.056885
34 0.016133 0.960005 0.032148 0.025771
34 0.304043 0.009751 0.027500 0.019404
34 0.694287 0.892104 0.084336 0.047100
34 0.187739 0.915376 0.028311 0.042139
34 0.180083 0.625112 0.088193 0.048232
34 0.977651 0.805166 0.044463 0.044922
34 0.247197 0.500542 0.086582 0.046553
34 0.284912 0.896416 0.084219 0.043887
34 0.219751 0.009756 0.029209 0.019512
34 0.975605 0.896333 0.048789 0.045732
33 0.694785 0.944795 0.043809 0.055742
