34 0.992358 0.955635 0.015283 0.045898
0 0.329258 0.935000 0.044355 0.021758
0 0.027363 0.512124 0.022793 0.045576
0 0.029751 0.812554 0.026787 0.041436
0 0.331138 0.668013 0.047295 0.025107
34 0.547515 0.126025 0.052842 0.027363
34 0.447856 0.625024 0.139893 0.052393
34 0.453149 0.887593 0.139971 0.054111
34 0.331216 0.630532 0.082314 0.051475
34 0.112236 0.171855 0.027305 0.054551
34 0.329805 0.896807 0.079375 0.052773
34 0.011606 0.392075 0.023154 0.053311
34 0.974800 0.048340 0.049912 0.024961
35 0.455210 0.936333 0.103193 0.048604
35 0.451011 0.667842 0.100791 0.041992
34 0.009341 0.612021 0.018682 0.052129
