34 0.765010 0.473506 0.085254 0.055242
34 0.713975 0.540626 0.051035 0.028129
3 0.769092 0.542063 0.052246 0.076685
34 0.357642 0.529087 0.076162 0.028658
3 0.660986 0.218946 0.051074 0.077351
34 0.765303 0.150609 0.089316 0.056911
34 0.661055 0.152114 0.087285 0.053901
34 0.714121 0.216392 0.051328 0.030462
35 0.353721 0.562875 0.092207 0.040857
35 0.353721 0.236528 0.095938 0.037632
3 0.768843 0.217108 0.051162 0.073427
3 0.660840 0.541798 0.050781 0.074690
34 0.359175 0.205180 0.075107 0.030135
34 0.660186 0.474340 0.091348 0.060271
