34 0.878281 0.328740 0.130703 0.063262
34 0.886992 0.407500 0.120781 0.064727
34 0.709590 0.747861 0.109531 0.064766
34 0.759966 0.484473 0.068389 0.039297
35 0.644233 0.857529 0.052959 0.117988
33 0.489297 0.035161 0.046660 0.068193
34 0.643711 0.957451 0.183594 0.085098
34 0.923706 0.591914 0.120967 0.065684
35 0.846367 0.772866 0.053887 0.119424
35 0.350317 0.073804 0.115381 0.052920
34 0.823237 0.669746 0.038955 0.078008
35 0.387505 0.509585 0.116553 0.050518
34 0.390034 0.457441 0.176104 0.054121
34 0.853359 0.844634 0.167910 0.040732
33 0.891611 0.473442 0.043887 0.063291
34 0.965259 0.138755 0.069189 0.041514
14 0.641182 0.674243 0.059609 0.059990
34 0.760513 0.008394 0.093018 0.016787
34 0.977749 0.431177 0.037021 0.079385
35 0.986172 0.222969 0.027656 0.120762
3 0.760186 0.054365 0.075918 0.073730
3 0.563198 0.491890 0.077002 0.071924
34 0.347554 0.025239 0.194932 0.050420
0 0.643306 0.746572 0.020381 0.033906
0 0.570122 0.676167 0.020615 0.034580
0 0.643477 0.599312 0.021191 0.035908
3 0.829326 0.592788 0.077129 0.071729
0 0.619233 0.032847 0.020713 0.035107
34 0.721860 0.671484 0.109678 0.063828
34 0.504497 0.675977 0.107217 0.066758
34 0.711929 0.598213 0.108096 0.062832
34 0.558643 0.423110 0.124375 0.064932
