35 0.942480 0.943018 0.040859 0.077422
3 0.740640 0.155713 0.040674 0.046055
0 0.270264 0.842505 0.022480 0.039912
0 0.673828 0.760166 0.022480 0.038223
0 0.778853 0.329067 0.025225 0.019736
6 0.786045 0.368472 0.022051 0.021318
0 0.380996 0.661240 0.022480 0.029219
0 0.671865 0.809907 0.019668 0.038779
0 0.778657 0.839136 0.017432 0.036533
0 0.779780 0.889722 0.020791 0.038779
0 0.834302 0.890005 0.017432 0.039346
0 0.834019 0.840820 0.019111 0.037656
0 0.943623 0.811592 0.019102 0.042148
0 0.943906 0.759883 0.019668 0.038789
0 0.691538 0.482788 0.021924 0.036533
0 0.690688 0.432764 0.019111 0.037656
0 0.269424 0.749482 0.019668 0.034844
0 0.026484 0.758291 0.020332 0.037129
0 0.093164 0.654746 0.017617 0.025215
0 0.787651 0.435854 0.018545 0.037100
0 0.786807 0.485317 0.023613 0.039346
0 0.913833 0.196133 0.019111 0.037656
0 0.914111 0.113506 0.023047 0.038789
33 0.040571 0.653862 0.041064 0.063525
33 0.092861 0.607573 0.041836 0.066240
33 0.381440 0.611060 0.041064 0.067783
33 0.455615 0.650376 0.043770 0.062744
33 0.664551 0.633062 0.065078 0.037178
33 0.663003 0.596069 0.066631 0.038350
33 0.859146 0.690864 0.048389 0.048389
33 0.780938 0.221187 0.065957 0.040850
33 0.649033 0.299692 0.039844 0.055244
33 0.591113 0.300361 0.040508 0.055234
34 0.035615 0.600313 0.065430 0.040332
34 0.090518 0.553252 0.066777 0.040332
34 0.208828 0.634150 0.108906 0.090078
34 0.385410 0.555049 0.065879 0.043926
34 0.460259 0.598071 0.065889 0.040342
34 0.581265 0.591802 0.088291 0.045713
34 0.587090 0.635942 0.084707 0.043467
34 0.647373 0.484463 0.066328 0.042578
34 0.646699 0.433145 0.066777 0.039434
34 0.676504 0.393481 0.025996 0.031826
34 0.592246 0.247378 0.063633 0.047061
34 0.653647 0.247822 0.060947 0.044375
34 0.715044 0.222500 0.060947 0.042129
34 0.495439 0.153706 0.044824 0.021963
34 0.739243 0.111807 0.062744 0.041230
34 0.900591 0.151470 0.022412 0.037197
34 0.956836 0.114268 0.066777 0.047949
34 0.958184 0.195386 0.066777 0.045264
34 0.925239 0.309448 0.139834 0.028682
34 0.773086 0.397065 0.023750 0.030928
34 0.739692 0.436055 0.069912 0.040781
34 0.742607 0.486475 0.067676 0.041230
34 0.801768 0.527935 0.022852 0.044365
34 0.962173 0.556831 0.075654 0.098623
34 0.862495 0.739692 0.087842 0.044814
34 0.976289 0.761655 0.047422 0.043018
34 0.931963 0.871235 0.021504 0.040791
34 0.879751 0.836953 0.068564 0.042129
34 0.879746 0.890059 0.067676 0.043477
34 0.820591 0.949888 0.025537 0.036748
34 0.767256 0.949668 0.024648 0.034512
34 0.736558 0.890728 0.068115 0.044814
34 0.736333 0.838516 0.070361 0.041680
34 0.628096 0.809634 0.068125 0.041279
34 0.629443 0.760088 0.069023 0.044375
34 0.671572 0.986372 0.093223 0.027256
34 0.944287 0.988613 0.094570 0.022773
34 0.657900 0.869214 0.025547 0.037646
34 0.229492 0.749502 0.064277 0.042852
34 0.256938 0.794023 0.027451 0.036152
34 0.227813 0.843740 0.062266 0.042520
34 0.070303 0.760044 0.069297 0.046533
6 0.692158 0.365000 0.023770 0.025508
21 0.271694 0.927402 0.040850 0.042500
35 0.673125 0.943018 0.037637 0.070977
35 0.917212 0.259146 0.041943 0.068818
34 0.976738 0.808940 0.046523 0.039893
6 0.815322 0.491094 0.019316 0.021504
