34 0.409048 0.392148 0.036299 0.178906
34 0.353564 0.391108 0.033184 0.186162
34 0.294453 0.391890 0.030078 0.180459
34 0.240522 0.391890 0.036299 0.173193
34 0.137852 0.387480 0.096445 0.039922
34 0.028433 0.386440 0.035264 0.154014
35 0.262524 0.039487 0.042158 0.078975
35 0.417915 0.760771 0.051377 0.106777
34 0.340239 0.019438 0.028818 0.038877
34 0.424810 0.849658 0.108877 0.066348
34 0.577974 0.542373 0.031514 0.053730
34 0.258179 0.093286 0.166416 0.034951
25 0.263398 0.388667 0.524727 0.362373
25 0.836001 0.392988 0.327998 0.224766
34 0.891890 0.377378 0.166670 0.053760
34 0.475425 0.394224 0.039404 0.199639
