0 0.381099 0.106409 0.055947 0.043055
35 0.524639 0.106421 0.109902 0.061297
34 0.165435 0.025130 0.031826 0.050259
34 0.244434 0.081184 0.050078 0.037655
34 0.384971 0.041488 0.126172 0.082976
34 0.130698 0.185992 0.081865 0.133337
0 0.183545 0.189154 0.031465 0.060541
34 0.187979 0.455885 0.157500 0.113980
34 0.667588 0.276809 0.172754 0.058715
34 0.382446 0.204882 0.113350 0.098602
34 0.680986 0.105829 0.179355 0.065434
35 0.183833 0.337599 0.048428 0.117204
35 0.527900 0.275242 0.101523 0.065592
0 0.379932 0.276618 0.055937 0.041714
