34 0.213447 0.404307 0.113984 0.038711
34 0.035298 0.255234 0.070596 0.077676
34 0.499175 0.794604 0.201260 0.036182
34 0.427085 0.649097 0.126279 0.051553
34 0.420654 0.262168 0.196582 0.062012
0 0.689312 0.620732 0.055752 0.033457
22 0.690425 0.517593 0.103701 0.101475
17 0.390225 0.518545 0.183809 0.189590
34 0.899468 0.405386 0.068818 0.034404
34 0.888179 0.296782 0.082803 0.036553
34 0.606997 0.408071 0.066670 0.035479
34 0.198379 0.520850 0.142266 0.058770
34 0.875708 0.517690 0.140479 0.061143
