33 0.589790 0.433340 0.068818 0.092480
3 0.969185 0.830620 0.061631 0.075732
31 0.811191 0.493398 0.131465 0.135742
35 0.748931 0.846240 0.096768 0.038711
34 0.966128 0.764980 0.067744 0.049805
34 0.879453 0.830977 0.049199 0.029395
34 0.737559 0.793779 0.192598 0.060605
34 0.592407 0.515562 0.129639 0.061182
34 0.924023 0.489375 0.087637 0.059629
34 0.868018 0.248511 0.089707 0.066377
34 0.592671 0.034604 0.116670 0.053408
17 0.972852 0.061836 0.054297 0.082793
33 0.866675 0.169873 0.072041 0.079590
33 0.591401 0.113984 0.067744 0.098926
