34 0.670000 0.143086 0.050645 0.033164
35 0.961025 0.684414 0.077949 0.044082
35 0.962100 0.957534 0.075801 0.048389
6 0.436909 0.133989 0.018369 0.022412
21 0.214165 0.112026 0.038994 0.039443
33 0.051621 0.928501 0.048379 0.063447
33 0.237642 0.924204 0.044092 0.067744
33 0.789790 0.504307 0.068818 0.045156
33 0.790327 0.332266 0.065596 0.051621
33 0.235493 0.650542 0.050537 0.066670
33 0.052695 0.652695 0.046230 0.064512
3 0.732471 0.027969 0.069082 0.055938
3 0.730825 0.233564 0.067979 0.057012
34 0.281660 0.042246 0.097695 0.050195
34 0.417012 0.040679 0.092324 0.047061
34 0.516055 0.027007 0.091426 0.044814
34 0.577900 0.061069 0.050195 0.031377
34 0.648940 0.025381 0.089189 0.050762
34 0.596504 0.126504 0.091875 0.043926
34 0.493872 0.126729 0.097256 0.047949
34 0.529497 0.239668 0.087842 0.049746
34 0.529727 0.310034 0.089180 0.055127
34 0.676274 0.294565 0.088291 0.053779
34 0.814541 0.237651 0.090527 0.052881
34 0.870562 0.333784 0.093213 0.052432
34 0.850845 0.395859 0.088740 0.049297
34 0.923672 0.420283 0.039883 0.027344
34 0.974272 0.381963 0.051455 0.076191
34 0.874805 0.505415 0.091016 0.055166
34 0.872354 0.669019 0.052891 0.028232
34 0.690620 0.522241 0.053330 0.025986
34 0.536675 0.461064 0.088740 0.051543
34 0.424629 0.460840 0.087852 0.047500
34 0.672246 0.587227 0.090977 0.050195
34 0.673140 0.646162 0.088291 0.050645
34 0.512695 0.612324 0.092773 0.050195
34 0.414771 0.612100 0.089639 0.050645
34 0.533760 0.742295 0.087402 0.050195
34 0.686362 0.804141 0.049307 0.026895
34 0.671572 0.865093 0.085156 0.052881
34 0.673140 0.921567 0.086494 0.047510
34 0.868320 0.943301 0.055566 0.030020
34 0.509785 0.885713 0.091426 0.051992
34 0.415220 0.893105 0.089639 0.059609
34 0.330288 0.876973 0.030928 0.051543
34 0.415664 0.743413 0.089629 0.047959
34 0.234155 0.868008 0.093213 0.051543
34 0.051523 0.871592 0.091875 0.044375
34 0.076621 0.983193 0.090078 0.033613
34 0.076177 0.718545 0.087393 0.049297
34 0.193145 0.726606 0.100840 0.031377
34 0.234155 0.592153 0.091436 0.047510
34 0.055332 0.597983 0.094121 0.048408
34 0.330063 0.606050 0.030479 0.050205
5 0.755957 0.292969 0.063867 0.029883
5 0.516338 0.078525 0.030137 0.046270
3 0.516216 0.946284 0.058604 0.063604
4 0.418701 0.942388 0.052637 0.061807
0 0.491323 0.162749 0.039580 0.021689
0 0.851567 0.440283 0.055518 0.031934
0 0.077485 0.753696 0.040635 0.022861
0 0.599067 0.163291 0.038760 0.024395
0 0.279761 0.078042 0.040928 0.021416
1 0.613447 0.581152 0.026426 0.039473
3 0.601382 0.646943 0.046162 0.043867
3 0.516953 0.668872 0.065898 0.061396
3 0.534502 0.512622 0.050547 0.051533
3 0.600288 0.921069 0.057119 0.043857
1 0.611255 0.862954 0.028623 0.041670
3 0.533950 0.793325 0.049443 0.051533
4 0.421587 0.792939 0.046221 0.048887
4 0.597319 0.312314 0.050830 0.043359
3 0.600552 0.240356 0.049912 0.045205
0 0.415020 0.078447 0.037676 0.023848
4 0.422046 0.511572 0.050830 0.047051
4 0.417896 0.670708 0.053604 0.060889
