0 0.505522 0.099121 0.036869 0.042715
6 0.103636 0.439795 0.037071 0.015059
6 0.259133 0.781196 0.038502 0.017607
34 0.188493 0.955278 0.041700 0.037471
34 0.557104 0.967388 0.038148 0.037412
34 0.235884 0.198574 0.039074 0.032930
34 0.068224 0.928545 0.134461 0.042832
34 0.585783 0.094395 0.118771 0.039395
34 0.308468 0.879561 0.156532 0.045195
34 0.126481 0.045894 0.107273 0.039678
25 0.304487 0.611787 0.598737 0.221504
34 0.696768 0.271714 0.040471 0.041396
34 0.125185 0.862285 0.044343 0.037070
34 0.112138 0.164072 0.104141 0.041484
34 0.090438 0.327788 0.113535 0.041006
34 0.586263 0.437271 0.119293 0.038252
34 0.676094 0.879741 0.157407 0.045811
34 0.326928 0.815303 0.060960 0.020293
34 0.420488 0.245781 0.164781 0.050625
34 0.500429 0.868301 0.043451 0.038887
34 0.563089 0.146294 0.060758 0.022920
34 0.397559 0.766572 0.061987 0.026230
34 0.815800 0.723906 0.048232 0.042441
34 0.430135 0.930737 0.151044 0.042197
34 0.016641 0.112705 0.033283 0.020703
34 0.631524 0.284043 0.038300 0.040273
34 0.299596 0.608564 0.242694 0.044648
34 0.042980 0.436831 0.081886 0.039014
6 0.507744 0.438184 0.037071 0.018281
5 0.654057 0.138750 0.092896 0.031348
0 0.149722 0.928105 0.035168 0.034824
0 0.043190 0.164058 0.037290 0.041260
0 0.091801 0.360933 0.072660 0.023174
0 0.578788 0.878369 0.036330 0.035586
0 0.122256 0.075127 0.072862 0.022832
0 0.212020 0.878604 0.034343 0.035332
0 0.526389 0.928755 0.035909 0.036475
0 0.587879 0.466108 0.070808 0.023779
8 0.244419 0.244644 0.204091 0.061299
