34 0.810532 0.156375 0.030811 0.052052
34 0.018564 0.148833 0.037129 0.029504
34 0.877085 0.374611 0.035615 0.076798
21 0.240581 0.307317 0.033389 0.046043
22 0.122583 0.039577 0.110146 0.079154
34 0.171084 0.118957 0.112793 0.066122
0 0.240742 0.236381 0.022656 0.049267
0 0.424375 0.081815 0.021758 0.048861
0 0.896357 0.238709 0.034414 0.073247
0 0.169316 0.163433 0.041641 0.026392
34 0.258345 0.465558 0.335303 0.037632
34 0.429258 0.547818 0.293398 0.036561
34 0.175293 0.235575 0.113691 0.069188
21 0.423755 0.154126 0.032783 0.047373
34 0.956377 0.236657 0.087246 0.071826
34 0.357368 0.082435 0.112197 0.068072
35 0.513560 0.018923 0.080596 0.037847
34 0.684268 0.028980 0.249844 0.057959
35 0.084751 0.161167 0.085850 0.048309
