34 0.723999 0.702905 0.255811 0.123311
6 0.726255 0.435654 0.032900 0.026445
6 0.728193 0.240845 0.027734 0.029033
6 0.727544 0.215366 0.036768 0.028389
6 0.726899 0.409531 0.035479 0.029668
6 0.726899 0.460166 0.032900 0.026445
33 0.676030 0.338096 0.096299 0.057051
6 0.726899 0.263101 0.031611 0.028389
35 0.931162 0.023511 0.137402 0.047021
34 0.705034 0.125127 0.038408 0.067441
34 0.753486 0.339531 0.037637 0.071602
34 0.557935 0.338945 0.133447 0.080371
35 0.727612 0.583125 0.060029 0.127773
