4 0.421616 0.769204 0.067979 0.075654
3 0.417778 0.381045 0.082236 0.091016
3 0.580605 0.092666 0.061406 0.075664
1 0.704609 0.899722 0.028945 0.054893
1 0.697622 0.222075 0.024951 0.056885
33 0.176646 0.359399 0.056553 0.090244
34 0.413984 0.973657 0.134414 0.052686
34 0.296777 0.932803 0.039785 0.067734
34 0.186030 0.962905 0.134404 0.074189
35 0.963711 0.406997 0.072578 0.050537
35 0.957798 0.839790 0.084404 0.049463
0 0.679204 0.613281 0.075264 0.037324
3 0.588281 0.771943 0.070176 0.067988
3 0.553188 0.379399 0.089912 0.089912
4 0.415039 0.091021 0.070176 0.074561
3 0.676548 0.308677 0.066885 0.073467
34 0.176885 0.276353 0.159141 0.075264
34 0.286567 0.259683 0.043018 0.072041
34 0.416670 0.024199 0.137637 0.048398
34 0.569897 0.025811 0.145166 0.051621
34 0.409683 0.295171 0.149463 0.074189
34 0.566133 0.297319 0.139785 0.072041
34 0.812910 0.134419 0.063437 0.047314
34 0.783877 0.221514 0.138711 0.066660
34 0.787642 0.306997 0.137627 0.072041
34 0.955649 0.111836 0.088701 0.043008
34 0.973389 0.359146 0.053223 0.043018
34 0.681191 0.541943 0.139785 0.075273
34 0.938179 0.579575 0.073115 0.053760
34 0.418286 0.697319 0.147314 0.069893
34 0.581729 0.702690 0.147305 0.069893
34 0.815059 0.817749 0.063438 0.044092
34 0.961025 0.795703 0.077949 0.043008
34 0.790864 0.900005 0.129033 0.075264
34 0.794092 0.978496 0.133340 0.043008
34 0.568286 0.973120 0.135479 0.053760
