34 0.929360 0.666641 0.089189 0.059160
34 0.947070 0.570059 0.092324 0.058711
34 0.804497 0.092524 0.132236 0.091787
35 0.082803 0.966133 0.039785 0.067734
34 0.146782 0.661836 0.027959 0.059141
33 0.110488 0.117646 0.052969 0.064121
33 0.257788 0.310947 0.059482 0.307617
33 0.532871 0.311411 0.066914 0.304814
0 0.032114 0.535078 0.030576 0.018828
5 0.404976 0.566001 0.073896 0.030439
3 0.757686 0.740146 0.069082 0.054824
5 0.307192 0.637959 0.068350 0.030449
3 0.583892 0.638174 0.043857 0.048242
3 0.098149 0.738501 0.063604 0.049346
3 0.289487 0.756592 0.069072 0.052637
3 0.384331 0.661748 0.067979 0.053730
0 0.634668 0.735571 0.021875 0.036396
0 0.591572 0.863267 0.037637 0.024775
35 0.591938 0.533877 0.088174 0.041934
35 0.740332 0.964521 0.038711 0.070957
35 0.528501 0.942480 0.034404 0.095703
35 0.405918 0.811294 0.038711 0.089248
35 0.308608 0.870977 0.033330 0.083867
0 0.693096 0.535723 0.029570 0.020293
34 0.106011 0.059082 0.082451 0.051855
34 0.576074 0.029023 0.029043 0.058047
34 0.034717 0.737686 0.069434 0.048027
34 0.038442 0.831230 0.023232 0.041445
34 0.052197 0.678613 0.039121 0.023633
34 0.063428 0.595913 0.028281 0.050361
34 0.037041 0.499468 0.074082 0.049580
34 0.387070 0.513594 0.023750 0.051543
34 0.330151 0.567373 0.086494 0.051543
34 0.290039 0.691963 0.025996 0.040781
34 0.230659 0.634150 0.086494 0.052441
34 0.215420 0.756724 0.086504 0.052881
34 0.309985 0.929961 0.112490 0.042539
34 0.404326 0.878169 0.139824 0.053799
34 0.386626 0.725127 0.030029 0.050645
34 0.459678 0.662158 0.085605 0.050195
34 0.510991 0.750225 0.027783 0.043477
34 0.694971 0.830000 0.026445 0.042578
34 0.591216 0.826641 0.090537 0.050195
34 0.579565 0.734990 0.087842 0.047949
34 0.581577 0.585747 0.089189 0.051533
34 0.591191 0.504624 0.114688 0.029131
34 0.688447 0.500371 0.084219 0.048398
34 0.685557 0.738125 0.087402 0.052441
34 0.709531 0.678970 0.040332 0.028232
34 0.720737 0.595156 0.025986 0.049746
34 0.804102 0.652300 0.025996 0.047510
