34 0.507358 0.447881 0.065342 0.042930
34 0.508599 0.258008 0.064365 0.041621
21 0.421738 0.916387 0.022871 0.023281
34 0.562598 0.758281 0.060508 0.040156
34 0.604351 0.019326 0.067021 0.038477
34 0.493296 0.141299 0.066670 0.040098
0 0.530015 0.034834 0.022627 0.041816
34 0.538838 0.561299 0.058555 0.041250
34 0.507495 0.351812 0.064756 0.042139
34 0.466440 0.756904 0.060420 0.039883
3 0.565630 0.799395 0.042744 0.041719
35 0.335073 0.610728 0.073662 0.030713
33 0.558877 0.358999 0.030625 0.045928
34 0.422861 0.795151 0.041973 0.023428
0 0.422500 0.690337 0.014277 0.026104
33 0.558936 0.263506 0.030566 0.041484
34 0.484976 0.033530 0.064463 0.041924
34 0.563799 0.888384 0.066172 0.040400
34 0.379121 0.690986 0.067656 0.042422
34 0.379199 0.646631 0.066621 0.039668
0 0.607021 0.888589 0.013398 0.023896
34 0.377866 0.888057 0.066982 0.040527
34 0.567187 0.141450 0.065371 0.039482
21 0.422266 0.719385 0.021152 0.025918
34 0.564097 0.690093 0.066572 0.041553
0 0.421567 0.844399 0.015479 0.024932
34 0.378027 0.844067 0.066367 0.039443
34 0.563706 0.647261 0.067979 0.039170
34 0.466279 0.559839 0.060586 0.038037
0 0.422524 0.647036 0.014600 0.024385
3 0.469922 0.602246 0.042754 0.043379
34 0.563662 0.844136 0.066836 0.039756
21 0.607104 0.917251 0.022314 0.024736
3 0.468984 0.799487 0.044043 0.041943
4 0.541411 0.602437 0.042529 0.043389
34 0.760859 0.008545 0.039492 0.016992
34 0.326343 0.774917 0.149951 0.045732
34 0.864028 0.242690 0.133564 0.108896
34 0.423047 0.597432 0.041602 0.023652
33 0.494092 0.184419 0.043008 0.048389
33 0.560762 0.453232 0.038711 0.046230
35 0.336274 0.808296 0.076299 0.027119
0 0.422334 0.888037 0.014199 0.026758
0 0.557378 0.019331 0.021201 0.038662
34 0.325757 0.576621 0.147842 0.043828
33 0.565034 0.185688 0.031357 0.045420
0 0.606812 0.844941 0.013936 0.024590
0 0.607202 0.647881 0.013721 0.026309
0 0.606895 0.691514 0.014082 0.024355
21 0.606655 0.719126 0.020283 0.024131
