0 0.455029 0.262422 0.019492 0.011895
1 0.602568 0.766484 0.025020 0.047500
34 0.951968 0.130752 0.068643 0.040937
34 0.779731 0.242729 0.097627 0.056318
34 0.908950 0.845586 0.062998 0.040879
34 0.699292 0.465278 0.067393 0.041807
34 0.972622 0.767432 0.054521 0.041211
34 0.494448 0.843950 0.064814 0.042275
34 0.556045 0.429438 0.060176 0.039424
33 0.554468 0.712822 0.034814 0.031680
35 0.910508 0.061426 0.034121 0.072637
34 0.538906 0.983833 0.060625 0.032178
34 0.489312 0.428413 0.060322 0.039053
34 0.974287 0.429287 0.051035 0.039199
33 0.562817 0.565054 0.030029 0.030479
0 0.585225 0.712505 0.021953 0.015244
0 0.907480 0.808042 0.028652 0.017256
0 0.501792 0.522568 0.026494 0.013867
21 0.457979 0.479985 0.031680 0.034717
0 0.493286 0.806470 0.026787 0.015010
21 0.873389 0.480073 0.031035 0.035146
34 0.864780 0.261055 0.070049 0.040020
34 0.929033 0.563774 0.064883 0.039072
34 0.492471 0.779009 0.061250 0.038857
34 0.893462 0.360913 0.062490 0.038525
34 0.537920 0.599253 0.036172 0.023408
34 0.915400 0.429653 0.061797 0.037822
34 0.562012 0.764619 0.059941 0.040957
34 0.364844 0.217026 0.098066 0.059189
34 0.916426 0.705068 0.068477 0.042109
34 0.502471 0.708179 0.066484 0.042705
34 0.906382 0.781323 0.062373 0.040713
34 0.768867 0.372192 0.059629 0.041025
34 0.514224 0.563618 0.063076 0.039170
34 0.590264 0.247617 0.018281 0.041875
34 0.913110 0.317656 0.068193 0.040117
34 0.959487 0.360713 0.060986 0.038438
34 0.777378 0.108018 0.068369 0.041465
34 0.663657 0.372539 0.059326 0.041172
34 0.842427 0.036987 0.020830 0.046553
6 0.497559 0.216802 0.012383 0.013115
3 0.577485 0.296914 0.086299 0.040781
0 0.625005 0.343345 0.021846 0.015654
0 0.624277 0.403608 0.020391 0.012373
22 0.602246 0.373936 0.055664 0.050605
0 0.589434 0.564370 0.018535 0.013486
6 0.657144 0.437212 0.012646 0.013057
6 0.911963 0.238838 0.012676 0.014629
11 0.601304 0.637603 0.056123 0.051846
3 0.593364 0.984097 0.045479 0.031807
0 0.892700 0.386938 0.028350 0.015791
21 0.649868 0.321963 0.031084 0.034395
21 0.455420 0.829663 0.029980 0.035225
21 0.865713 0.411113 0.030410 0.036680
34 0.470625 0.360845 0.061289 0.040068
34 0.848677 0.567124 0.067041 0.040400
33 0.980210 0.564399 0.039072 0.030908
34 0.536011 0.360713 0.059697 0.040937
34 0.691533 0.656021 0.064746 0.039678
34 0.833613 0.850269 0.058887 0.025225
34 0.842212 0.493579 0.057002 0.022002
34 0.499453 0.300049 0.065371 0.041582
34 0.450737 0.238540 0.070244 0.042900
34 0.922969 0.486284 0.064199 0.040400
34 0.621670 0.816841 0.019668 0.036377
33 0.832808 0.108013 0.038193 0.031807
35 0.782676 0.285098 0.072949 0.033047
35 0.368047 0.263081 0.071895 0.035869
34 0.418296 0.848896 0.057490 0.021621
35 0.850439 0.516538 0.068945 0.027432
34 0.941030 0.646758 0.073936 0.052285
34 0.671860 0.773726 0.059893 0.040498
33 0.718843 0.374795 0.037881 0.033262
34 0.908657 0.014316 0.044189 0.023730
34 0.496787 0.495122 0.060273 0.040654
34 0.531553 0.236147 0.083984 0.049580
34 0.953281 0.262178 0.067285 0.040684
34 0.623418 0.564614 0.019609 0.035674
34 0.440957 0.567217 0.077656 0.040898
34 0.625156 0.930972 0.033867 0.019697
34 0.421729 0.499863 0.058379 0.023320
34 0.692456 0.245098 0.068311 0.039609
34 0.691851 0.286113 0.068408 0.039980
35 0.838706 0.876270 0.072100 0.029609
0 0.869502 0.285361 0.019434 0.011953
33 0.969458 0.708960 0.034912 0.031514
0 0.960156 0.387163 0.027578 0.014658
21 0.431001 0.410513 0.032432 0.036748
0 0.528784 0.386846 0.026846 0.015195
0 0.911665 0.262656 0.011768 0.018730
0 0.554521 0.457373 0.028086 0.016074
0 0.497773 0.241250 0.011797 0.018867
0 0.650083 0.287539 0.014971 0.026406
0 0.469224 0.386943 0.028994 0.016113
21 0.646416 0.694546 0.029941 0.034424
0 0.913989 0.873018 0.027568 0.014746
21 0.868521 0.831094 0.029307 0.035410
0 0.921514 0.457041 0.027891 0.016387
0 0.647002 0.658491 0.015488 0.028779
0 0.887158 0.566963 0.015059 0.029238
0 0.909814 0.131353 0.016582 0.028018
0 0.656450 0.464897 0.013115 0.026045
0 0.634009 0.772935 0.016494 0.027803
0 0.473052 0.567124 0.014912 0.029658
0 0.650166 0.246836 0.014941 0.026426
0 0.980605 0.457451 0.027813 0.015840
0 0.495127 0.457163 0.027227 0.016572
0 0.928018 0.515513 0.029473 0.015732
0 0.499819 0.872617 0.028350 0.016504
