34 0.331582 0.981196 0.115892 0.037607
34 0.741296 0.679932 0.167609 0.025957
34 0.624781 0.988594 0.200101 0.022813
34 0.577702 0.800396 0.034057 0.036025
34 0.530623 0.760498 0.098822 0.040664
3 0.461641 0.403037 0.071397 0.046465
21 0.594015 0.612505 0.059815 0.048975
21 0.597534 0.840034 0.063316 0.044893
34 0.380715 0.799624 0.039411 0.036025
34 0.335311 0.759722 0.094158 0.042217
34 0.311271 0.646250 0.102172 0.045352
3 0.316726 0.691934 0.072172 0.046465
21 0.406692 0.843101 0.075640 0.044893
34 0.525286 0.458193 0.098822 0.045742
34 0.753316 0.390234 0.203670 0.028281
34 0.460177 0.357466 0.100825 0.042607
0 0.591608 0.553857 0.036077 0.036973
0 0.596776 0.761250 0.032407 0.033359
35 0.741843 0.416133 0.152003 0.036562
35 0.741843 0.706997 0.148300 0.035479
34 0.324293 0.400869 0.074781 0.025605
34 0.525951 0.553096 0.100152 0.043340
34 0.568350 0.507017 0.040741 0.038740
0 0.400362 0.761841 0.035640 0.037822
0 0.590438 0.460356 0.032795 0.036416
