34 0.908115 0.960620 0.124629 0.068838
34 0.372144 0.758511 0.124482 0.062568
34 0.622695 0.463833 0.093906 0.058408
34 0.168481 0.761748 0.118877 0.064004
33 0.623521 0.536875 0.059385 0.078672
34 0.905908 0.761890 0.124297 0.066729
33 0.151226 0.825889 0.102236 0.062266
33 0.384121 0.825371 0.101914 0.061992
33 0.885225 0.825874 0.102793 0.062783
25 0.635938 0.896440 0.422402 0.207119
34 0.763911 0.689932 0.032256 0.063301
34 0.363950 0.958574 0.123877 0.062891
34 0.201587 0.556025 0.067236 0.036992
34 0.173735 0.961177 0.116865 0.063369
34 0.466592 0.688867 0.029023 0.061445
34 0.030952 0.690186 0.030928 0.062832
34 0.628721 0.917607 0.160488 0.048516
