3 0.561807 0.399756 0.084805 0.090605
34 0.624512 0.594175 0.059473 0.028896
34 0.736011 0.179722 0.165459 0.036963
34 0.748647 0.720444 0.157080 0.032764
34 0.747334 0.539634 0.166348 0.034775
34 0.443374 0.233979 0.059756 0.028291
34 0.812056 0.845801 0.117041 0.064102
34 0.560259 0.508179 0.114424 0.062646
34 0.926680 0.510186 0.115488 0.064395
34 0.563237 0.322915 0.114580 0.064287
34 0.919292 0.690420 0.115674 0.064551
34 0.804097 0.660405 0.114736 0.064385
34 0.567271 0.684941 0.115400 0.062676
34 0.918247 0.147930 0.128486 0.068438
34 0.957310 0.948101 0.085381 0.067861
34 0.682534 0.473672 0.116514 0.064590
34 0.683994 0.659697 0.113906 0.060527
34 0.862983 0.595000 0.059150 0.027383
34 0.675127 0.848315 0.116387 0.064443
34 0.917393 0.320591 0.115703 0.064951
34 0.979302 0.775898 0.040967 0.030410
34 0.490537 0.775625 0.061230 0.030820
34 0.807056 0.472646 0.115635 0.062617
34 0.673726 0.301060 0.113467 0.058779
3 0.567485 0.768828 0.083193 0.093437
3 0.928481 0.586597 0.082275 0.091494
3 0.917886 0.769297 0.084150 0.092109
0 0.797837 0.613662 0.076650 0.039727
0 0.691982 0.609038 0.087012 0.041768
0 0.806831 0.421680 0.082373 0.042930
0 0.687339 0.421680 0.077725 0.042930
0 0.789429 0.252886 0.082373 0.041768
0 0.675742 0.250566 0.080039 0.044082
6 0.678062 0.750566 0.033643 0.041758
6 0.690244 0.570752 0.030156 0.032480
6 0.795811 0.569590 0.030156 0.032480
6 0.806250 0.385142 0.034805 0.027842
6 0.790010 0.212285 0.025527 0.032480
6 0.675161 0.213447 0.034795 0.032480
3 0.557896 0.585903 0.083174 0.092451
6 0.805576 0.752275 0.029629 0.025527
6 0.686650 0.384492 0.032129 0.026035
3 0.918398 0.399448 0.082891 0.090889
0 0.806226 0.794087 0.076650 0.035811
0 0.680908 0.792407 0.076641 0.039170
3 0.918296 0.226152 0.083740 0.092617
3 0.568516 0.226113 0.083242 0.092500
34 0.739385 0.941353 0.155352 0.093447
33 0.330669 0.961201 0.064072 0.044766
34 0.792334 0.300864 0.115371 0.064248
34 0.171396 0.321909 0.203184 0.121475
34 0.442373 0.404580 0.062070 0.031660
34 0.231812 0.961738 0.125908 0.066191
34 0.566567 0.148604 0.126416 0.063633
