34 0.888657 0.906709 0.035400 0.024355
34 0.529722 0.300488 0.072881 0.044121
35 0.985483 0.693057 0.028779 0.085273
34 0.529395 0.230820 0.072871 0.043340
34 0.326377 0.263779 0.158379 0.061074
35 0.696030 0.585576 0.086162 0.041152
35 0.972241 0.875107 0.055518 0.037383
34 0.326958 0.403589 0.156357 0.059033
34 0.888145 0.953984 0.035605 0.024375
34 0.978477 0.761787 0.025000 0.035664
34 0.779634 0.303589 0.076475 0.046357
35 0.936626 0.693887 0.039951 0.085645
34 0.320835 0.572305 0.142236 0.072500
34 0.326807 0.334097 0.160566 0.061533
34 0.779263 0.392583 0.074912 0.044795
34 0.779326 0.483301 0.074941 0.043828
35 0.972178 0.968096 0.055645 0.039961
34 0.326909 0.188696 0.159775 0.065908
34 0.361680 0.928306 0.130039 0.060166
34 0.593247 0.660747 0.025459 0.036553
34 0.529478 0.370137 0.072920 0.043047
34 0.779072 0.555732 0.070195 0.043613
34 0.327344 0.474189 0.155742 0.060039
34 0.638271 0.460376 0.022520 0.222998
34 0.538862 0.929883 0.068076 0.043125
34 0.833564 0.395532 0.023418 0.033154
35 0.972310 0.919951 0.055381 0.036309
0 0.779717 0.514854 0.032305 0.018457
6 0.815054 0.941455 0.017998 0.018965
0 0.921221 0.467358 0.034277 0.019424
0 0.760679 0.010249 0.017588 0.020264
0 0.530283 0.332739 0.031914 0.018936
0 0.323979 0.737808 0.017646 0.032881
0 0.779707 0.335527 0.032871 0.019512
0 0.476646 0.737842 0.017900 0.032676
0 0.530449 0.471802 0.032695 0.019521
0 0.551074 0.893730 0.034316 0.020742
0 0.530312 0.187705 0.032813 0.019414
0 0.779683 0.586392 0.032158 0.019111
0 0.805937 0.045127 0.018379 0.031855
0 0.539458 0.961294 0.032334 0.017627
0 0.530376 0.401309 0.032803 0.019531
6 0.846714 0.361631 0.016533 0.020332
0 0.779526 0.424253 0.032783 0.018818
0 0.530435 0.262026 0.032744 0.019678
35 0.467197 0.892817 0.084121 0.040986
34 0.582480 0.174707 0.034316 0.023965
34 0.799512 0.834341 0.023770 0.036650
34 0.806899 0.989385 0.075498 0.021230
35 0.476836 0.654395 0.038906 0.087344
34 0.889829 0.861177 0.035791 0.024795
34 0.529585 0.154922 0.074014 0.044785
34 0.588359 0.927686 0.023828 0.036758
34 0.748516 0.043218 0.023516 0.035752
34 0.552217 0.987905 0.070937 0.024189
35 0.760186 0.106792 0.037793 0.086318
34 0.582544 0.387476 0.032275 0.020439
35 0.806387 0.107139 0.034961 0.088828
35 0.697734 0.513262 0.085449 0.039395
34 0.943125 0.631265 0.113340 0.043232
35 0.454590 0.261938 0.082969 0.042217
35 0.696855 0.423535 0.081543 0.041855
34 0.856763 0.045391 0.085732 0.046953
35 0.454688 0.471714 0.083418 0.041143
34 0.831924 0.676689 0.025469 0.036895
34 0.582500 0.457710 0.034180 0.023994
35 0.454771 0.186709 0.083584 0.038281
34 0.923071 0.436284 0.077021 0.045381
34 0.529375 0.440342 0.069336 0.043125
34 0.549922 0.861250 0.073145 0.044727
34 0.783560 0.179971 0.152568 0.064316
34 0.430615 0.737676 0.073926 0.043906
35 0.696328 0.334585 0.085020 0.041416
34 0.923140 0.761919 0.024443 0.036104
34 0.311631 0.776738 0.022129 0.030527
34 0.582192 0.247930 0.033447 0.022734
35 0.454175 0.332915 0.082510 0.039561
34 0.746387 0.779951 0.043184 0.024746
34 0.646533 0.985444 0.025098 0.028643
35 0.468022 0.961572 0.084951 0.040430
35 0.454688 0.401201 0.082246 0.039316
35 0.323071 0.652808 0.038447 0.086143
34 0.278530 0.737808 0.069619 0.043955
34 0.475005 0.571831 0.144697 0.074170
34 0.582842 0.319565 0.032266 0.023213
