34 0.559063 0.867974 0.085977 0.054912
0 0.723931 0.866558 0.023564 0.045225
6 0.830649 0.823662 0.027959 0.025801
6 0.614199 0.822075 0.019687 0.019561
34 0.619585 0.745166 0.047510 0.030625
34 0.487217 0.710156 0.029219 0.047246
34 0.449482 0.869150 0.088145 0.055820
0 0.831362 0.866240 0.022920 0.045137
0 0.007598 0.866157 0.015176 0.044697
34 0.777227 0.867739 0.084531 0.055283
0 0.614526 0.866958 0.022256 0.042686
34 0.668369 0.868457 0.085801 0.054668
0 0.505332 0.866704 0.022871 0.044795
