34 0.727803 0.504097 0.124141 0.075615
6 0.569053 0.618447 0.034004 0.024531
6 0.568774 0.596704 0.032334 0.022295
6 0.568774 0.389868 0.028994 0.030107
17 0.567100 0.175771 0.121387 0.123691
6 0.568828 0.572798 0.031309 0.027178
6 0.567935 0.435586 0.034014 0.024531
6 0.568774 0.414116 0.032334 0.027314
34 0.913540 0.176177 0.172588 0.080068
33 0.615596 0.505059 0.091992 0.053633
34 0.543857 0.026416 0.038750 0.052832
34 0.540854 0.506069 0.037998 0.069424
35 0.760449 0.207603 0.132832 0.055850
34 0.971528 0.976929 0.056924 0.039951
34 0.547422 0.305239 0.035938 0.062783
35 0.756978 0.145029 0.133135 0.056641
34 0.073545 0.258672 0.039980 0.058633
34 0.375732 0.094746 0.233203 0.115508
35 0.568223 0.732349 0.055371 0.118506
34 0.567046 0.882915 0.242607 0.192529
