0 0.285774 0.064355 0.031010 0.032539
3 0.053333 0.389756 0.098653 0.055488
0 0.364461 0.753027 0.031582 0.032227
34 0.043721 0.259023 0.042795 0.041641
21 0.119924 0.224785 0.052441 0.032402
0 0.531212 0.851304 0.030438 0.034287
0 0.551221 0.097651 0.088468 0.029990
0 0.118645 0.182671 0.030253 0.033994
0 0.273704 0.312661 0.089158 0.030186
3 0.320446 0.975513 0.093215 0.048975
6 0.364697 0.725967 0.025522 0.012656
21 0.530581 0.885479 0.048906 0.029141
0 0.572601 0.663306 0.053822 0.054209
34 0.539815 0.972051 0.122391 0.034414
34 0.537012 0.920435 0.120488 0.030107
35 0.448973 0.567749 0.074141 0.090322
0 0.112660 0.026499 0.032727 0.033369
6 0.290488 0.034419 0.038923 0.017197
17 0.076195 0.095708 0.152391 0.092471
35 0.521919 0.311997 0.143165 0.037451
35 0.766810 0.097183 0.147896 0.037354
0 0.449007 0.663398 0.051987 0.052852
35 0.571734 0.568208 0.064613 0.087979
34 0.274234 0.753677 0.144966 0.046787
34 0.370311 0.062900 0.136380 0.044316
34 0.163552 0.976948 0.070909 0.022900
34 0.672769 0.663340 0.149545 0.047500
34 0.195800 0.025791 0.135808 0.043711
34 0.553880 0.060967 0.141801 0.043711
34 0.618434 0.850869 0.145758 0.045273
34 0.517189 0.481724 0.273333 0.082490
34 0.273274 0.276411 0.137761 0.043174
34 0.530421 0.275210 0.244983 0.043311
34 0.319731 0.928169 0.146027 0.045361
34 0.345960 0.664355 0.145185 0.046445
34 0.202290 0.083433 0.067205 0.021416
34 0.380657 0.297954 0.071145 0.021670
34 0.755505 0.059028 0.205219 0.042178
34 0.202433 0.183628 0.137997 0.045088
34 0.042997 0.651328 0.045589 0.042969
