0 0.751995 0.647476 0.055000 0.055400
6 0.390892 0.207515 0.033636 0.023232
34 0.026448 0.090186 0.052896 0.063477
34 0.065345 0.331069 0.128603 0.064775
34 0.363098 0.034512 0.198215 0.068496
34 0.339958 0.445923 0.183519 0.064502
34 0.282306 0.249058 0.180202 0.063896
34 0.630438 0.650552 0.183838 0.069326
34 0.362626 0.765386 0.184175 0.071045
21 0.260833 0.548398 0.044495 0.034414
17 0.482340 0.117227 0.168687 0.096758
4 0.132306 0.090054 0.143704 0.083682
0 0.166675 0.331255 0.055673 0.058174
0 0.392054 0.249209 0.042525 0.044727
0 0.483939 0.761963 0.056566 0.056660
13 0.350513 0.515562 0.086751 0.074561
