6 0.932642 0.488491 0.020029 0.015654
6 0.425835 0.827476 0.015107 0.015596
3 0.976978 0.432764 0.046045 0.062324
34 0.235469 0.924756 0.094258 0.054785
34 0.294580 0.467163 0.064512 0.033330
34 0.015322 0.913755 0.030645 0.052217
34 0.606455 0.913369 0.091348 0.051934
34 0.906025 0.433716 0.093242 0.054229
34 0.368437 0.923779 0.093613 0.051641
34 0.367524 0.865391 0.093545 0.051875
34 0.234141 0.865449 0.092969 0.054141
5 0.587324 0.489434 0.031582 0.049121
0 0.425947 0.867739 0.021641 0.038037
0 0.175469 0.923955 0.021680 0.038555
0 0.175435 0.867905 0.021807 0.037451
34 0.981665 0.617397 0.034150 0.078975
34 0.942817 0.615308 0.036357 0.059443
33 0.853208 0.908350 0.065557 0.042832
34 0.144673 0.204155 0.073643 0.030381
34 0.957798 0.273706 0.083662 0.037705
34 0.583027 0.438848 0.091582 0.051602
34 0.836318 0.859268 0.089336 0.055527
34 0.081558 0.923105 0.094463 0.052734
34 0.890063 0.618374 0.039717 0.058682
34 0.491846 0.925415 0.094395 0.052451
33 0.606738 0.969912 0.043516 0.058984
34 0.710020 0.913931 0.093770 0.052119
34 0.252217 0.984639 0.058809 0.030039
0 0.425469 0.924233 0.022441 0.037861
6 0.176147 0.829253 0.017041 0.017725
