34 0.093950 0.415967 0.102236 0.065820
34 0.724780 0.204766 0.121572 0.068848
34 0.762563 0.587622 0.164463 0.125420
34 0.939282 0.347500 0.110986 0.064863
34 0.337368 0.536460 0.110967 0.069189
34 0.597305 0.715293 0.122676 0.068965
34 0.653594 0.855405 0.121680 0.077881
34 0.110688 0.539072 0.110635 0.065977
34 0.059336 0.713892 0.118340 0.066416
34 0.325225 0.186245 0.122344 0.064580
34 0.089063 0.830552 0.165020 0.130205
34 0.350928 0.290459 0.169063 0.118457
34 0.209917 0.734712 0.029795 0.049775
34 0.631221 0.419131 0.099395 0.068418
33 0.422490 0.191509 0.066133 0.044775
34 0.939155 0.631782 0.108643 0.064756
33 0.555923 0.417749 0.046240 0.065596
33 0.021240 0.420439 0.042480 0.079570
33 0.940869 0.698389 0.052695 0.054785
33 0.816328 0.107529 0.064395 0.045293
33 0.423193 0.096079 0.064941 0.045049
33 0.816577 0.201685 0.063408 0.044600
33 0.499868 0.714814 0.066865 0.045605
34 0.250786 0.624399 0.030127 0.051514
34 0.256104 0.370200 0.048359 0.029170
22 0.853213 0.700122 0.119062 0.113115
0 0.938364 0.498110 0.053037 0.030088
0 0.938652 0.396558 0.053652 0.030146
0 0.229492 0.952656 0.030195 0.053359
11 0.230127 0.825391 0.109648 0.105879
3 0.760410 0.861694 0.094980 0.080615
0 0.268823 0.538872 0.030049 0.053799
0 0.182407 0.538672 0.029463 0.053984
34 0.939150 0.448442 0.110898 0.064795
34 0.297393 0.952163 0.099277 0.065654
34 0.720122 0.108286 0.122451 0.068369
34 0.325254 0.094746 0.123047 0.068184
