34 0.561045 0.601675 0.037578 0.018623
34 0.593071 0.471924 0.018232 0.036113
1 0.702446 0.506362 0.020947 0.040635
0 0.485371 0.402012 0.038242 0.023984
0 0.370522 0.254355 0.018447 0.030020
6 0.655713 0.395879 0.013809 0.015898
35 0.035376 0.817129 0.070752 0.029043
34 0.570151 0.630435 0.020303 0.029561
34 0.125415 0.068442 0.117217 0.029678
34 0.368130 0.401577 0.089463 0.139678
33 0.437271 0.402603 0.046787 0.035537
34 0.668833 0.403501 0.040439 0.028135
34 0.653667 0.506021 0.076611 0.044189
34 0.947158 0.503389 0.068828 0.044512
34 0.672427 0.407139 0.032959 0.020762
33 0.431484 0.594487 0.040332 0.036299
33 0.431934 0.635718 0.040332 0.035400
35 0.580732 0.684795 0.033164 0.069922
34 0.455913 0.010747 0.069463 0.021494
30 0.011821 0.022627 0.023643 0.045254
35 0.192383 0.215781 0.075742 0.031816
35 0.033560 0.218691 0.067119 0.031367
35 0.031318 0.069004 0.062637 0.031367
1 0.903066 0.505645 0.019531 0.039785
8 0.291646 0.203794 0.043174 0.044170
13 0.737671 0.422568 0.052803 0.040508
5 0.965005 0.540000 0.022178 0.031387
5 0.639849 0.540835 0.022178 0.033896
6 0.432617 0.144917 0.016738 0.016748
6 0.605703 0.320762 0.015898 0.017988
0 0.432554 0.175869 0.015908 0.027852
6 0.604233 0.568921 0.017158 0.017158
6 0.950010 0.396313 0.015547 0.018076
13 0.870947 0.422388 0.052441 0.043037
21 0.373550 0.287871 0.025146 0.019668
0 0.485693 0.635361 0.033711 0.021387
0 0.485044 0.595171 0.032412 0.022686
0 0.901509 0.458726 0.020088 0.044072
0 0.702515 0.458726 0.022686 0.044072
34 0.054814 0.778242 0.109629 0.045684
34 0.951270 0.455864 0.076309 0.044248
34 0.585352 0.739404 0.110391 0.042266
34 0.289990 0.159761 0.079531 0.049346
33 0.322129 0.834014 0.038750 0.057422
34 0.400513 0.203804 0.037158 0.018037
34 0.879507 0.478813 0.018818 0.028818
34 0.365469 0.614634 0.087461 0.096396
34 0.654932 0.457402 0.076797 0.045176
34 0.189341 0.187334 0.111494 0.024707
34 0.321523 0.779199 0.087832 0.051191
33 0.437612 0.358926 0.046631 0.037324
34 0.323877 0.253726 0.077324 0.047725
34 0.870049 0.376870 0.077930 0.045967
34 0.951177 0.579858 0.079971 0.049541
34 0.977749 0.741401 0.044502 0.049443
34 0.563530 0.382676 0.073643 0.045918
33 0.437095 0.445039 0.046357 0.035664
34 0.925249 0.407661 0.030244 0.018838
34 0.102480 0.851284 0.055371 0.024873
34 0.737349 0.378706 0.079795 0.047119
34 0.479551 0.171494 0.073711 0.047539
34 0.654575 0.580747 0.078467 0.047256
34 0.725723 0.479106 0.017871 0.030381
34 0.043374 0.192583 0.086514 0.028291
