34 0.802046 0.754229 0.070459 0.043867
34 0.625156 0.077788 0.034434 0.019678
34 0.589365 0.312812 0.021484 0.043926
34 0.474727 0.846362 0.069863 0.042217
33 0.959702 0.776597 0.039170 0.031514
33 0.959204 0.739951 0.034814 0.028457
34 0.990146 0.696787 0.019707 0.037129
33 0.959702 0.700786 0.035146 0.029131
34 0.919185 0.922710 0.064639 0.039990
35 0.424600 0.018994 0.072598 0.033730
34 0.809458 0.647847 0.068096 0.038252
34 0.750923 0.664263 0.040830 0.021436
35 0.721426 0.838628 0.071836 0.033018
34 0.955234 0.197041 0.060918 0.041348
35 0.726733 0.445000 0.070752 0.031172
0 0.941338 0.622925 0.014434 0.027393
35 0.691396 0.677710 0.072793 0.033447
34 0.644131 0.447085 0.091836 0.026416
34 0.860479 0.825317 0.037930 0.022666
34 0.846987 0.378975 0.042158 0.018711
34 0.505542 0.671953 0.021221 0.035664
34 0.989878 0.747085 0.020166 0.062256
34 0.918555 0.548530 0.033770 0.021084
3 0.641250 0.182827 0.028770 0.026943
6 0.726460 0.336680 0.013467 0.012012
0 0.930703 0.699561 0.019277 0.011758
0 0.931523 0.740347 0.019980 0.011982
0 0.930820 0.778906 0.018574 0.013398
0 0.726826 0.363540 0.013594 0.027334
0 0.845557 0.444590 0.027969 0.015000
0 0.980703 0.595161 0.029473 0.016611
21 0.521323 0.232490 0.033584 0.037480
33 0.861611 0.756528 0.047207 0.034150
0 0.801924 0.838833 0.028789 0.015947
0 0.970596 0.469937 0.042285 0.022490
21 0.935767 0.292173 0.032725 0.035693
0 0.500039 0.018892 0.027969 0.017412
0 0.559644 0.209380 0.027822 0.016221
0 0.913882 0.020132 0.026787 0.015010
0 0.518081 0.848901 0.015811 0.028330
21 0.940981 0.665464 0.032178 0.035381
0 0.974082 0.268730 0.027910 0.016367
0 0.810757 0.678721 0.043955 0.023867
3 0.594087 0.135146 0.045518 0.042461
3 0.974063 0.924033 0.044785 0.040742
34 0.877251 0.628237 0.018584 0.041162
34 0.907910 0.014087 0.054375 0.028057
34 0.971035 0.881782 0.017500 0.033896
34 0.538799 0.134365 0.060547 0.040938
34 0.977349 0.565596 0.045107 0.040859
34 0.971431 0.241938 0.057139 0.038584
35 0.838174 0.021289 0.069961 0.033242
34 0.968906 0.440542 0.062090 0.038955
34 0.560327 0.180527 0.061494 0.039492
35 0.982070 0.983066 0.031426 0.032852
34 0.598018 0.672646 0.115039 0.043965
34 0.974067 0.622251 0.051787 0.039990
34 0.844839 0.417568 0.073916 0.039277
34 0.800850 0.812056 0.068008 0.038545
34 0.689502 0.184111 0.066855 0.041328
34 0.769775 0.363105 0.067070 0.039180
34 0.786069 0.430732 0.037158 0.022852
