35 0.448394 0.698931 0.091396 0.034404
21 0.448486 0.447231 0.046777 0.077412
3 0.893652 0.285889 0.069082 0.054004
5 0.202339 0.376465 0.022861 0.057227
5 0.056318 0.840625 0.060879 0.024414
1 0.546255 0.698799 0.055205 0.035801
15 0.089653 0.212651 0.045322 0.040654
3 0.894751 0.413818 0.064697 0.054590
3 0.673374 0.772632 0.057881 0.060596
3 0.070020 0.284253 0.065039 0.055322
34 0.215308 0.165415 0.044932 0.027510
34 0.147520 0.101118 0.087539 0.046865
34 0.336548 0.146245 0.086768 0.049580
34 0.451392 0.144111 0.088701 0.050742
34 0.202329 0.244629 0.091025 0.052676
34 0.203877 0.323452 0.087148 0.046865
34 0.128540 0.359673 0.045713 0.029443
34 0.071406 0.359478 0.028281 0.049971
34 0.016626 0.430747 0.033252 0.051514
34 0.017788 0.287046 0.035576 0.049971
34 0.033086 0.209961 0.066172 0.049199
34 0.223828 0.439077 0.085996 0.051123
34 0.127188 0.463481 0.041445 0.027119
34 0.238740 0.505122 0.052285 0.026729
34 0.199424 0.609897 0.059648 0.032529
34 0.307686 0.341851 0.087930 0.049580
34 0.405684 0.342822 0.087930 0.049961
34 0.410527 0.507251 0.053457 0.026338
34 0.022437 0.698408 0.044873 0.053848
34 0.150811 0.700928 0.091797 0.048027
34 0.243970 0.773745 0.055010 0.027119
34 0.351846 0.695698 0.098770 0.053838
34 0.544941 0.659282 0.089863 0.045322
34 0.570117 0.746826 0.024023 0.046875
34 0.669082 0.715254 0.087930 0.048809
34 0.663662 0.864580 0.087930 0.050742
34 0.496714 0.827588 0.088701 0.048809
34 0.497100 0.878911 0.087148 0.046865
34 0.366758 0.913193 0.088320 0.048027
34 0.250176 0.983516 0.089102 0.032969
0 0.305361 0.986421 0.022852 0.027158
34 0.250942 0.941084 0.088311 0.044160
34 0.132412 0.843662 0.089863 0.050742
34 0.035767 0.887437 0.031377 0.045322
34 0.371602 0.831460 0.090254 0.050361
34 0.799482 0.866934 0.091875 0.056914
34 0.971113 0.823232 0.057773 0.050195
34 0.516313 0.987661 0.092959 0.024678
34 0.813311 0.416328 0.090059 0.047871
34 0.950571 0.444951 0.043857 0.025449
34 0.951069 0.343013 0.041514 0.026455
34 0.814985 0.286104 0.088721 0.047207
34 0.841768 0.213286 0.088047 0.050225
34 0.989595 0.246099 0.020811 0.048877
34 0.990098 0.294971 0.019805 0.033477
34 0.987422 0.136455 0.025156 0.031133
34 0.963652 0.089419 0.072695 0.048213
34 0.799585 0.100469 0.088721 0.054238
34 0.882441 0.029658 0.039512 0.026445
33 0.124897 0.246948 0.061982 0.037959
33 0.151045 0.756704 0.043770 0.061201
33 0.947017 0.246196 0.057920 0.036826
35 0.054307 0.958066 0.034414 0.083867
0 0.855645 0.097402 0.022891 0.037324
1 0.425781 0.917339 0.031797 0.060303
0 0.311938 0.375151 0.037744 0.019600
0 0.554629 0.822861 0.023223 0.039551
0 0.987505 0.425024 0.024990 0.042256
0 0.033110 0.101104 0.018506 0.039512
6 0.847656 0.011899 0.022402 0.023799
6 0.337549 0.522710 0.021582 0.031924
21 0.555513 0.916177 0.030693 0.042256
15 0.910293 0.211787 0.043242 0.039121
6 0.025444 0.013994 0.023838 0.027988
3 0.069644 0.431484 0.065791 0.055918
3 0.823481 0.614048 0.058115 0.067979
6 0.303926 0.905322 0.016465 0.018242
0 0.168564 0.439448 0.023223 0.035557
0 0.554443 0.871304 0.022129 0.039189
0 0.606011 0.864854 0.031904 0.052480
0 0.738267 0.865903 0.033584 0.053740
0 0.304868 0.941709 0.021865 0.037051
0 0.339722 0.180205 0.038486 0.022773
0 0.453833 0.179932 0.036865 0.021680
4 0.369473 0.773042 0.057129 0.067979
0 0.404106 0.376055 0.038467 0.021406
1 0.089160 0.100996 0.031797 0.054824
1 0.911108 0.089614 0.029326 0.054346
