34 0.503530 0.382393 0.038037 0.026895
34 0.535845 0.425591 0.038525 0.022822
34 0.409551 0.949722 0.080703 0.048760
34 0.570459 0.468657 0.037344 0.024658
0 0.858359 0.100063 0.041953 0.024053
6 0.722329 0.704687 0.020498 0.019121
8 0.515923 0.948496 0.134619 0.058477
6 0.270366 0.860894 0.030400 0.026904
34 0.073613 0.948882 0.093555 0.038701
34 0.689546 0.285640 0.037803 0.019795
34 0.733940 0.250537 0.041396 0.022793
34 0.858999 0.137900 0.092295 0.046152
34 0.715400 0.089600 0.035996 0.023770
