33 0.558613 0.423667 0.098926 0.070967
32 0.725884 0.569565 0.068584 0.057158
6 0.748550 0.876274 0.022686 0.023838
13 0.935381 0.975938 0.045117 0.048125
33 0.559692 0.070337 0.098525 0.056006
33 0.559434 0.152261 0.098008 0.058076
34 0.420200 0.343867 0.171123 0.067930
34 0.418389 0.434614 0.171641 0.059639
34 0.704629 0.416206 0.035781 0.059111
34 0.504463 0.699336 0.110449 0.106816
34 0.654326 0.935537 0.160234 0.071035
34 0.496426 0.977490 0.106816 0.045020
34 0.924751 0.896904 0.105791 0.110977
34 0.420469 0.250269 0.163359 0.059111
33 0.507534 0.796240 0.056982 0.082793
33 0.556455 0.328501 0.101074 0.063447
0 0.748813 0.930049 0.029131 0.052441
34 0.417085 0.160039 0.172158 0.062227
34 0.419683 0.076035 0.169053 0.061191
33 0.558774 0.241406 0.102900 0.065586
