34 0.007603 0.131455 0.015186 0.039121
34 0.636323 0.309512 0.134971 0.146035
34 0.149292 0.310981 0.134209 0.135869
34 0.238062 0.491973 0.095576 0.074473
0 0.173286 0.496191 0.032100 0.058320
34 0.953823 0.703833 0.092354 0.074619
34 0.309053 0.619312 0.046680 0.030459
22 0.506084 0.372349 0.117344 0.110771
34 0.437173 0.202432 0.097256 0.071602
0 0.021602 0.200103 0.032090 0.057725
0 0.658628 0.496123 0.032920 0.058594
0 0.021572 0.703115 0.033438 0.058848
34 0.723589 0.496499 0.096982 0.072314
34 0.956494 0.200127 0.087012 0.074121
0 0.507041 0.702881 0.034980 0.059551
0 0.506860 0.200361 0.033350 0.058652
34 0.784287 0.833579 0.054863 0.030146
34 0.430132 0.706138 0.097119 0.074033
22 0.038213 0.373521 0.076426 0.111768
34 0.486479 0.137476 0.029834 0.040518
