4 0.640273 0.248789 0.084238 0.081992
34 0.015186 0.251177 0.030371 0.062119
34 0.542300 0.735376 0.169482 0.105400
34 0.068491 0.399629 0.131865 0.059980
34 0.636299 0.134800 0.033789 0.065283
34 0.840068 0.399150 0.117168 0.059375
34 0.960903 0.399463 0.078018 0.060449
34 0.411572 0.133555 0.035332 0.065293
34 0.318413 0.247788 0.111689 0.064541
34 0.366255 0.401255 0.112295 0.060693
34 0.246919 0.401377 0.122920 0.060977
34 0.721606 0.400405 0.112529 0.060576
34 0.737007 0.246602 0.113623 0.064082
6 0.896372 0.423076 0.017412 0.020820
6 0.929336 0.420830 0.012441 0.016328
6 0.195054 0.422031 0.015811 0.014160
4 0.417070 0.249165 0.081113 0.082529
0 0.071885 0.442612 0.046426 0.027529
0 0.835767 0.442505 0.047432 0.027646
0 0.367920 0.442896 0.045078 0.026611
0 0.252319 0.442974 0.045557 0.026631
0 0.722783 0.442549 0.048203 0.027559
0 0.980669 0.442207 0.038662 0.027695
6 0.136060 0.422715 0.018486 0.016055
