33 0.249800 0.595355 0.119893 0.082232
34 0.431963 0.195130 0.230059 0.051612
34 0.433823 0.294594 0.233779 0.061297
34 0.430190 0.392441 0.228193 0.056990
34 0.434849 0.489752 0.233779 0.058061
34 0.428330 0.588145 0.218887 0.063439
34 0.080693 0.198354 0.161387 0.068816
34 0.082090 0.291370 0.164180 0.063439
34 0.072310 0.392982 0.144619 0.049459
34 0.076035 0.490293 0.152070 0.050530
34 0.072778 0.590293 0.145557 0.050530
34 0.071377 0.685451 0.142754 0.053766
33 0.808188 0.267379 0.122451 0.084273
33 0.249639 0.687587 0.120391 0.080970
33 0.807886 0.467080 0.121885 0.083856
33 0.249917 0.199019 0.120244 0.083495
33 0.808110 0.367024 0.121982 0.083472
33 0.250068 0.396804 0.119941 0.081883
33 0.250190 0.297909 0.119756 0.082311
0 0.263672 0.772317 0.057539 0.041094
33 0.250039 0.495857 0.119492 0.082469
0 0.337998 0.772875 0.056055 0.039820
0 0.665488 0.173331 0.059473 0.040688
34 0.939321 0.265406 0.120283 0.052300
34 0.426685 0.685772 0.214209 0.055242
34 0.939438 0.463844 0.121064 0.054183
34 0.939224 0.365265 0.121377 0.055941
6 0.339312 0.062796 0.033643 0.050891
0 0.185879 0.029526 0.034551 0.059053
0 0.821445 0.553067 0.056758 0.041646
0 0.266055 0.114402 0.059902 0.044160
0 0.743716 0.084363 0.035029 0.064870
21 0.964087 0.634408 0.056436 0.100090
0 0.896279 0.553743 0.056465 0.040834
6 0.593750 0.123399 0.035742 0.039132
21 0.405859 0.851866 0.055254 0.097779
