30 0.982734 0.959727 0.033828 0.072266
6 0.402593 0.510166 0.027764 0.024102
34 0.978857 0.879570 0.042285 0.096309
34 0.428291 0.882100 0.112559 0.098066
34 0.769917 0.338999 0.044014 0.095381
34 0.820430 0.028193 0.188945 0.055840
34 0.642056 0.615894 0.136631 0.073740
34 0.638877 0.695850 0.135098 0.071855
34 0.161353 0.572168 0.041865 0.068262
35 0.184849 0.701855 0.055889 0.120547
34 0.710337 0.876343 0.111904 0.096143
34 0.039746 0.484697 0.079492 0.042520
34 0.638291 0.777222 0.135703 0.074893
34 0.420947 0.255767 0.185312 0.070479
34 0.721895 0.231528 0.073770 0.042725
33 0.754297 0.700664 0.083555 0.044395
34 0.225698 0.936069 0.091182 0.039326
33 0.754355 0.621187 0.081543 0.045986
35 0.581333 0.254912 0.118213 0.054668
34 0.182700 0.795327 0.184697 0.067295
33 0.752900 0.777656 0.086680 0.045801
30 0.428262 0.961943 0.097070 0.067832
30 0.798438 0.882412 0.067832 0.084219
6 0.747969 0.960181 0.031895 0.029346
