9 0.069771 0.284351 0.064561 0.058311
34 0.357051 0.895840 0.070547 0.046602
34 0.020811 0.375659 0.041621 0.045166
35 0.083477 0.612285 0.038301 0.085430
34 0.898506 0.216602 0.025430 0.052324
34 0.021035 0.287583 0.042070 0.047686
34 0.296826 0.494204 0.025586 0.054189
35 0.616636 0.021587 0.036611 0.043174
34 0.724180 0.016895 0.025977 0.032637
34 0.507959 0.478984 0.028398 0.046309
34 0.118706 0.670937 0.103857 0.029844
34 0.695845 0.076221 0.039834 0.028066
0 0.410767 0.894624 0.028135 0.051318
34 0.232822 0.285088 0.073906 0.046953
35 0.150811 0.612217 0.038066 0.085039
34 0.981138 0.905527 0.037725 0.046152
34 0.233794 0.374707 0.076221 0.046406
34 0.979561 0.767222 0.040879 0.044873
34 0.032183 0.445747 0.064365 0.046631
34 0.615532 0.065063 0.063643 0.044268
0 0.308584 0.894854 0.027617 0.051191
34 0.460947 0.895024 0.073223 0.046162
5 0.736494 0.076504 0.039980 0.023340
34 0.400557 0.510654 0.022207 0.051367
9 0.165566 0.283652 0.056230 0.054141
8 0.166611 0.375288 0.055527 0.058311
8 0.070464 0.377715 0.060400 0.057617
