33 0.893320 0.653281 0.045313 0.062754
34 0.539492 0.041343 0.058926 0.043525
34 0.543008 0.125879 0.064609 0.045195
34 0.487749 0.079844 0.023721 0.034824
34 0.500156 0.234512 0.116172 0.030137
34 0.484595 0.659111 0.134893 0.034062
34 0.672158 0.588975 0.066328 0.045273
34 0.729072 0.545278 0.069023 0.045713
34 0.703301 0.670317 0.041680 0.021514
34 0.823413 0.630205 0.068564 0.042578
34 0.890640 0.599956 0.068564 0.046611
34 0.944424 0.552227 0.066777 0.042578
34 0.774341 0.711558 0.021514 0.035869
34 0.742520 0.758159 0.069023 0.039443
34 0.836411 0.830986 0.069463 0.043477
34 0.923359 0.759731 0.066777 0.047061
35 0.479038 0.690332 0.083877 0.036563
35 0.497314 0.186567 0.038711 0.074189
33 0.946387 0.607764 0.042227 0.067012
1 0.836665 0.796406 0.037783 0.023789
3 0.829297 0.674043 0.033594 0.046836
1 0.786768 0.758789 0.020020 0.034961
0 0.729800 0.648467 0.013369 0.024297
0 0.500112 0.041606 0.018428 0.035029
0 0.500415 0.123408 0.018623 0.037461
0 0.946353 0.654302 0.016631 0.025205
0 0.879849 0.758428 0.019424 0.034648
33 0.674272 0.647471 0.040283 0.072812
33 0.730054 0.600991 0.043389 0.068174
