34 0.647632 0.223241 0.080693 0.057802
22 0.591631 0.305874 0.078887 0.087057
6 0.592329 0.182542 0.018213 0.019673
0 0.305190 0.307384 0.056182 0.035197
21 0.592427 0.432565 0.033076 0.042514
0 0.882393 0.306009 0.056484 0.036888
0 0.450562 0.158794 0.021494 0.043269
0 0.592295 0.222272 0.020703 0.041184
0 0.592373 0.381719 0.021133 0.044408
0 0.714297 0.158940 0.020625 0.042165
34 0.514282 0.240519 0.105693 0.102548
21 0.025146 0.052080 0.028047 0.039628
34 0.646978 0.382745 0.081689 0.058861
34 0.393696 0.157723 0.082178 0.059414
34 0.768525 0.159538 0.082090 0.058828
34 0.783213 0.287711 0.057148 0.027802
34 0.306802 0.263117 0.082646 0.055660
34 0.081455 0.017255 0.070059 0.033202
34 0.883364 0.260750 0.082256 0.057035
33 0.595005 0.092441 0.080947 0.046234
34 0.592832 0.043168 0.083164 0.055310
34 0.397012 0.290598 0.056152 0.025502
