34 0.798325 0.624980 0.110420 0.065918
34 0.573901 0.338730 0.111025 0.063594
34 0.798325 0.714189 0.111162 0.066367
34 0.851587 0.400171 0.110693 0.064951
34 0.278574 0.442417 0.109453 0.064619
34 0.799565 0.229214 0.109463 0.062881
34 0.470391 0.047964 0.112520 0.064404
34 0.121099 0.160718 0.110127 0.061104
34 0.477964 0.228408 0.110244 0.064805
34 0.558960 0.599531 0.111318 0.068516
34 0.798320 0.537622 0.111152 0.064268
34 0.133726 0.087090 0.067139 0.039004
34 0.043486 0.420288 0.086973 0.067920
34 0.224810 0.049380 0.109346 0.064443
33 0.127539 0.880708 0.066641 0.045049
34 0.045249 0.880942 0.090498 0.067002
34 0.276680 0.535635 0.111094 0.066602
34 0.785469 0.058921 0.112070 0.062217
33 0.238726 0.162871 0.066689 0.044395
34 0.179307 0.720635 0.040937 0.075977
34 0.081309 0.519380 0.040703 0.076396
34 0.683008 0.266445 0.065996 0.038203
34 0.270635 0.814189 0.079980 0.041465
33 0.761738 0.403408 0.065977 0.044746
34 0.606074 0.698521 0.039766 0.075381
34 0.580537 0.813862 0.075957 0.040674
0 0.550361 0.230552 0.032344 0.057510
13 0.494214 0.117168 0.050713 0.072930
0 0.646123 0.340317 0.026250 0.044736
0 0.724878 0.537349 0.031768 0.057295
0 0.630293 0.600376 0.032695 0.055381
0 0.202202 0.357129 0.032256 0.056934
0 0.295933 0.050127 0.032842 0.057910
0 0.870684 0.230352 0.033516 0.057188
0 0.202036 0.536152 0.032725 0.057559
13 0.814229 0.128848 0.050410 0.071797
0 0.105649 0.421802 0.034365 0.056982
0 0.123457 0.204561 0.046641 0.026289
0 0.724888 0.714663 0.033389 0.057939
4 0.705176 0.621362 0.083496 0.081729
6 0.428286 0.839922 0.032334 0.027012
21 0.070249 0.254272 0.034053 0.038389
4 0.183330 0.442939 0.087227 0.083359
21 0.440747 0.153877 0.033877 0.036602
21 0.645684 0.387227 0.032695 0.036699
6 0.686309 0.923701 0.026543 0.023770
21 0.762749 0.164717 0.035967 0.044082
34 0.276567 0.358740 0.109717 0.064785
34 0.328179 0.159951 0.109580 0.064434
