34 0.045068 0.879380 0.034082 0.028662
34 0.064561 0.795708 0.129121 0.054229
34 0.061528 0.725405 0.111162 0.056943
34 0.060562 0.640771 0.107686 0.057324
34 0.069663 0.555166 0.104971 0.060430
34 0.421611 0.016123 0.027500 0.032246
34 0.060405 0.015156 0.027881 0.030312
34 0.959849 0.566201 0.080303 0.055391
34 0.955591 0.629150 0.088818 0.057324
34 0.957852 0.768594 0.037578 0.027891
34 0.353252 0.587847 0.108379 0.059111
34 0.487227 0.625083 0.103418 0.056943
34 0.487227 0.561362 0.106523 0.058096
34 0.645454 0.623145 0.109229 0.056172
34 0.644683 0.558267 0.109229 0.054229
34 0.800591 0.639028 0.108838 0.084834
5 0.442339 0.876890 0.043447 0.037822
5 0.588145 0.756504 0.039668 0.031367
5 0.659639 0.783716 0.038750 0.041514
5 0.922090 0.784639 0.028594 0.047051
5 0.082104 0.877349 0.042529 0.035049
34 0.949780 0.728506 0.100439 0.050742
34 0.941587 0.839673 0.102646 0.049971
34 0.809497 0.897192 0.176240 0.058877
34 0.670054 0.840835 0.105752 0.056943
34 0.335625 0.666353 0.109414 0.061709
34 0.691553 0.770918 0.032539 0.027891
34 0.655317 0.728696 0.109658 0.049580
34 0.570698 0.729087 0.034092 0.027119
34 0.571665 0.916558 0.029053 0.042607
34 0.480254 0.880342 0.034473 0.032148
34 0.424277 0.927793 0.027891 0.041836
34 0.339839 0.835610 0.172764 0.058877
34 0.323960 0.772856 0.111553 0.055010
34 0.064238 0.927407 0.028281 0.039502
