34 0.208413 0.617300 0.082451 0.051045
1 0.281694 0.726748 0.027588 0.047266
34 0.458408 0.346670 0.027715 0.048770
34 0.263394 0.908711 0.029092 0.058359
0 0.117061 0.653145 0.035234 0.020586
34 0.010356 0.326807 0.020674 0.044277
33 0.057031 0.049966 0.060664 0.040088
1 0.988916 0.234580 0.022168 0.046328
1 0.475361 0.233809 0.025938 0.045801
1 0.190864 0.520435 0.047314 0.025811
24 0.347314 0.163447 0.119355 0.094629
24 0.861294 0.162910 0.132256 0.097852
34 0.972983 0.344517 0.027158 0.049463
34 0.935220 0.233794 0.083994 0.047920
34 0.132373 0.119224 0.084062 0.059170
34 0.131392 0.185757 0.085576 0.058662
34 0.337974 0.580391 0.081846 0.047598
34 0.179497 0.962378 0.079795 0.060049
34 0.419727 0.234414 0.080469 0.046641
34 0.529331 0.256616 0.047236 0.026826
34 0.119399 0.616577 0.081709 0.050049
33 0.058340 0.185928 0.063359 0.041172
34 0.341543 0.727920 0.082734 0.052285
34 0.131704 0.046104 0.086123 0.059434
35 0.073477 0.700820 0.044785 0.069863
5 0.282544 0.499756 0.055303 0.031445
34 0.626050 0.225542 0.038389 0.030986
34 0.339653 0.499941 0.047861 0.029687
5 0.576172 0.222266 0.053984 0.030840
0 0.183057 0.858213 0.045449 0.026914
34 0.052407 0.772021 0.104814 0.069277
33 0.250708 0.962607 0.058643 0.039414
34 0.086211 0.506284 0.049297 0.028643
0 0.282856 0.580464 0.027314 0.047021
34 0.356270 0.408379 0.057090 0.029121
33 0.058232 0.120503 0.062852 0.039502
34 0.192100 0.484277 0.082324 0.049277
0 0.213921 0.653394 0.035830 0.020205
34 0.710288 0.318027 0.176240 0.082871
34 0.183208 0.820762 0.081143 0.048438
