34 0.200034 0.437588 0.121729 0.073066
35 0.475747 0.985571 0.137803 0.028857
34 0.257588 0.608281 0.039160 0.060820
34 0.874248 0.587520 0.061504 0.038027
34 0.447427 0.585244 0.061943 0.038770
34 0.103530 0.928892 0.207061 0.074678
34 0.578369 0.534023 0.124434 0.073340
34 0.260293 0.878608 0.037969 0.064580
35 0.547627 0.231484 0.054941 0.118828
34 0.547725 0.328833 0.217910 0.077451
34 0.194106 0.772256 0.122842 0.074004
34 0.737905 0.508896 0.125615 0.070820
34 0.415308 0.077583 0.131006 0.072666
6 0.808931 0.608110 0.026748 0.029424
6 0.332363 0.608218 0.028965 0.030400
6 0.284419 0.559561 0.029854 0.028223
6 0.284209 0.655938 0.030781 0.027324
8 0.528467 0.078477 0.088281 0.077734
5 0.579072 0.609590 0.067090 0.078828
0 0.284229 0.776406 0.038516 0.074805
0 0.284307 0.441509 0.038828 0.074795
