35 0.754531 0.461484 0.094883 0.040625
34 0.341904 0.594238 0.032676 0.079609
33 0.748789 0.969082 0.043828 0.061172
34 0.162305 0.708247 0.056172 0.036436
33 0.399028 0.534736 0.067295 0.044121
33 0.431133 0.682500 0.068242 0.043555
33 0.838965 0.969316 0.044492 0.059961
34 0.751162 0.404980 0.144102 0.080684
34 0.577876 0.742251 0.040518 0.058389
34 0.362041 0.268037 0.170059 0.034648
33 0.046553 0.969072 0.043301 0.061133
34 0.269995 0.790225 0.041455 0.056406
34 0.264736 0.415630 0.091699 0.055479
35 0.360757 0.326069 0.041084 0.090693
34 0.273516 0.607080 0.088906 0.052969
3 0.347300 0.414771 0.067607 0.064014
34 0.531582 0.400625 0.096582 0.054219
34 0.629604 0.444180 0.057002 0.033223
34 0.135000 0.914912 0.087148 0.054766
34 0.981968 0.204507 0.036064 0.030420
21 0.634336 0.716421 0.028867 0.040576
33 0.212324 0.915205 0.064336 0.044473
34 0.441582 0.801987 0.088945 0.053721
34 0.329541 0.789009 0.043359 0.057686
34 0.934751 0.923081 0.093135 0.052217
34 0.690947 0.667959 0.091836 0.052188
34 0.035835 0.675225 0.071592 0.052891
34 0.043789 0.913774 0.086953 0.051846
34 0.156655 0.816885 0.160439 0.131699
34 0.744126 0.913545 0.093799 0.050859
33 0.509575 0.916885 0.063174 0.043340
34 0.512476 0.621943 0.090479 0.054668
34 0.838232 0.912856 0.092832 0.052217
34 0.682549 0.790273 0.089395 0.053379
34 0.581235 0.913989 0.086553 0.053760
34 0.652163 0.545151 0.089404 0.054150
34 0.684248 0.849722 0.090527 0.054561
34 0.031104 0.608608 0.062207 0.055830
34 0.481035 0.536152 0.090684 0.055234
34 0.514468 0.681177 0.091689 0.055537
6 0.066855 0.516328 0.022227 0.018711
6 0.624756 0.753760 0.019883 0.018711
6 0.384399 0.763701 0.016377 0.017539
5 0.031187 0.723350 0.035088 0.051465
0 0.634634 0.667583 0.021650 0.038076
0 0.624873 0.791621 0.022480 0.039648
0 0.385322 0.802554 0.019375 0.037607
0 0.624712 0.848398 0.022412 0.036836
3 0.531758 0.451084 0.046133 0.044375
13 0.205884 0.606641 0.050127 0.074902
0 0.593159 0.544521 0.024697 0.042305
13 0.112900 0.606729 0.053906 0.073516
6 0.314814 0.725103 0.019883 0.024561
