34 0.162563 0.642178 0.072979 0.042188
34 0.193511 0.203354 0.070771 0.040264
34 0.503218 0.252769 0.072471 0.042139
21 0.284434 0.741753 0.032363 0.037217
34 0.971753 0.200405 0.056494 0.041514
34 0.883994 0.204136 0.027695 0.047764
34 0.158291 0.753193 0.048574 0.023203
34 0.187427 0.409097 0.086787 0.044443
21 0.932197 0.236025 0.033867 0.036387
0 0.933008 0.200688 0.014727 0.027783
34 0.353701 0.038696 0.081152 0.045439
34 0.672080 0.205781 0.068203 0.042734
5 0.437412 0.254604 0.055508 0.038311
0 0.115054 0.642319 0.015986 0.028076
34 0.015479 0.355732 0.030859 0.041875
34 0.194868 0.117676 0.066221 0.040605
0 0.283701 0.706650 0.015371 0.027148
3 0.011147 0.399463 0.022295 0.043965
0 0.931997 0.390923 0.014971 0.028486
0 0.932080 0.156558 0.016172 0.028721
34 0.975732 0.489341 0.045098 0.022021
21 0.135112 0.105674 0.031846 0.035352
21 0.149814 0.237334 0.032129 0.036348
34 0.662744 0.323750 0.072871 0.044355
34 0.355112 0.170918 0.083857 0.045820
33 0.734546 0.204863 0.049443 0.032656
34 0.978906 0.663369 0.041992 0.024062
5 0.900811 0.081851 0.058516 0.039893
0 0.006626 0.139180 0.013213 0.027715
34 0.181357 0.071729 0.071973 0.040430
3 0.175918 0.029741 0.043652 0.041689
34 0.029961 0.622720 0.059727 0.039561
34 0.964814 0.297437 0.069766 0.043350
34 0.969727 0.432754 0.060547 0.041289
0 0.932114 0.434658 0.014990 0.026953
34 0.714478 0.435352 0.042705 0.022871
34 0.976948 0.579043 0.046006 0.023125
3 0.196187 0.160679 0.044814 0.042529
35 0.710967 0.389717 0.033457 0.072246
0 0.135342 0.070723 0.015234 0.026934
0 0.710508 0.322891 0.014062 0.027363
35 0.277358 0.170015 0.070303 0.034033
34 0.238110 0.661484 0.043760 0.020996
34 0.080430 0.315420 0.040059 0.021562
35 0.274531 0.039292 0.072480 0.036025
0 0.076079 0.203027 0.016631 0.027539
0 0.149951 0.202222 0.015195 0.028564
6 0.114253 0.617666 0.013486 0.012969
35 0.949160 0.765078 0.075176 0.035176
34 0.969814 0.388247 0.060371 0.039541
4 0.024937 0.664966 0.044912 0.044170
6 0.009053 0.114980 0.018105 0.013555
5 0.903232 0.337100 0.054844 0.039785
5 0.902695 0.298936 0.058066 0.040859
35 0.076499 0.269048 0.033623 0.070713
6 0.932236 0.366636 0.015000 0.013115
35 0.103467 0.409146 0.072656 0.034463
34 0.049604 0.139282 0.071748 0.039170
34 0.965142 0.080430 0.069541 0.043984
34 0.333008 0.709639 0.072051 0.041680
34 0.834395 0.335596 0.072617 0.043047
34 0.972114 0.157207 0.055771 0.041563
34 0.032144 0.204619 0.064170 0.041426
