0 0.355859 0.366928 0.046855 0.028129
0 0.416782 0.010896 0.036572 0.021612
35 0.699277 0.431691 0.036328 0.103224
35 0.238696 0.512334 0.037256 0.103224
35 0.464561 0.367170 0.088477 0.040857
35 0.351860 0.104808 0.034463 0.107520
35 0.563286 0.074160 0.040049 0.100000
35 0.992422 0.104273 0.015156 0.103224
34 0.280146 0.350519 0.044980 0.030981
34 0.355630 0.327086 0.079189 0.053067
34 0.484136 0.329605 0.146299 0.032537
34 0.520874 0.252711 0.051338 0.025175
34 0.641333 0.323399 0.076162 0.059651
34 0.702061 0.508360 0.054688 0.056945
34 0.239673 0.577390 0.078330 0.036561
34 0.852104 0.028489 0.140537 0.056979
0 0.237437 0.326900 0.026943 0.057339
0 0.237671 0.406956 0.029287 0.054092
0 0.699863 0.325727 0.029141 0.060541
6 0.031177 0.269758 0.018115 0.019763
34 0.173120 0.028455 0.145576 0.056911
34 0.352104 0.172728 0.044619 0.028658
34 0.567515 0.153737 0.064756 0.059673
34 0.184844 0.322818 0.077168 0.058489
34 0.184512 0.405327 0.078516 0.061590
