34 0.448208 0.982817 0.105693 0.034365
32 0.634951 0.056460 0.045156 0.054834
32 0.802158 0.056997 0.052695 0.045166
21 0.082803 0.708608 0.041934 0.055908
32 0.132266 0.054844 0.054844 0.043008
33 0.987026 0.341025 0.025947 0.053477
34 0.334521 0.081831 0.054473 0.030967
0 0.360757 0.670806 0.058018 0.034775
33 0.486641 0.342036 0.043906 0.053213
6 0.379810 0.372222 0.028213 0.022900
0 0.525776 0.981685 0.034072 0.036592
6 0.503574 0.535967 0.029180 0.024199
34 0.613418 0.224580 0.032285 0.058887
34 0.362686 0.623330 0.094414 0.049551
34 0.120205 0.619536 0.093066 0.049639
34 0.105376 0.977383 0.093721 0.045234
34 0.016030 0.828477 0.032061 0.050312
6 0.061260 0.584062 0.020566 0.019824
34 0.314233 0.290244 0.073428 0.043359
34 0.784722 0.225459 0.032295 0.058164
34 0.115801 0.224180 0.030020 0.056816
34 0.269331 0.779624 0.094092 0.052256
33 0.314868 0.340825 0.044014 0.054482
34 0.976909 0.291069 0.046182 0.043721
34 0.296353 0.517769 0.056494 0.027607
33 0.194507 0.781929 0.054932 0.044131
34 0.634990 0.651543 0.047969 0.032461
34 0.065522 0.351528 0.055713 0.030928
34 0.487144 0.292266 0.072979 0.042031
20 0.105591 0.740239 0.132666 0.182002
0 0.061011 0.620229 0.021338 0.034092
