5 0.529712 0.948438 0.060596 0.022852
3 0.799023 0.414746 0.066992 0.051172
21 0.372485 0.453535 0.046338 0.083828
34 0.930239 0.303726 0.090283 0.048311
34 0.928789 0.244697 0.090273 0.051211
34 0.719307 0.286797 0.089121 0.048613
34 0.747954 0.212148 0.088545 0.049180
34 0.877437 0.089614 0.091143 0.047158
34 0.704263 0.098437 0.090283 0.052090
34 0.787886 0.030732 0.039932 0.026621
34 0.902896 0.138657 0.041963 0.026045
34 0.978140 0.118691 0.043721 0.049766
0 0.896235 0.422202 0.021143 0.037139
12 0.815527 0.213394 0.044219 0.039600
0 0.761245 0.096528 0.021689 0.037412
0 0.074126 0.422881 0.019131 0.037012
0 0.315273 0.357676 0.038574 0.019766
0 0.215854 0.357837 0.037314 0.019443
0 0.288613 0.154136 0.038574 0.021006
0 0.177593 0.155078 0.039209 0.022266
12 0.403271 0.723540 0.070000 0.067432
34 0.857036 0.343652 0.043408 0.028066
33 0.029526 0.247026 0.059053 0.042607
33 0.851543 0.247534 0.059258 0.040518
34 0.951357 0.421055 0.087383 0.050918
34 0.855874 0.446802 0.042822 0.027197
34 0.718315 0.415415 0.089951 0.046006
34 0.694570 0.506846 0.052949 0.021699
34 0.584990 0.992832 0.090254 0.014336
34 0.603779 0.948286 0.085215 0.047646
34 0.601646 0.858037 0.056943 0.029824
34 0.478472 0.904517 0.042217 0.028271
34 0.501323 0.734272 0.101865 0.058877
34 0.125986 0.589990 0.050742 0.027500
34 0.217593 0.506514 0.051904 0.024023
34 0.317139 0.322334 0.092969 0.050742
34 0.209263 0.323882 0.089482 0.051514
34 0.033989 0.445508 0.044932 0.027500
34 0.129858 0.421880 0.089482 0.052295
34 0.036699 0.341895 0.048809 0.027891
34 0.110293 0.303340 0.092187 0.047617
34 0.104873 0.244858 0.091406 0.049971
34 0.286348 0.118198 0.091797 0.051514
34 0.178857 0.117612 0.094512 0.049580
34 0.082793 0.137368 0.044160 0.030986
34 0.056260 0.087993 0.092578 0.049990
3 0.797744 0.286426 0.063887 0.051172
1 0.815962 0.089355 0.027061 0.051953
6 0.753062 0.012524 0.024092 0.022412
6 0.553574 0.524316 0.023672 0.024414
5 0.108740 0.358740 0.022168 0.062012
5 0.930371 0.358154 0.025781 0.056738
