34 0.805552 0.602075 0.041104 0.027529
0 0.736362 0.766919 0.024287 0.040381
0 0.931504 0.333584 0.060937 0.033535
0 0.582256 0.724351 0.059180 0.034346
0 0.847187 0.413945 0.042207 0.072715
0 0.801636 0.414365 0.038037 0.073555
34 0.932095 0.291631 0.094971 0.054063
34 0.736250 0.922109 0.131289 0.091543
35 0.324404 0.725146 0.104063 0.047012
34 0.984961 0.193579 0.029922 0.056240
34 0.677827 0.768887 0.091670 0.057539
34 0.688765 0.415171 0.115986 0.060459
34 0.584092 0.674448 0.093477 0.057588
34 0.317744 0.658096 0.234141 0.092031
34 0.112612 0.961787 0.048486 0.026367
35 0.737222 0.837256 0.036689 0.085020
34 0.805576 0.171997 0.031777 0.043330
34 0.908804 0.241235 0.044893 0.025615
34 0.490332 0.706494 0.049355 0.028965
34 0.971172 0.549185 0.057656 0.060400
