34 0.776079 0.654785 0.111045 0.054590
33 0.177964 0.955923 0.088174 0.045166
9 0.689253 0.695703 0.067744 0.036563
8 0.692480 0.609146 0.067734 0.050537
9 0.601084 0.695166 0.063438 0.037637
8 0.600010 0.606997 0.063438 0.048389
4 0.244194 0.358481 0.041240 0.044814
33 0.465562 0.606909 0.048193 0.044990
3 0.169272 0.419458 0.038975 0.049990
34 0.036855 0.368569 0.025254 0.051064
3 0.169663 0.273154 0.038936 0.048066
3 0.101802 0.358228 0.041748 0.047627
34 0.091348 0.954302 0.085000 0.048623
33 0.751152 0.562017 0.074336 0.046025
34 0.520835 0.651689 0.105459 0.054434
33 0.542446 0.565776 0.072041 0.046299
34 0.170986 0.353540 0.049961 0.024697
34 0.168833 0.220508 0.097080 0.053164
34 0.367280 0.333887 0.090186 0.045293
34 0.897256 0.692554 0.085273 0.048135
34 0.402012 0.691216 0.079492 0.046689
34 0.365698 0.182637 0.097080 0.054102
34 0.897432 0.609277 0.087422 0.047207
6 0.583237 0.534683 0.023643 0.021436
34 0.100791 0.312681 0.086328 0.046924
34 0.565894 0.935864 0.025479 0.052920
34 0.467544 0.554712 0.081729 0.046338
34 0.458486 0.869844 0.081738 0.047969
34 0.525098 0.735415 0.103281 0.053838
6 0.710728 0.534863 0.023467 0.021836
34 0.241963 0.313359 0.080449 0.047070
34 0.830947 0.555547 0.087441 0.046621
34 0.771548 0.735210 0.109424 0.053760
33 0.367114 0.394370 0.047607 0.074521
34 0.272988 0.402461 0.024785 0.047871
34 0.172759 0.470073 0.096807 0.052490
34 0.397661 0.607827 0.083311 0.046240
34 0.830483 0.870278 0.086924 0.047256
33 0.367231 0.246816 0.047490 0.071465
34 0.458594 0.791650 0.081719 0.045547
33 0.538979 0.871919 0.079014 0.047686
34 0.830586 0.793237 0.085625 0.045557
33 0.539546 0.794424 0.078975 0.046406
33 0.750864 0.871440 0.073623 0.045830
34 0.692881 0.940947 0.027285 0.054453
33 0.750986 0.793628 0.073633 0.044795
