6 0.289624 0.128061 0.020967 0.028681
34 0.426445 0.423067 0.108008 0.063720
6 0.099912 0.014769 0.029805 0.029538
6 0.214478 0.125778 0.026084 0.029030
6 0.214116 0.277976 0.022900 0.024656
6 0.215674 0.327277 0.025234 0.023754
6 0.290400 0.356409 0.024062 0.028241
6 0.290015 0.318089 0.024072 0.028692
6 0.290400 0.283579 0.023301 0.025986
6 0.291372 0.246607 0.024463 0.031815
6 0.291953 0.208061 0.022520 0.029132
6 0.291372 0.168844 0.022900 0.026888
6 0.290400 0.091984 0.021738 0.026449
6 0.216641 0.177813 0.020957 0.022413
