5 0.520337 0.716372 0.040596 0.028604
5 0.594141 0.030024 0.042441 0.028604
5 0.848286 0.709917 0.041514 0.037822
5 0.957607 0.030024 0.049824 0.041514
5 0.191465 0.715913 0.045195 0.033213
34 0.730322 0.724365 0.114551 0.065996
34 0.715005 0.563569 0.203994 0.083994
34 0.089521 0.864458 0.118203 0.067803
34 0.232017 0.714160 0.036006 0.034805
34 0.175620 0.760059 0.028799 0.042598
34 0.071523 0.723462 0.113398 0.065400
34 0.077910 0.565967 0.155820 0.093594
34 0.182520 0.484067 0.116992 0.059404
34 0.418613 0.865659 0.112793 0.060596
34 0.403613 0.721362 0.112793 0.061201
34 0.500508 0.760962 0.029395 0.050400
34 0.250918 0.418369 0.182988 0.063594
34 0.939790 0.072588 0.029033 0.048379
34 0.560225 0.029038 0.039785 0.032256
34 0.830498 0.757959 0.028203 0.040801
34 0.578501 0.071514 0.031182 0.044082
34 0.148931 0.059683 0.030107 0.054834
34 0.886597 0.524268 0.113994 0.055801
34 0.559907 0.713564 0.037803 0.030000
34 0.557808 0.524263 0.119990 0.062998
34 0.748394 0.863984 0.121514 0.056992
34 0.969697 0.559966 0.060605 0.077998
