34 0.354263 0.442969 0.050537 0.034414
34 0.955894 0.986001 0.088213 0.027998
34 0.958105 0.471299 0.048281 0.028457
33 0.166016 0.090542 0.044023 0.044600
35 0.849932 0.895996 0.071602 0.036992
34 0.385244 0.349434 0.043125 0.029316
34 0.438193 0.225254 0.224687 0.074805
35 0.719263 0.264580 0.091182 0.036426
34 0.610928 0.422080 0.101348 0.053301
34 0.783008 0.623799 0.033340 0.048320
34 0.974404 0.531089 0.051191 0.052998
34 0.535229 0.340083 0.216885 0.053662
34 0.602632 0.221509 0.090615 0.052881
34 0.257798 0.246748 0.047725 0.034434
35 0.886709 0.599922 0.076621 0.036914
34 0.700278 0.323662 0.090361 0.052051
34 0.735776 0.421567 0.126143 0.048408
35 0.730308 0.465376 0.077764 0.036846
34 0.846182 0.849355 0.066523 0.053066
34 0.940483 0.825762 0.104248 0.053574
34 0.973398 0.423760 0.053203 0.052422
35 0.922568 0.306914 0.088672 0.038301
34 0.718882 0.222686 0.124736 0.053301
34 0.899155 0.656509 0.104033 0.054482
34 0.956265 0.946831 0.087471 0.052314
34 0.914346 0.373398 0.058848 0.030508
34 0.169409 0.580752 0.181826 0.136172
34 0.872676 0.544370 0.130215 0.078545
34 0.957397 0.067129 0.085205 0.051699
34 0.933857 0.260864 0.129980 0.053896
34 0.957837 0.123193 0.084209 0.052070
3 0.940327 0.884097 0.051025 0.056670
21 0.961641 0.690396 0.026855 0.032334
0 0.699409 0.368813 0.050068 0.032607
0 0.902339 0.945986 0.020908 0.031445
0 0.605337 0.464336 0.049424 0.031875
0 0.603896 0.264819 0.047324 0.031650
0 0.906816 0.120986 0.018320 0.030117
0 0.906865 0.066953 0.018457 0.029883
0 0.962056 0.654307 0.019873 0.030234
21 0.905996 0.158154 0.027051 0.032520
3 0.988867 0.477856 0.022266 0.055264
3 0.988164 0.588965 0.023672 0.056133
32 0.164521 0.090015 0.051465 0.043271
6 0.762446 0.323950 0.017061 0.019502
34 0.477324 0.434937 0.184531 0.052354
