33 0.602910 0.392583 0.039121 0.038779
34 0.559546 0.432524 0.066084 0.047920
34 0.718022 0.348428 0.066221 0.048730
34 0.675327 0.432568 0.064912 0.047871
34 0.928472 0.616748 0.064482 0.047715
33 0.718940 0.392808 0.040107 0.038330
34 0.789687 0.612837 0.024746 0.048135
34 0.688018 0.143457 0.027285 0.046934
34 0.727500 0.953872 0.068184 0.048408
34 0.603330 0.348291 0.067812 0.048945
34 0.893252 0.258623 0.211270 0.070488
34 0.461865 0.926538 0.067246 0.050967
18 0.611836 0.980649 0.026875 0.038701
0 0.717915 0.433262 0.019639 0.036094
0 0.603535 0.432939 0.019043 0.035293
0 0.512935 0.929736 0.031904 0.056895
0 0.727227 0.988413 0.057188 0.023174
0 0.971265 0.617231 0.018760 0.036221
6 0.807412 0.719248 0.023203 0.023203
20 0.872383 0.348013 0.255234 0.431553
0 0.797441 0.468638 0.037715 0.020303
21 0.704404 0.253198 0.031895 0.036924
21 0.971606 0.660552 0.032256 0.037061
34 0.961040 0.571284 0.025244 0.037842
