34 0.150991 0.552593 0.030791 0.026357
34 0.227568 0.669819 0.026562 0.025654
34 0.984849 0.866606 0.030303 0.062568
34 0.214951 0.865815 0.145430 0.053682
34 0.101084 0.675410 0.030273 0.043301
34 0.066284 0.179648 0.088115 0.038164
34 0.687358 0.179463 0.100381 0.038789
34 0.316841 0.982798 0.112744 0.034404
34 0.345303 0.178789 0.087441 0.038691
34 0.985322 0.780679 0.029355 0.062412
34 0.798301 0.984873 0.112969 0.030254
34 0.596665 0.686416 0.029795 0.045645
34 0.335298 0.541758 0.052607 0.030605
34 0.004795 0.549023 0.009590 0.023652
34 0.933320 0.696689 0.030586 0.046152
33 0.511182 0.983008 0.081035 0.033984
33 0.975156 0.982959 0.049687 0.034082
34 0.057461 0.907695 0.029531 0.028613
34 0.719443 0.728877 0.043789 0.023105
34 0.187163 0.948643 0.112334 0.062168
34 0.544692 0.778735 0.111299 0.061475
34 0.545581 0.873989 0.112549 0.061787
34 0.647603 0.649771 0.029951 0.045186
0 0.466606 0.777925 0.037236 0.063584
0 0.948477 0.779683 0.036074 0.062861
6 0.021587 0.586753 0.017998 0.018721
6 0.139644 0.579014 0.020869 0.017637
34 0.774687 0.689795 0.090430 0.061289
34 0.733823 0.775811 0.094736 0.056992
34 0.232212 0.810762 0.100107 0.060215
34 0.230059 0.715596 0.093652 0.056992
6 0.116973 0.631924 0.025195 0.037793
6 0.907754 0.559136 0.018164 0.016963
3 0.452681 0.869189 0.074424 0.073730
3 0.934634 0.865361 0.074971 0.072422
0 0.116621 0.949502 0.020957 0.035840
6 0.949839 0.646465 0.025107 0.034219
6 0.467505 0.642856 0.024600 0.033936
6 0.738838 0.683042 0.020234 0.020713
6 0.693066 0.767363 0.016387 0.021680
6 0.614399 0.605649 0.022314 0.034912
6 0.663887 0.604570 0.023398 0.033477
0 0.424600 0.698955 0.020801 0.034785
6 0.424346 0.654277 0.017715 0.016797
0 0.907705 0.633921 0.018906 0.036494
6 0.516318 0.553843 0.018359 0.019834
6 0.029683 0.945249 0.019072 0.017275
6 0.192373 0.799658 0.016914 0.018359
6 0.191831 0.708955 0.017998 0.018359
34 0.606274 0.976079 0.110908 0.047842
34 0.353726 0.699673 0.101416 0.061865
34 0.839570 0.629102 0.111504 0.061426
34 0.158188 0.484136 0.119365 0.085264
34 0.451475 0.689063 0.028711 0.043516
34 0.544048 0.513052 0.029697 0.026064
34 0.759873 0.640171 0.026543 0.026104
