34 0.607861 0.987139 0.100918 0.025723
34 0.496865 0.635630 0.063711 0.034775
34 0.946216 0.986069 0.029092 0.027490
34 0.433262 0.484043 0.170937 0.097695
34 0.739053 0.190117 0.036836 0.069512
34 0.177827 0.535151 0.076611 0.035264
35 0.059819 0.789028 0.053838 0.106689
34 0.090073 0.883477 0.180146 0.067676
34 0.880229 0.605347 0.109268 0.063545
34 0.941597 0.074883 0.116709 0.102930
35 0.421343 0.554634 0.106006 0.047158
34 0.018462 0.642715 0.036924 0.062402
34 0.781392 0.935547 0.078096 0.035430
0 0.059019 0.643057 0.041729 0.081211
6 0.888740 0.959653 0.040293 0.031572
5 0.881670 0.657261 0.038047 0.036436
