34 0.613091 0.330874 0.107510 0.065518
34 0.876626 0.330923 0.103857 0.065342
34 0.065054 0.090391 0.106377 0.065918
34 0.288784 0.894326 0.106689 0.063301
34 0.568774 0.090635 0.106670 0.065352
34 0.832588 0.090332 0.103945 0.065195
33 0.778423 0.934023 0.045811 0.064121
34 0.314199 0.090571 0.107852 0.065752
34 0.648716 0.866904 0.108154 0.065020
34 0.777754 0.866113 0.108379 0.066602
34 0.358813 0.330830 0.106787 0.065332
34 0.109351 0.330820 0.106846 0.065547
33 0.651665 0.934077 0.045791 0.065537
4 0.669048 0.089414 0.084990 0.084434
6 0.221553 0.855947 0.021367 0.020586
34 0.982344 0.248955 0.035215 0.064395
0 0.949980 0.331230 0.033086 0.057676
0 0.183887 0.331377 0.032773 0.057988
0 0.220752 0.897788 0.027109 0.047021
0 0.687197 0.331426 0.031406 0.057441
0 0.433032 0.331514 0.032119 0.057676
4 0.413330 0.090479 0.083711 0.082852
4 0.164800 0.090317 0.085928 0.083486
4 0.929863 0.090303 0.085879 0.083848
