0 0.825718 0.252856 0.015029 0.026416
33 0.960215 0.462334 0.058262 0.026445
34 0.373374 0.445352 0.065615 0.061602
33 0.072744 0.464438 0.055566 0.027451
33 0.531475 0.464092 0.032402 0.030801
34 0.903721 0.363604 0.019824 0.035742
33 0.950112 0.337778 0.054658 0.037568
33 0.394902 0.497217 0.042891 0.034395
34 0.816968 0.447075 0.069697 0.057568
34 0.976631 0.109907 0.046738 0.048291
33 0.058540 0.336997 0.049404 0.029248
34 0.451104 0.639644 0.154922 0.096846
34 0.090713 0.382964 0.064980 0.038057
34 0.015400 0.296411 0.018398 0.034971
34 0.336177 0.330425 0.065771 0.042119
34 0.952964 0.880854 0.020928 0.042920
35 0.691157 0.376763 0.032100 0.093428
34 0.533120 0.430801 0.059014 0.036719
35 0.251416 0.528188 0.032109 0.073721
34 0.675005 0.318843 0.122178 0.023896
33 0.058999 0.294619 0.049600 0.031953
33 0.509761 0.338008 0.058916 0.038418
34 0.017803 0.727446 0.035488 0.043389
34 0.538638 0.383516 0.065264 0.039980
33 0.402231 0.331362 0.056318 0.036846
35 0.691616 0.363584 0.031553 0.067305
34 0.579873 0.920137 0.043965 0.018750
35 0.691611 0.525923 0.031016 0.070908
34 0.056104 0.867896 0.043262 0.023857
35 0.196416 0.528213 0.031816 0.073301
35 0.642373 0.525205 0.034160 0.072090
33 0.835781 0.496763 0.044355 0.036045
34 0.350620 0.800737 0.070225 0.042100
34 0.085928 0.431777 0.059590 0.037910
34 0.882803 0.631470 0.156074 0.098721
34 0.422383 0.304805 0.019590 0.034199
34 0.463774 0.310723 0.017061 0.035801
34 0.972202 0.431499 0.055596 0.036514
35 0.643647 0.375635 0.033350 0.090742
35 0.056587 0.914658 0.035186 0.072344
34 0.780537 0.257617 0.068457 0.038203
34 0.386416 0.537202 0.066367 0.041533
34 0.826704 0.537119 0.065889 0.042266
34 0.972690 0.382871 0.054580 0.038223
34 0.291035 0.450498 0.063828 0.038496
34 0.558267 0.963643 0.072256 0.041562
34 0.731489 0.436606 0.071982 0.064209
33 0.841406 0.373696 0.056582 0.037275
34 0.675366 0.256035 0.067412 0.039648
34 0.778594 0.329478 0.065879 0.041162
34 0.336318 0.374404 0.065918 0.040645
34 0.728354 0.790996 0.022236 0.036855
34 0.099800 0.981558 0.071104 0.036885
34 0.119302 0.294756 0.065186 0.040039
34 0.409341 0.962627 0.069580 0.040996
33 0.402212 0.374287 0.057178 0.036133
34 0.572808 0.294731 0.064658 0.040146
34 0.118833 0.337798 0.064619 0.039014
34 0.788252 0.169102 0.069258 0.041289
34 0.603477 0.436816 0.068359 0.063691
33 0.509668 0.293877 0.058379 0.039805
34 0.226304 0.594800 0.124189 0.059111
34 0.156050 0.449766 0.064326 0.039531
33 0.950571 0.294009 0.055850 0.039521
34 0.038921 0.642197 0.077705 0.092754
34 0.690605 0.201523 0.068535 0.040801
34 0.860967 0.284111 0.019707 0.035957
33 0.841035 0.331250 0.054082 0.037715
34 0.776899 0.374136 0.066338 0.040225
34 0.573237 0.338462 0.065498 0.039580
34 0.670957 0.589355 0.121074 0.061719
0 0.628677 0.252646 0.015342 0.026426
0 0.732056 0.477095 0.025869 0.016592
0 0.510767 0.958125 0.016943 0.028613
0 0.361943 0.958413 0.016172 0.028506
6 0.938823 0.358984 0.011025 0.010547
6 0.497671 0.359033 0.011045 0.010410
6 0.936782 0.934629 0.014326 0.016426
6 0.051006 0.359946 0.011289 0.010928
0 0.050381 0.383984 0.015098 0.024375
5 0.298975 0.804106 0.033555 0.023760
0 0.154897 0.478867 0.026494 0.016660
0 0.733320 0.202524 0.015605 0.028291
0 0.938345 0.384229 0.015010 0.024043
0 0.601650 0.477271 0.025879 0.017842
21 0.361221 0.987583 0.034316 0.024834
6 0.949043 0.087588 0.013477 0.013398
0 0.056284 0.985342 0.016572 0.029062
0 0.834058 0.165771 0.015986 0.029023
0 0.948662 0.115396 0.013555 0.026064
0 0.497764 0.384014 0.015488 0.024238
6 0.734468 0.175508 0.016572 0.013164
21 0.628945 0.287847 0.030977 0.037334
21 0.510239 0.987573 0.031670 0.024033
21 0.826440 0.287246 0.032881 0.036738
5 0.965518 0.799927 0.036797 0.025771
21 0.834282 0.200947 0.032314 0.036172
0 0.292378 0.478750 0.026084 0.016914
