34 0.413892 0.413882 0.161670 0.125068
34 0.855835 0.098384 0.069697 0.031611
33 0.166719 0.249360 0.062188 0.041689
33 0.522671 0.579565 0.066084 0.042725
35 0.446187 0.735767 0.039463 0.092412
34 0.087705 0.301299 0.085469 0.054023
35 0.384453 0.735532 0.039805 0.091182
33 0.560884 0.250688 0.059443 0.043037
33 0.302495 0.510557 0.070869 0.046934
34 0.329351 0.662842 0.085635 0.051172
34 0.292168 0.182471 0.073008 0.031543
34 0.483555 0.247295 0.084629 0.051660
33 0.561221 0.302075 0.058926 0.041084
34 0.258330 0.564780 0.084062 0.052627
33 0.166436 0.301914 0.062578 0.041230
34 0.288154 0.459731 0.085117 0.051572
34 0.536074 0.436890 0.084707 0.053330
34 0.420166 0.821357 0.164355 0.082910
34 0.969814 0.237427 0.060371 0.053311
34 0.483516 0.301865 0.085918 0.052402
34 0.088921 0.246167 0.086631 0.053018
34 0.536577 0.531465 0.083467 0.051602
34 0.500854 0.661670 0.085186 0.050508
33 0.523774 0.485112 0.064385 0.040889
0 0.310303 0.566089 0.021680 0.038428
0 0.445273 0.664023 0.023320 0.038984
6 0.310542 0.533467 0.016260 0.014824
0 0.383530 0.664424 0.022334 0.038750
