35 0.009414 0.556909 0.018828 0.082549
0 0.056055 0.972505 0.017715 0.034150
0 0.158599 0.922998 0.017764 0.033613
0 0.558745 0.979473 0.017217 0.032500
0 0.004883 0.648818 0.009766 0.037324
0 0.021050 0.923188 0.017119 0.033467
0 0.334355 0.942310 0.017500 0.032061
0 0.519561 0.930347 0.017656 0.033525
3 0.682041 0.649185 0.057051 0.055928
6 0.747373 0.451572 0.019844 0.017500
13 0.741543 0.151694 0.050176 0.071182
0 0.686470 0.837041 0.017607 0.032051
0 0.299346 0.923203 0.017422 0.033750
3 0.485767 0.649077 0.038623 0.039248
0 0.916836 0.452886 0.054707 0.032275
0 0.422417 0.980078 0.018447 0.034297
0 0.193398 0.972524 0.017266 0.034521
0 0.751128 0.980107 0.017354 0.033438
0 0.655293 0.930288 0.017715 0.034209
3 0.112861 0.649131 0.039180 0.038516
21 0.686245 0.875190 0.030068 0.031768
3 0.363267 0.649102 0.038818 0.039121
3 0.234766 0.648530 0.040527 0.037959
4 0.319639 0.399570 0.056777 0.055000
34 0.369058 0.489141 0.119600 0.055527
34 0.300635 0.648945 0.080801 0.043457
34 0.052690 0.648965 0.081006 0.043965
34 0.498423 0.488472 0.120459 0.056494
34 0.381597 0.943887 0.076143 0.043926
34 0.606265 0.978589 0.079326 0.042822
34 0.175103 0.649175 0.080400 0.043174
34 0.701987 0.978218 0.081689 0.043564
34 0.230234 0.612471 0.021738 0.034824
34 0.474907 0.929092 0.074600 0.042637
34 0.357905 0.611997 0.024072 0.034834
34 0.471431 0.978916 0.078018 0.041953
34 0.482134 0.612266 0.023389 0.034980
34 0.705054 0.928354 0.078564 0.043545
34 0.634844 0.835591 0.082227 0.045928
34 0.750840 0.648599 0.083750 0.046182
35 0.371338 0.554399 0.036621 0.082842
34 0.241938 0.972422 0.081631 0.043398
35 0.244756 0.554170 0.037793 0.083574
34 0.427495 0.646865 0.075459 0.042090
34 0.845762 0.366035 0.034062 0.023477
34 0.635059 0.096558 0.035957 0.024639
34 0.104189 0.972300 0.079512 0.043369
34 0.108472 0.921929 0.082510 0.045947
35 0.121689 0.553950 0.038320 0.083936
35 0.494229 0.555020 0.037617 0.084492
34 0.239932 0.488496 0.120918 0.056523
34 0.117324 0.488853 0.119004 0.055928
34 0.657769 0.516758 0.023564 0.041699
34 0.250103 0.921860 0.079854 0.045459
34 0.919072 0.415171 0.085293 0.042842
34 0.124282 0.812749 0.034854 0.025264
34 0.735796 0.710898 0.036514 0.023633
34 0.783325 0.802690 0.024131 0.043350
34 0.318584 0.350527 0.080840 0.045566
34 0.677017 0.155972 0.081807 0.046143
34 0.108745 0.612314 0.024209 0.035020
34 0.027168 0.488662 0.054336 0.055078
34 0.844023 0.438423 0.041797 0.023271
