34 0.307803 0.248569 0.088613 0.046494
33 0.613628 0.261807 0.076826 0.046582
34 0.329946 0.553911 0.089248 0.044678
33 0.615620 0.910269 0.062959 0.047451
34 0.174751 0.097891 0.027705 0.061035
33 0.416763 0.910581 0.062646 0.047080
34 0.705044 0.465933 0.081611 0.046924
34 0.738301 0.530703 0.086133 0.047383
34 0.266309 0.885234 0.090664 0.045625
33 0.608413 0.183521 0.089014 0.045635
34 0.622144 0.955718 0.082900 0.044600
34 0.406709 0.954873 0.088672 0.043574
34 0.976523 0.101592 0.046953 0.047422
34 0.045508 0.339824 0.088789 0.047285
34 0.310508 0.492583 0.087070 0.047061
34 0.173237 0.954102 0.028311 0.061133
33 0.913574 0.261929 0.077656 0.047217
34 0.695786 0.100957 0.081611 0.046680
34 0.051475 0.556074 0.087813 0.046641
33 0.401816 0.326348 0.097539 0.048066
33 0.812974 0.408716 0.061514 0.048428
34 0.044678 0.261860 0.088730 0.047412
34 0.045132 0.101108 0.088428 0.047920
25 0.189858 0.700962 0.275459 0.214385
33 0.162422 0.396846 0.053145 0.047070
33 0.908521 0.183682 0.088857 0.046328
34 0.976421 0.183208 0.047158 0.047061
34 0.309810 0.410566 0.089893 0.048340
34 0.044927 0.183438 0.089209 0.048340
34 0.116987 0.885200 0.091279 0.045635
34 0.393013 0.827158 0.088467 0.046914
34 0.737358 0.409673 0.085654 0.047412
33 0.378662 0.490620 0.046973 0.047061
34 0.093257 0.397256 0.084854 0.047617
34 0.015625 0.863447 0.031250 0.047871
33 0.117246 0.570059 0.045449 0.071816
34 0.976221 0.261836 0.047559 0.046895
33 0.625288 0.340879 0.055244 0.047148
34 0.695679 0.261870 0.082432 0.046553
33 0.403081 0.246895 0.100439 0.047188
34 0.308047 0.167187 0.088008 0.048516
34 0.307529 0.328408 0.089180 0.048223
34 0.695586 0.340239 0.083008 0.047510
34 0.695840 0.183203 0.083145 0.047422
34 0.055625 0.466084 0.083887 0.047559
33 0.384819 0.408286 0.058975 0.047432
34 0.860537 0.686313 0.104102 0.027666
33 0.639502 0.466748 0.044121 0.047676
34 0.015815 0.962700 0.031631 0.046650
33 0.265288 0.830254 0.049268 0.066348
33 0.264331 0.568662 0.045283 0.072148
33 0.390732 0.774473 0.049902 0.060215
33 0.805474 0.528154 0.046904 0.047344
34 0.196514 0.691270 0.119375 0.034375
33 0.116182 0.831304 0.049922 0.064482
34 0.517241 0.679956 0.227100 0.042334
33 0.410762 0.166675 0.117207 0.053760
33 0.903232 0.108608 0.095703 0.055908
33 0.602695 0.104854 0.096777 0.052676
34 0.731729 0.683340 0.094629 0.031191
34 0.964253 0.684419 0.071494 0.031182
