34 0.767676 0.915220 0.025195 0.044033
34 0.991704 0.753682 0.016592 0.045156
0 0.334849 0.343027 0.052744 0.029297
34 0.925957 0.039756 0.046465 0.025723
34 0.872085 0.842349 0.075361 0.048877
34 0.873027 0.681235 0.075137 0.049912
34 0.963271 0.676216 0.025078 0.053916
21 0.811309 0.823467 0.040117 0.053047
0 0.487197 0.401392 0.024121 0.045010
34 0.970835 0.842417 0.058330 0.048799
4 0.910649 0.622964 0.054424 0.045674
0 0.923633 0.569355 0.024629 0.043711
0 0.978960 0.623208 0.024502 0.042021
13 0.724429 0.872388 0.040615 0.060928
0 0.923843 0.680913 0.024521 0.043916
0 0.855781 0.786841 0.033867 0.018311
0 0.978623 0.878125 0.042031 0.023848
0 0.872056 0.878408 0.041904 0.023555
21 0.673413 0.931377 0.039170 0.053184
34 0.974360 0.232524 0.050537 0.024893
34 0.435693 0.399404 0.081602 0.050449
34 0.370361 0.102954 0.023652 0.045361
35 0.487832 0.482715 0.040781 0.088516
34 0.336216 0.306177 0.075244 0.042627
34 0.682192 0.832310 0.075127 0.050615
34 0.846265 0.624492 0.074600 0.049531
34 0.917822 0.418130 0.162852 0.031318
34 0.912114 0.383296 0.044658 0.022354
34 0.640903 0.104194 0.026201 0.044971
34 0.098481 0.101445 0.024912 0.046016
34 0.852656 0.752939 0.075645 0.049199
33 0.954971 0.753696 0.055977 0.038721
34 0.817041 0.327471 0.045566 0.025313
34 0.488403 0.549409 0.122998 0.050947
34 0.872920 0.569028 0.075020 0.049189
34 0.909028 0.748960 0.023682 0.052744
35 0.924102 0.468208 0.036582 0.072783
