21 0.018496 0.297779 0.025684 0.035829
0 0.495020 0.232599 0.031602 0.057283
33 0.102056 0.025586 0.039502 0.051172
34 0.040879 0.031421 0.056328 0.032988
34 0.082554 0.257818 0.109834 0.062694
34 0.119419 0.397604 0.050986 0.036336
34 0.165107 0.171545 0.094688 0.035648
34 0.500508 0.353551 0.175723 0.063089
34 0.069614 0.167480 0.096416 0.058861
35 0.152305 0.208410 0.076211 0.040316
34 0.418472 0.234729 0.110068 0.063484
34 0.082334 0.103179 0.107812 0.059617
34 0.476792 0.176426 0.029580 0.047508
0 0.061943 0.209053 0.031211 0.022773
21 0.494746 0.301291 0.029375 0.049369
0 0.018525 0.100784 0.019980 0.033788
0 0.018437 0.255631 0.020566 0.035118
