1 0.622676 0.954990 0.037578 0.073438
34 0.978184 0.540122 0.043633 0.110166
34 0.459795 0.116714 0.037715 0.061689
34 0.027119 0.752939 0.054238 0.076270
34 0.459780 0.295962 0.038799 0.062725
34 0.780435 0.754038 0.127256 0.075127
35 0.836304 0.224590 0.056182 0.117344
34 0.461924 0.851411 0.125430 0.071260
34 0.317920 0.272114 0.039082 0.063486
34 0.538574 0.953584 0.120937 0.072539
34 0.545068 0.470278 0.117305 0.070908
34 0.406416 0.567983 0.118633 0.068252
34 0.257627 0.471294 0.117480 0.073857
34 0.844756 0.381567 0.234980 0.187100
34 0.563887 0.211577 0.120547 0.071729
34 0.254873 0.713379 0.116523 0.072539
34 0.257183 0.953525 0.118857 0.072422
34 0.535571 0.714468 0.118193 0.074131
34 0.556177 0.571030 0.118877 0.068350
6 0.373389 0.013198 0.027910 0.026396
6 0.752075 0.017075 0.075146 0.034150
11 0.340405 0.816914 0.120908 0.116133
6 0.484229 0.058027 0.031660 0.028965
0 0.411704 0.620332 0.072490 0.038457
0 0.552661 0.620942 0.071240 0.037041
11 0.622397 0.817896 0.120869 0.116318
0 0.483306 0.212856 0.039268 0.073994
0 0.622876 0.472021 0.037783 0.073145
0 0.341172 0.471885 0.038984 0.073340
1 0.341182 0.955117 0.037168 0.073398
6 0.541641 0.012368 0.032070 0.024736
