34 0.985352 0.612812 0.029023 0.044883
34 0.933662 0.385229 0.082461 0.045420
34 0.187129 0.962852 0.087422 0.045312
34 0.985615 0.215933 0.028516 0.042744
34 0.720151 0.056055 0.082920 0.048359
34 0.809385 0.272437 0.027715 0.043350
34 0.525967 0.037412 0.085000 0.048828
34 0.763081 0.467446 0.080518 0.049170
34 0.373579 0.542065 0.030225 0.044893
34 0.725752 0.199673 0.082734 0.047686
34 0.067568 0.791992 0.134336 0.025664
34 0.904653 0.744639 0.051709 0.028457
34 0.809355 0.410337 0.028945 0.043564
34 0.808740 0.711304 0.029121 0.043799
34 0.860249 0.106987 0.049033 0.027021
34 0.637080 0.974341 0.168164 0.051318
34 0.634854 0.675439 0.029551 0.045195
34 0.556221 0.294609 0.042227 0.028203
34 0.542773 0.214180 0.070840 0.027168
34 0.186030 0.042881 0.230361 0.084707
34 0.437954 0.212788 0.066260 0.026904
34 0.042358 0.993237 0.024658 0.013252
3 0.814136 0.611021 0.078311 0.068271
3 0.936621 0.103496 0.086348 0.079316
35 0.224199 0.317212 0.137637 0.045166
35 0.058608 0.854849 0.045166 0.109678
3 0.813130 0.197368 0.086338 0.078311
3 0.618857 0.044253 0.091367 0.087354
0 0.651914 0.518022 0.028574 0.048467
0 0.707432 0.466841 0.026758 0.046650
0 0.652275 0.411865 0.027129 0.047383
14 0.651084 0.464834 0.055215 0.042168
21 0.826875 0.061064 0.041172 0.039160
6 0.827056 0.049414 0.013799 0.012363
0 0.058711 0.959316 0.035137 0.052207
0 0.779497 0.054800 0.033135 0.050205
34 0.593608 0.520371 0.083506 0.046426
34 0.582500 0.465342 0.083496 0.045977
34 0.594614 0.411621 0.082002 0.045723
34 0.680200 0.355752 0.042236 0.025879
34 0.942983 0.438838 0.081084 0.046211
34 0.938511 0.036938 0.084619 0.047783
34 0.022798 0.955186 0.045557 0.048223
34 0.763315 0.097549 0.027197 0.040801
34 0.944775 0.330664 0.079375 0.046797
34 0.727646 0.609258 0.085254 0.047598
34 0.222202 0.246543 0.234756 0.097227
