34 0.124595 0.365023 0.207705 0.047317
34 0.126240 0.463946 0.201660 0.059098
34 0.507583 0.366206 0.198818 0.059448
34 0.128765 0.266584 0.206553 0.062210
34 0.508452 0.463794 0.201982 0.058433
34 0.509873 0.266612 0.204102 0.061680
33 0.338809 0.467210 0.120898 0.082875
33 0.339150 0.267959 0.121270 0.083269
33 0.339316 0.367430 0.121191 0.082773
0 0.353047 0.173478 0.057617 0.039154
0 0.351846 0.553247 0.057344 0.042120
0 0.273882 0.084470 0.034717 0.064814
0 0.043018 0.553726 0.056406 0.039560
6 0.425742 0.121725 0.046406 0.040180
21 0.112515 0.642035 0.057998 0.089729
21 0.494634 0.635834 0.055674 0.096223
0 0.426196 0.553551 0.058389 0.041127
