3 0.582710 0.903188 0.065264 0.070283
6 0.521641 0.387061 0.025664 0.019414
5 0.273569 0.989448 0.065264 0.021104
8 0.645059 0.660117 0.069277 0.069277
6 0.455796 0.669321 0.031475 0.026143
34 0.377534 0.475518 0.084854 0.052227
34 0.286938 0.437261 0.075088 0.055557
34 0.188657 0.931880 0.039834 0.030654
34 0.305610 0.585298 0.082354 0.051787
34 0.287744 0.523921 0.076992 0.053037
34 0.343672 0.985332 0.078223 0.028770
33 0.214521 0.518286 0.058066 0.058057
33 0.374736 0.418286 0.060215 0.055908
33 0.304307 0.701621 0.052695 0.059141
34 0.493462 0.791479 0.038018 0.026787
34 0.642686 0.167041 0.047305 0.029219
34 0.584570 0.845566 0.079531 0.053906
34 0.543950 0.653857 0.047334 0.028438
34 0.640771 0.598032 0.082734 0.048213
33 0.213984 0.441406 0.056992 0.054844
34 0.481138 0.300122 0.084268 0.053682
34 0.097114 0.486191 0.087139 0.054707
33 0.480532 0.355127 0.044463 0.056191
34 0.185796 0.979087 0.078447 0.041826
34 0.670654 0.312681 0.087344 0.051904
34 0.409736 0.584912 0.082480 0.051445
34 0.306958 0.758232 0.083467 0.052637
33 0.410195 0.638794 0.043984 0.058428
34 0.988228 0.904111 0.022998 0.029785
34 0.414204 0.101484 0.040459 0.029785
34 0.376001 0.300210 0.083076 0.053115
34 0.589463 0.373457 0.050781 0.022754
33 0.305269 0.638936 0.043877 0.058262
34 0.909048 0.229004 0.040361 0.030410
34 0.031855 0.580220 0.063711 0.083525
33 0.377139 0.355078 0.044297 0.055430
8 0.671162 0.375479 0.065254 0.066270
3 0.027085 0.649575 0.050205 0.067275
4 0.094858 0.545161 0.071279 0.065264
