34 0.397222 0.437129 0.081475 0.053184
35 0.793555 0.619897 0.100000 0.046240
4 0.306206 0.493452 0.058232 0.070283
8 0.519556 0.601885 0.063252 0.065254
3 0.352793 0.600479 0.059238 0.067266
0 0.932363 0.219448 0.057324 0.032646
27 0.906104 0.817749 0.069277 0.073291
6 0.979897 0.914136 0.022080 0.039150
27 0.743447 0.816743 0.069277 0.065264
27 0.584819 0.816743 0.063252 0.063252
27 0.422671 0.815742 0.066260 0.069277
27 0.253491 0.816245 0.071279 0.066260
6 0.960825 0.989951 0.036143 0.020098
6 0.364937 0.991455 0.039150 0.017090
6 0.658110 0.914136 0.033135 0.019072
3 0.395962 0.492046 0.059229 0.061240
34 0.681494 0.877539 0.024629 0.046836
34 0.778867 0.877764 0.026523 0.046348
34 0.843970 0.877075 0.025752 0.045264
34 0.616465 0.869106 0.027695 0.046494
34 0.360112 0.877373 0.026084 0.045840
34 0.940537 0.877524 0.025215 0.046279
34 0.456777 0.877251 0.026934 0.045791
34 0.835576 0.979438 0.051055 0.024424
34 0.659243 0.605674 0.049307 0.026660
34 0.289282 0.868755 0.026455 0.046611
34 0.170850 0.484648 0.110937 0.081016
34 0.191489 0.866572 0.027783 0.047129
34 0.424438 0.757773 0.082979 0.053008
34 0.305659 0.437148 0.079463 0.052344
34 0.927617 0.619321 0.144570 0.084756
34 0.142202 0.579453 0.056104 0.082031
34 0.519346 0.867490 0.027832 0.046816
34 0.256006 0.758096 0.081797 0.053105
33 0.086040 0.481792 0.054600 0.045596
34 0.585933 0.757290 0.084307 0.052783
33 0.086636 0.382021 0.052666 0.044023
34 0.121870 0.901646 0.050186 0.024268
34 0.910103 0.757690 0.085537 0.052314
34 0.928716 0.177964 0.087881 0.052354
34 0.169121 0.381533 0.112129 0.078945
34 0.522935 0.545054 0.082998 0.053076
34 0.746079 0.757935 0.087119 0.052939
34 0.351406 0.547949 0.078281 0.049492
34 0.014902 0.272842 0.029746 0.023047
33 0.086763 0.582104 0.051533 0.044697
33 0.027959 0.526455 0.054688 0.044727
33 0.028188 0.618062 0.055049 0.045557
33 0.027559 0.433862 0.053828 0.044893
