34 0.544971 0.836660 0.066738 0.052305
34 0.828984 0.481294 0.032715 0.047061
34 0.925742 0.346670 0.148516 0.048223
34 0.893066 0.261782 0.213867 0.050537
34 0.198345 0.121997 0.282803 0.052686
34 0.162324 0.451030 0.182793 0.050537
34 0.047271 0.460171 0.047314 0.027959
34 0.060171 0.363936 0.047314 0.029023
33 0.750615 0.763447 0.039629 0.035176
34 0.202378 0.357085 0.215264 0.054990
34 0.945752 0.456396 0.103711 0.053652
34 0.890601 0.186411 0.218115 0.049502
34 0.197910 0.052358 0.305742 0.053604
34 0.834238 0.011191 0.029785 0.022285
34 0.885254 0.477593 0.048027 0.026846
34 0.797485 0.964390 0.102900 0.052510
34 0.478701 0.624287 0.033359 0.048164
34 0.126938 0.222969 0.225439 0.072070
35 0.586011 0.584937 0.074912 0.036729
34 0.924678 0.542017 0.104473 0.051611
33 0.954048 0.846699 0.036748 0.059492
35 0.428486 0.262563 0.087871 0.035967
35 0.435342 0.479004 0.076992 0.036113
34 0.669307 0.116748 0.106152 0.053047
34 0.632461 0.245483 0.123301 0.053193
33 0.823730 0.636646 0.050449 0.037002
34 0.656689 0.456060 0.046113 0.026846
34 0.749966 0.718877 0.096377 0.052695
34 0.753193 0.811001 0.094492 0.050967
34 0.946934 0.717554 0.101367 0.052373
34 0.295410 0.219004 0.105977 0.053535
34 0.371572 0.337427 0.106660 0.054033
34 0.613901 0.358765 0.058701 0.030732
34 0.937700 0.640933 0.095615 0.050830
34 0.699653 0.409258 0.105908 0.051641
34 0.754878 0.346978 0.105107 0.052354
34 0.420117 0.216348 0.124297 0.054473
34 0.598955 0.642407 0.104180 0.054346
34 0.922754 0.976045 0.097969 0.047910
34 0.931919 0.920259 0.103369 0.052275
34 0.951777 0.790488 0.094297 0.052832
34 0.894766 0.859805 0.055410 0.031035
34 0.661426 0.022900 0.110293 0.045488
35 0.548843 0.881870 0.071748 0.037998
34 0.663354 0.932158 0.102822 0.052051
34 0.307915 0.436665 0.118330 0.054033
34 0.743174 0.636460 0.105098 0.053955
34 0.743184 0.248516 0.093672 0.051738
34 0.668848 0.173403 0.108418 0.053096
34 0.640303 0.812539 0.105469 0.053770
34 0.435396 0.435605 0.121006 0.046992
34 0.702651 0.517222 0.105107 0.051807
35 0.626387 0.291895 0.088223 0.038867
34 0.663389 0.980659 0.101699 0.038682
34 0.802402 0.391738 0.029590 0.044199
34 0.572393 0.530640 0.132305 0.075928
6 0.819521 0.306519 0.016680 0.015615
21 0.660835 0.675835 0.028096 0.033096
0 0.293481 0.262056 0.049404 0.031807
0 0.871738 0.919326 0.019453 0.030020
21 0.605308 0.209321 0.027842 0.028271
0 0.601558 0.985889 0.018701 0.028223
0 0.740342 0.293208 0.048008 0.033271
0 0.734512 0.964434 0.020137 0.030977
0 0.886548 0.715933 0.019287 0.029854
0 0.601636 0.932437 0.018975 0.030889
0 0.947886 0.495527 0.030713 0.022051
6 0.439614 0.339268 0.018369 0.017324
3 0.577095 0.021543 0.057842 0.042969
0 0.300435 0.478984 0.047393 0.030957
3 0.639614 0.869824 0.051943 0.056504
21 0.885220 0.751753 0.028076 0.030244
0 0.605601 0.172168 0.019150 0.030215
0 0.820483 0.346011 0.024893 0.038174
0 0.605630 0.118311 0.019287 0.030527
3 0.701396 0.573672 0.052246 0.056328
0 0.661162 0.639419 0.019355 0.029697
0 0.372417 0.382988 0.049404 0.032695
3 0.701587 0.462681 0.051221 0.055518
1 0.925225 0.585332 0.050332 0.033926
22 0.755747 0.879487 0.071338 0.083037
0 0.929229 0.676777 0.029121 0.020117
