4 0.121245 0.295371 0.052256 0.056777
34 0.119043 0.433101 0.076191 0.047861
34 0.897329 0.431709 0.072959 0.048008
34 0.224893 0.862168 0.084082 0.075605
3 0.031826 0.677197 0.058125 0.051973
3 0.032021 0.817915 0.057871 0.051748
21 0.067729 0.498535 0.041260 0.045586
11 0.622559 0.877412 0.072617 0.072344
34 0.333188 0.679199 0.072803 0.045762
34 0.440659 0.679565 0.071963 0.047412
34 0.761772 0.266367 0.075986 0.048262
0 0.761074 0.306978 0.051680 0.030205
34 0.203452 0.292700 0.056748 0.026963
34 0.593633 0.706802 0.070312 0.046748
34 0.443638 0.809775 0.072412 0.047559
21 0.846138 0.498569 0.042314 0.045713
34 0.916675 0.809521 0.072217 0.047344
0 0.858003 0.678691 0.027393 0.047715
4 0.926543 0.293696 0.053594 0.058896
34 0.922930 0.238096 0.075117 0.048926
0 0.175259 0.709922 0.027803 0.047852
3 0.508765 0.817246 0.058604 0.050234
34 0.227583 0.677808 0.075049 0.047627
0 0.280801 0.678867 0.027441 0.048633
34 0.328423 0.231035 0.089229 0.077500
34 0.120781 0.242539 0.077461 0.048594
0 0.755044 0.678887 0.027861 0.048242
34 0.702334 0.678389 0.071973 0.046348
34 0.914248 0.679971 0.072930 0.047012
3 0.508491 0.676709 0.059561 0.050879
0 0.385708 0.679067 0.028076 0.048291
34 0.050913 0.350112 0.028604 0.045342
0 0.678013 0.388877 0.055107 0.035371
3 0.976211 0.816699 0.047578 0.049980
0 0.067256 0.433779 0.029316 0.051074
34 0.829448 0.348511 0.028799 0.047998
3 0.976206 0.676733 0.047588 0.049951
34 0.080278 0.860908 0.046084 0.027402
34 0.015591 0.268442 0.031182 0.048271
34 0.550845 0.234810 0.085439 0.078467
34 0.806665 0.678730 0.071045 0.046289
34 0.175259 0.587090 0.071943 0.024141
34 0.648237 0.586787 0.072314 0.025293
0 0.845972 0.433882 0.028447 0.051318
34 0.121772 0.706689 0.073174 0.046641
0 0.648267 0.709634 0.027686 0.047900
34 0.558896 0.860674 0.045371 0.027109
34 0.677476 0.351001 0.076416 0.047803
35 0.648735 0.633281 0.033623 0.072539
34 0.141001 0.545771 0.044580 0.027266
34 0.560674 0.371577 0.048457 0.028994
11 0.144487 0.877769 0.071846 0.073037
34 0.961777 0.111646 0.045918 0.027061
35 0.175996 0.632959 0.032598 0.071797
