34 0.883291 0.990303 0.104297 0.019395
34 0.881953 0.890649 0.099824 0.052861
34 0.625317 0.827207 0.109951 0.053223
34 0.015610 0.139370 0.031221 0.055283
34 0.273223 0.590205 0.051621 0.032539
33 0.803745 0.947983 0.051709 0.038018
0 0.774893 0.826431 0.040195 0.062354
0 0.699966 0.826533 0.039424 0.062012
34 0.058130 0.164312 0.047861 0.030713
34 0.680093 0.965483 0.031416 0.046514
34 0.597109 0.188657 0.033926 0.047197
34 0.883340 0.948032 0.100547 0.052256
35 0.117080 0.271909 0.039980 0.099697
34 0.844805 0.825962 0.110605 0.054229
34 0.978364 0.105664 0.042959 0.054121
34 0.394487 0.359395 0.033096 0.048828
34 0.521958 0.128081 0.047998 0.032549
34 0.136201 0.360459 0.272402 0.083477
34 0.754961 0.681323 0.034316 0.046885
33 0.803257 0.887671 0.051436 0.037256
34 0.964146 0.464058 0.071162 0.035986
35 0.616279 0.265425 0.038652 0.103018
34 0.616606 0.352529 0.291865 0.087832
