34 0.704165 0.157598 0.020420 0.033574
34 0.757344 0.186885 0.067559 0.038340
34 0.550898 0.762598 0.072246 0.041855
35 0.730830 0.869351 0.034277 0.075498
35 0.716328 0.388525 0.032676 0.071660
34 0.755459 0.445698 0.069141 0.041865
34 0.973208 0.946650 0.053193 0.038789
34 0.777573 0.017148 0.071318 0.034297
34 0.757583 0.665405 0.070791 0.039736
34 0.628838 0.763369 0.071680 0.039570
34 0.907456 0.187393 0.068838 0.038555
34 0.907559 0.665327 0.069648 0.040186
33 0.433755 0.042578 0.055928 0.042188
34 0.160117 0.307451 0.072109 0.041992
34 0.770464 0.925312 0.068447 0.039219
34 0.497197 0.041592 0.067187 0.043301
34 0.791782 0.973149 0.072217 0.040459
33 0.969360 0.084736 0.030713 0.042148
34 0.023530 0.041421 0.021943 0.042393
34 0.872271 0.947715 0.072803 0.041875
34 0.869438 0.081304 0.068584 0.040186
34 0.731201 0.805366 0.096426 0.059072
34 0.759883 0.230166 0.068770 0.042969
34 0.366255 0.792813 0.121689 0.064707
34 0.756099 0.068276 0.070225 0.041162
34 0.755337 0.545591 0.070986 0.040889
34 0.972715 0.464922 0.054570 0.040742
34 0.967222 0.041255 0.065361 0.042373
34 0.075889 0.081479 0.022656 0.043877
34 0.869575 0.560752 0.068760 0.040508
34 0.966797 0.519893 0.066387 0.040254
34 0.776973 0.493872 0.069160 0.042607
34 0.910752 0.229204 0.069980 0.041377
34 0.985376 0.381636 0.028857 0.042451
34 0.728530 0.324590 0.094482 0.059102
33 0.871143 0.510957 0.030586 0.041914
34 0.869116 0.467700 0.071963 0.042100
0 0.715420 0.447349 0.010723 0.018936
3 0.757925 0.595254 0.042549 0.053086
0 0.909658 0.113818 0.012090 0.019199
0 0.938462 0.945137 0.015791 0.028750
0 0.862637 0.185083 0.015117 0.028408
0 0.715938 0.187759 0.015293 0.029287
0 0.565244 0.470337 0.014902 0.028369
0 0.862563 0.705581 0.015303 0.026553
21 0.862349 0.740366 0.032080 0.036123
0 0.909746 0.591406 0.011973 0.018437
0 0.748672 0.975215 0.011738 0.018906
0 0.716099 0.666338 0.014912 0.026875
6 0.748599 0.951719 0.010342 0.011289
6 0.734429 0.472505 0.012002 0.012021
6 0.938862 0.918398 0.014932 0.012012
6 0.938115 0.435820 0.013867 0.011699
0 0.969961 0.115513 0.014258 0.017510
19 0.608560 0.554795 0.064521 0.245156
0 0.862476 0.227822 0.015107 0.028047
0 0.715815 0.708564 0.014971 0.026953
21 0.716006 0.265225 0.031602 0.035586
3 0.158203 0.350088 0.044102 0.042930
21 0.715986 0.742852 0.031973 0.034980
21 0.862578 0.261689 0.032539 0.035957
22 0.871265 0.611260 0.051826 0.058984
22 0.872705 0.133291 0.052637 0.059648
0 0.733379 0.494072 0.010918 0.018887
0 0.716079 0.230742 0.014893 0.027695
0 0.733540 0.016489 0.011260 0.019229
0 0.549033 0.790918 0.026992 0.014863
0 0.833623 0.591367 0.012520 0.018789
0 0.862363 0.662949 0.015293 0.027344
0 0.937300 0.463955 0.014639 0.026992
5 0.543257 0.607324 0.023701 0.029531
0 0.968643 0.593340 0.013809 0.019375
0 0.995576 0.408345 0.008848 0.016904
0 0.833716 0.113521 0.011670 0.018350
6 0.564712 0.443345 0.014463 0.012471
0 0.631631 0.791230 0.027832 0.014922
3 0.756240 0.117466 0.040449 0.052666
0 0.729561 0.927388 0.012695 0.019990
34 0.910063 0.592637 0.014424 0.023242
34 0.525342 0.467988 0.072598 0.046172
35 0.977432 0.235537 0.044727 0.027051
34 0.909521 0.708521 0.071934 0.041104
34 0.977988 0.212178 0.044023 0.023281
34 0.543804 0.574819 0.070107 0.040010
34 0.977134 0.700879 0.045732 0.048477
34 0.923452 0.397671 0.036299 0.021943
34 0.490176 0.584502 0.021250 0.035078
35 0.237783 0.359351 0.073398 0.034307
34 0.114839 0.347217 0.038506 0.018867
33 0.870264 0.032383 0.032773 0.041133
34 0.924414 0.874429 0.037559 0.021455
33 0.969658 0.561968 0.032129 0.040029
34 0.704395 0.634253 0.020488 0.034834
34 0.758843 0.707866 0.070908 0.042510
35 0.464604 0.789761 0.066807 0.031807
34 0.986284 0.857803 0.027100 0.041348
34 0.542051 0.656436 0.072461 0.069883
34 0.332051 0.360562 0.119316 0.043955
33 0.873062 0.984951 0.034209 0.029414
