33 0.782090 0.073715 0.046973 0.047948
33 0.784224 0.126172 0.042705 0.046122
34 0.846143 0.129109 0.075703 0.051995
34 0.834146 0.236877 0.074150 0.047103
34 0.833633 0.184239 0.077324 0.052943
34 0.846704 0.074932 0.079268 0.056223
34 0.027393 0.074211 0.054785 0.053766
33 0.763979 0.182306 0.055654 0.042897
33 0.662710 0.099932 0.046592 0.045705
34 0.031118 0.129047 0.062236 0.053766
1 0.122466 0.168439 0.029639 0.060552
4 0.503555 0.273974 0.073398 0.082401
34 0.029722 0.182813 0.059443 0.055908
34 0.028320 0.236578 0.056641 0.053766
34 0.941929 0.231680 0.026650 0.053484
1 0.955063 0.167948 0.027588 0.060316
21 0.796685 0.552057 0.056143 0.051308
34 0.247368 0.356483 0.025791 0.054521
34 0.310586 0.218856 0.074707 0.047790
34 0.855732 0.358675 0.117246 0.107069
34 0.107505 0.232773 0.024150 0.053596
34 0.507178 0.198619 0.026563 0.051443
34 0.177266 0.168405 0.075840 0.047655
34 0.678750 0.424696 0.072676 0.048061
35 0.794565 0.628591 0.040967 0.103315
34 0.464878 0.117554 0.073291 0.046178
34 0.794150 0.702492 0.165645 0.057678
34 0.427222 0.272599 0.073291 0.047926
34 0.986152 0.167751 0.027344 0.045265
34 0.044253 0.356127 0.088467 0.110428
0 0.726797 0.425152 0.021973 0.047283
34 0.711675 0.015834 0.055420 0.026888
34 0.022007 0.703512 0.043975 0.048444
33 0.765259 0.235349 0.054912 0.041432
34 0.586807 0.100896 0.101543 0.057531
0 0.262432 0.219183 0.022871 0.048692
0 0.518652 0.118258 0.035332 0.076832
