34 0.344580 0.277378 0.224727 0.049463
34 0.956968 0.118237 0.086064 0.053760
33 0.200127 0.777739 0.042520 0.036299
21 0.108496 0.690728 0.028984 0.032861
0 0.053096 0.121006 0.018047 0.030586
22 0.202471 0.894692 0.071465 0.083037
3 0.148169 0.588765 0.052920 0.056787
3 0.149312 0.477349 0.050967 0.056357
3 0.086777 0.883931 0.052813 0.057959
21 0.333340 0.767402 0.027402 0.032031
0 0.108394 0.654336 0.020068 0.029941
0 0.377456 0.690898 0.030791 0.019824
0 0.053062 0.066860 0.018193 0.030635
0 0.048940 0.946172 0.021318 0.031934
0 0.177100 0.307930 0.049102 0.032891
1 0.371519 0.599517 0.051807 0.035752
32 0.710132 0.101709 0.043271 0.047949
6 0.266914 0.321060 0.018750 0.014658
0 0.048726 0.993018 0.022686 0.013828
0 0.395527 0.510234 0.029453 0.020020
0 0.318999 0.933325 0.019658 0.029561
0 0.267710 0.360781 0.024775 0.037949
0 0.181533 0.978174 0.019375 0.030547
34 0.371465 0.982783 0.098437 0.034238
34 0.042407 0.546646 0.084814 0.073154
34 0.384727 0.655337 0.096094 0.051396
35 0.069536 0.306870 0.088877 0.038721
34 0.075376 0.260781 0.120791 0.053965
34 0.049326 0.656577 0.097812 0.054404
34 0.280752 0.018901 0.030391 0.037803
34 0.189741 0.650806 0.105752 0.054150
34 0.115903 0.123706 0.108975 0.053271
34 0.378452 0.933242 0.103232 0.055742
34 0.201489 0.825239 0.092510 0.051982
34 0.149136 0.531934 0.104248 0.052363
34 0.342627 0.874307 0.057676 0.029980
34 0.178311 0.263198 0.094551 0.052314
34 0.244189 0.976035 0.103809 0.047930
34 0.116670 0.066616 0.108574 0.053076
34 0.934780 0.223149 0.130439 0.071787
34 0.146899 0.423965 0.105654 0.052070
34 0.713555 0.593638 0.183906 0.131514
34 0.202920 0.361050 0.103926 0.050791
34 0.951382 0.053794 0.097236 0.050127
34 0.373540 0.556455 0.103740 0.051172
21 0.052852 0.157866 0.027246 0.032646
0 0.333125 0.730498 0.018027 0.030703
34 0.479873 0.658999 0.093203 0.028818
34 0.060815 0.373525 0.058916 0.031055
34 0.393794 0.732573 0.101924 0.051377
34 0.400459 0.804526 0.095566 0.053311
34 0.489194 0.500591 0.095322 0.052490
34 0.333042 0.491787 0.047100 0.028750
34 0.087217 0.826035 0.106113 0.053184
34 0.111411 0.946450 0.101494 0.051631
34 0.249946 0.404585 0.027705 0.042080
34 0.196777 0.733467 0.098086 0.052422
34 0.394219 0.470796 0.104609 0.052998
34 0.974307 0.356460 0.051191 0.049834
34 0.413950 0.361108 0.228350 0.047119
34 0.489258 0.291777 0.045547 0.034375
33 0.269058 0.651108 0.049404 0.038193
33 0.401562 0.861675 0.037832 0.058291
35 0.469258 0.690508 0.075293 0.033516
34 0.199492 0.015615 0.020547 0.030586
34 0.012051 0.851968 0.024102 0.046025
35 0.035752 0.599741 0.071504 0.036338
33 0.491265 0.559541 0.037217 0.065762
34 0.812476 0.242300 0.046807 0.032236
34 0.459692 0.581719 0.053701 0.028359
34 0.104634 0.470947 0.046943 0.027285
34 0.278428 0.497271 0.028848 0.048057
34 0.938701 0.454814 0.122402 0.054199
34 0.466816 0.989224 0.091211 0.021553
34 0.376294 0.197446 0.300967 0.054971
34 0.914463 0.366265 0.042539 0.027881
34 0.109067 0.988013 0.106748 0.023975
