33 0.112827 0.395171 0.121123 0.071572
33 0.113208 0.309141 0.119229 0.073730
34 0.319800 0.736382 0.133525 0.086279
6 0.429028 0.733687 0.033994 0.033330
0 0.126846 0.738257 0.058828 0.036299
0 0.579224 0.851523 0.034424 0.057520
0 0.500825 0.776309 0.057432 0.035293
0 0.048667 0.839854 0.032705 0.055156
0 0.492656 0.156055 0.032051 0.055566
21 0.494185 0.253467 0.053369 0.080039
33 0.644155 0.400308 0.120771 0.070322
33 0.643662 0.649868 0.120332 0.070635
33 0.201621 0.743013 0.092480 0.070967
34 0.298394 0.305381 0.234404 0.055918
34 0.298394 0.389253 0.234404 0.049463
34 0.297314 0.476890 0.240859 0.050537
34 0.296782 0.555923 0.233330 0.047314
34 0.291406 0.643555 0.235488 0.052695
34 0.823125 0.652158 0.225801 0.052695
34 0.822588 0.561831 0.218281 0.048389
34 0.827427 0.482803 0.230107 0.051621
34 0.824199 0.397856 0.225801 0.049463
34 0.824204 0.315596 0.230107 0.056992
34 0.816133 0.229580 0.196777 0.059141
34 0.817212 0.145171 0.207529 0.053760
34 0.821675 0.735649 0.216045 0.052061
34 0.978569 0.519414 0.042764 0.073418
33 0.644106 0.736924 0.122197 0.072051
34 0.020493 0.490190 0.040986 0.073232
34 0.549033 0.490366 0.043672 0.073135
33 0.644009 0.146343 0.121631 0.072529
33 0.644312 0.484546 0.120830 0.071650
33 0.644312 0.565815 0.121553 0.071514
33 0.112764 0.475635 0.121309 0.070332
34 0.815649 0.967529 0.071494 0.042266
33 0.644170 0.233936 0.121738 0.071895
33 0.113120 0.646050 0.121104 0.072705
33 0.644102 0.317466 0.121797 0.071807
33 0.113169 0.559878 0.120771 0.071123
