4 0.542285 0.192979 0.089395 0.086641
3 0.950210 0.191675 0.086240 0.085713
0 0.245581 0.603564 0.032451 0.062461
21 0.245239 0.776836 0.056924 0.075723
0 0.245718 0.693711 0.032705 0.063750
0 0.363848 0.478330 0.079453 0.041426
35 0.276187 0.212026 0.103584 0.047686
34 0.364927 0.425684 0.106650 0.062871
34 0.175044 0.691455 0.104814 0.063125
34 0.175049 0.601572 0.103027 0.064727
34 0.266650 0.139551 0.204941 0.101113
0 0.030210 0.478970 0.060420 0.040068
34 0.229863 0.524067 0.032578 0.063857
34 0.949761 0.114854 0.100479 0.064629
34 0.798394 0.191587 0.074287 0.035615
34 0.543994 0.114878 0.105742 0.065381
34 0.037163 0.427466 0.074326 0.063350
