0 0.870313 0.112744 0.048047 0.028418
5 0.318340 0.166021 0.036953 0.060732
15 0.220977 0.611294 0.079570 0.072041
33 0.186563 0.544937 0.065078 0.040674
33 0.258027 0.719053 0.064687 0.043379
33 0.625820 0.883481 0.059648 0.098779
1 0.220967 0.359775 0.034902 0.061875
0 0.423643 0.165483 0.057109 0.033799
0 0.584478 0.164897 0.054775 0.030303
0 0.338560 0.029116 0.059443 0.033799
6 0.273794 0.523330 0.018936 0.016289
21 0.638291 0.241909 0.051445 0.058584
0 0.436460 0.027158 0.059443 0.034551
34 0.982178 0.068286 0.035645 0.052197
34 0.932856 0.095581 0.043799 0.026396
34 0.867153 0.069482 0.088799 0.053398
34 0.464272 0.503564 0.054600 0.027598
34 0.358369 0.438472 0.095996 0.057002
34 0.647266 0.463970 0.097793 0.056396
34 0.504468 0.432471 0.170986 0.053398
34 0.791558 0.324170 0.092393 0.057598
34 0.822461 0.823359 0.031797 0.277187
34 0.706665 0.858755 0.092998 0.052803
34 0.544966 0.808662 0.031201 0.190195
34 0.337974 0.717764 0.093604 0.057598
34 0.308271 0.609761 0.089395 0.058799
34 0.088682 0.548867 0.120605 0.055801
34 0.200874 0.496670 0.032998 0.050996
34 0.284272 0.357471 0.092998 0.053398
34 0.025420 0.111299 0.050840 0.028008
34 0.062246 0.060220 0.030078 0.042002
3 0.359609 0.508237 0.073574 0.071279
5 0.647646 0.521724 0.042441 0.061807
0 0.726382 0.325674 0.039580 0.070176
0 0.505225 0.254062 0.031465 0.057109
34 0.079355 0.243525 0.050820 0.031113
34 0.287036 0.267124 0.094893 0.055479
34 0.448047 0.255713 0.086074 0.055488
35 0.506460 0.354844 0.048389 0.105371
34 0.491343 0.197114 0.030596 0.042002
34 0.710171 0.194785 0.030596 0.063262
34 0.586255 0.121152 0.090771 0.054961
34 0.424189 0.121670 0.092305 0.051855
34 0.319185 0.108706 0.095928 0.057041
34 0.261108 0.147598 0.050303 0.031113
34 0.275889 0.013647 0.043555 0.027295
3 0.203247 0.263506 0.070068 0.070840
