34 0.126353 0.035488 0.172041 0.058066
3 0.597490 0.025728 0.068965 0.051455
34 0.670601 0.990103 0.047900 0.019795
15 0.751797 0.625771 0.070273 0.067305
11 0.752705 0.488511 0.106582 0.102412
0 0.488325 0.149746 0.027979 0.046621
0 0.657905 0.151494 0.026807 0.047793
0 0.750562 0.150913 0.039619 0.069932
0 0.413735 0.931216 0.048955 0.026807
0 0.350796 0.829238 0.037295 0.060605
1 0.752720 0.796206 0.034365 0.058857
1 0.394536 0.035088 0.060439 0.035547
3 0.933071 0.051001 0.060420 0.055928
6 0.437090 0.988638 0.018008 0.016475
21 0.212407 0.964956 0.037061 0.033975
22 0.750605 0.360146 0.058359 0.053008
33 0.790879 0.558633 0.065879 0.041680
33 0.786396 0.681211 0.057813 0.043027
13 0.453042 0.320566 0.074189 0.052812
0 0.506865 0.460083 0.041738 0.020361
0 0.279023 0.931641 0.045273 0.021289
3 0.733057 0.877007 0.077051 0.071963
34 0.290522 0.831997 0.088857 0.053447
34 0.356128 0.670942 0.190908 0.050674
34 0.458521 0.594932 0.187432 0.061094
34 0.886143 0.684482 0.130508 0.058320
34 0.836860 0.622700 0.090244 0.054150
34 0.869487 0.559180 0.087471 0.056230
34 0.625474 0.496353 0.124268 0.123564
34 0.437002 0.399863 0.033320 0.049980
34 0.509893 0.424854 0.091641 0.052754
34 0.460254 0.267964 0.088164 0.049990
34 0.544253 0.364805 0.034014 0.049297
34 0.664351 0.296777 0.045127 0.025684
34 0.678926 0.359600 0.085391 0.048594
34 0.889268 0.414438 0.124258 0.054150
34 0.887188 0.355435 0.089551 0.054150
34 0.875732 0.273521 0.101348 0.055537
34 0.826792 0.043394 0.046514 0.029854
34 0.818115 0.149604 0.090254 0.053447
34 0.701143 0.204443 0.045117 0.027070
34 0.523081 0.185356 0.044424 0.027764
34 0.599790 0.148906 0.092334 0.056230
34 0.430405 0.146826 0.086768 0.056230
34 0.938906 0.011802 0.076367 0.023604
34 0.679971 0.017012 0.045820 0.029844
34 0.397856 0.010220 0.076338 0.020439
33 0.790654 0.416963 0.065430 0.041680
33 0.807461 0.358701 0.058711 0.047949
33 0.790879 0.276240 0.068574 0.043477
35 0.266138 0.033877 0.092471 0.035488
35 0.460225 0.522588 0.037637 0.094629
35 0.352158 0.736025 0.038711 0.100000
34 0.597358 0.978306 0.090244 0.043389
34 0.492539 0.976567 0.094414 0.046865
34 0.681357 0.798677 0.090254 0.054834
5 0.515820 0.932275 0.024219 0.042871
34 0.649077 0.878159 0.093721 0.056924
34 0.579653 0.914614 0.049287 0.028447
34 0.510933 0.883022 0.092334 0.055537
34 0.415825 0.895171 0.096494 0.049287
34 0.277681 0.895864 0.096494 0.050674
