34 0.022247 0.071753 0.044495 0.038662
34 0.045320 0.679414 0.090640 0.035332
34 0.121204 0.348047 0.125269 0.043730
35 0.151827 0.545698 0.120960 0.027900
33 0.417525 0.908687 0.075556 0.031475
33 0.426902 0.950015 0.064108 0.032529
33 0.421557 0.863735 0.070791 0.030791
35 0.403485 0.670728 0.053603 0.070498
6 0.109335 0.171372 0.024562 0.012217
5 0.033022 0.869087 0.056347 0.024346
0 0.199672 0.344424 0.026279 0.027090
0 0.109478 0.242725 0.028721 0.028828
21 0.200530 0.378306 0.053855 0.035498
3 0.257517 0.592485 0.076549 0.043662
0 0.402525 0.573809 0.026667 0.029004
4 0.255758 0.470430 0.077205 0.041953
0 0.353603 0.947988 0.032896 0.014727
0 0.353889 0.864966 0.033468 0.013389
0 0.403098 0.616680 0.026869 0.027168
0 0.199352 0.304653 0.027020 0.027373
0 0.109916 0.198892 0.028215 0.028623
0 0.033855 0.545200 0.048956 0.015498
34 0.044857 0.243481 0.089714 0.040693
34 0.123569 0.868691 0.111044 0.042656
34 0.523434 0.908550 0.126734 0.041006
34 0.479554 0.572632 0.122643 0.042139
34 0.482912 0.619199 0.123401 0.042871
34 0.155446 0.521709 0.101296 0.021426
34 0.118636 0.305933 0.124209 0.038174
34 0.047601 0.198647 0.095202 0.040439
34 0.024840 0.028477 0.049680 0.037070
34 0.249949 0.771870 0.035152 0.044346
34 0.168485 0.687290 0.084882 0.022471
34 0.046111 0.517349 0.092222 0.042158
34 0.156608 0.591929 0.124226 0.041221
34 0.414074 0.724321 0.247071 0.037842
34 0.222492 0.260620 0.077744 0.020459
34 0.525909 0.952095 0.124141 0.041455
34 0.522912 0.863345 0.126263 0.041904
34 0.156566 0.470200 0.120337 0.041240
