34 0.047534 0.520283 0.095068 0.062227
34 0.143916 0.029150 0.033711 0.024902
34 0.192036 0.562544 0.205342 0.083486
34 0.086875 0.073237 0.028516 0.045635
34 0.904312 0.723125 0.110752 0.067734
34 0.676548 0.761299 0.029580 0.041680
34 0.735259 0.712896 0.034951 0.031826
34 0.921475 0.866392 0.117871 0.070811
34 0.557109 0.861016 0.115176 0.059160
34 0.220303 0.863911 0.119219 0.060459
34 0.312114 0.761738 0.030596 0.044395
34 0.369712 0.711343 0.035400 0.032393
34 0.538276 0.093721 0.045635 0.028516
34 0.410708 0.012764 0.088154 0.025527
34 0.683882 0.508091 0.122900 0.062744
34 0.752852 0.422275 0.182012 0.059121
34 0.541538 0.721475 0.118232 0.062227
34 0.033101 0.709810 0.037861 0.033701
34 0.317632 0.070903 0.030596 0.043037
34 0.294038 0.024761 0.035264 0.029580
34 0.775771 0.010430 0.085039 0.020859
34 0.206294 0.721221 0.113564 0.056523
34 0.524687 0.566689 0.200684 0.087637
5 0.334917 0.021260 0.036904 0.027676
5 0.330278 0.712700 0.040635 0.034170
5 0.696030 0.712222 0.043447 0.042432
34 0.694360 0.052495 0.026963 0.045635
5 0.106084 0.026333 0.036992 0.030439
34 0.368862 0.526245 0.120303 0.059639
