34 0.961997 0.414482 0.076006 0.062363
34 0.962969 0.490786 0.074063 0.059268
34 0.809927 0.490981 0.152998 0.058096
34 0.482808 0.629849 0.043389 0.028271
34 0.674937 0.557217 0.084443 0.051133
34 0.676484 0.615317 0.085996 0.054229
34 0.617603 0.721650 0.084443 0.050742
34 0.809346 0.991650 0.055781 0.016699
34 0.680356 0.953667 0.092959 0.049189
34 0.682295 0.895762 0.096836 0.051133
34 0.369507 0.860898 0.046865 0.027109
34 0.480288 0.786333 0.088701 0.049189
34 0.347041 0.769097 0.087148 0.050361
34 0.118892 0.217905 0.084053 0.058877
34 0.097202 0.313965 0.087158 0.046484
34 0.165376 0.332749 0.042217 0.028271
34 0.021582 0.313960 0.043164 0.047256
34 0.262578 0.413896 0.090215 0.053457
34 0.341426 0.438691 0.046484 0.029434
34 0.452793 0.402476 0.154551 0.077080
34 0.017993 0.644756 0.026338 0.053457
34 0.350332 0.685815 0.085215 0.051904
34 0.115410 0.655796 0.030605 0.054619
34 0.378608 0.010371 0.054229 0.020742
34 0.504502 0.048823 0.048809 0.029834
34 0.376074 0.093564 0.081699 0.050352
34 0.366992 0.155342 0.083672 0.050742
34 0.397012 0.216738 0.081738 0.050352
34 0.099507 0.101895 0.086416 0.050742
0 0.102388 0.349741 0.038896 0.020381
1 0.479141 0.823647 0.039336 0.025010
3 0.180244 0.101987 0.063535 0.059209
35 0.680649 0.493018 0.091396 0.044082
35 0.678501 0.414521 0.093545 0.041934
33 0.595840 0.277900 0.066621 0.046094
33 0.596421 0.335615 0.068564 0.044551
33 0.595537 0.556064 0.067285 0.046875
33 0.596372 0.613647 0.067627 0.048877
33 0.596641 0.899917 0.067227 0.044365
33 0.595967 0.952354 0.067676 0.042578
3 0.440200 0.149688 0.057119 0.040566
1 0.405225 0.771465 0.026738 0.037949
0 0.265786 0.458096 0.055830 0.033242
0 0.403818 0.683594 0.018828 0.037461
5 0.449922 0.090566 0.060605 0.026738
0 0.449355 0.219419 0.026309 0.041670
3 0.539434 0.721680 0.066992 0.051172
3 0.539600 0.159468 0.063770 0.053896
5 0.197871 0.213145 0.065586 0.027676
34 0.617412 0.156509 0.086387 0.049971
34 0.671836 0.281621 0.085215 0.050742
34 0.672998 0.335464 0.085215 0.049971
34 0.804888 0.413901 0.150674 0.058877
