33 0.026133 0.940776 0.052266 0.045146
34 0.290161 0.753931 0.078076 0.043682
34 0.373872 0.331318 0.059697 0.034687
34 0.410195 0.891147 0.050059 0.030791
33 0.211948 0.807686 0.063643 0.042031
34 0.209941 0.491494 0.049902 0.029961
34 0.242671 0.612798 0.104033 0.058369
34 0.457012 0.814409 0.105898 0.061064
33 0.212124 0.754741 0.065400 0.043799
34 0.958306 0.457759 0.048213 0.030244
34 0.339365 0.852344 0.051152 0.031563
34 0.155610 0.677983 0.029268 0.057275
34 0.813901 0.801782 0.112998 0.061084
34 0.288237 0.806440 0.079697 0.042510
34 0.279629 0.467432 0.105156 0.056016
34 0.042534 0.528965 0.060635 0.031270
34 0.042759 0.716021 0.059775 0.030166
6 0.091831 0.732432 0.028604 0.024629
0 0.989038 0.529355 0.021787 0.039551
21 0.985630 0.593096 0.028740 0.051934
0 0.280425 0.507808 0.040029 0.022998
0 0.392163 0.815811 0.023721 0.040059
3 0.904395 0.803589 0.072363 0.066143
3 0.159849 0.609814 0.070928 0.065293
6 0.143418 0.546245 0.028027 0.023643
6 0.117349 0.547314 0.031123 0.023242
21 0.331577 0.555400 0.042998 0.053672
6 0.392788 0.754570 0.024307 0.020645
6 0.118599 0.731924 0.027881 0.024238
6 0.091187 0.546777 0.028389 0.023301
6 0.143872 0.731362 0.027549 0.025029
