34 0.972324 0.930835 0.055352 0.055303
35 0.208696 0.742266 0.099619 0.039902
34 0.720107 0.564526 0.287461 0.058350
34 0.192661 0.693154 0.242041 0.058594
34 0.320703 0.471348 0.234121 0.055215
0 0.531699 0.826641 0.040566 0.062559
0 0.455786 0.826245 0.041064 0.063271
33 0.559800 0.901709 0.052686 0.036797
33 0.559609 0.962720 0.050742 0.036416
34 0.638301 0.905654 0.101309 0.054082
34 0.638770 0.963037 0.101074 0.052324
35 0.324004 0.517456 0.099707 0.037881
35 0.714429 0.610459 0.099131 0.037246
34 0.437275 0.975815 0.030879 0.048193
34 0.381714 0.826655 0.100244 0.053115
34 0.600425 0.825996 0.099932 0.054238
34 0.510254 0.626460 0.033789 0.048584
