34 0.463384 0.609922 0.230752 0.118047
34 0.282754 0.296216 0.037305 0.060186
35 0.990229 0.361211 0.019541 0.116211
34 0.978384 0.926348 0.043232 0.078691
35 0.775693 0.982114 0.055801 0.035771
35 0.408848 0.764717 0.130977 0.055938
35 0.411450 0.826948 0.131689 0.056553
34 0.237358 0.640454 0.037002 0.063604
34 0.236606 0.029951 0.039287 0.059902
34 0.583042 0.796289 0.211807 0.083242
34 0.043926 0.205044 0.087793 0.070146
34 0.171421 0.127500 0.121143 0.071836
34 0.161401 0.226128 0.119521 0.069072
34 0.773740 0.923682 0.165391 0.076348
34 0.170845 0.541167 0.122373 0.074014
34 0.240723 0.924521 0.036465 0.063203
34 0.944458 0.477661 0.111084 0.114150
34 0.889751 0.075229 0.120205 0.075088
0 0.260908 0.541768 0.038301 0.074102
6 0.261196 0.259556 0.029990 0.026045
0 0.261074 0.129639 0.038711 0.074238
5 0.160547 0.300044 0.061055 0.077021
17 0.259526 0.796582 0.119189 0.127168
6 0.260361 0.342363 0.029570 0.026660
6 0.221016 0.300278 0.025547 0.029189
