33 0.704355 0.965474 0.043145 0.043330
34 0.273232 0.886782 0.213691 0.065225
35 0.281924 0.939097 0.106035 0.046201
34 0.671045 0.250728 0.031309 0.048408
34 0.787217 0.258579 0.032188 0.050459
34 0.765195 0.844023 0.051953 0.032949
34 0.071616 0.472070 0.143232 0.059688
35 0.328271 0.445635 0.103750 0.045430
34 0.464463 0.919771 0.057891 0.032822
34 0.273418 0.137456 0.196797 0.061436
35 0.281660 0.054731 0.106445 0.045166
35 0.043472 0.527710 0.086943 0.045732
35 0.279453 0.188252 0.106582 0.046641
33 0.704492 0.156655 0.043301 0.042646
34 0.765337 0.990430 0.080166 0.019141
33 0.704731 0.086055 0.044463 0.043145
34 0.280923 0.017271 0.099756 0.034385
34 0.728003 0.670176 0.094072 0.057129
34 0.444897 0.401548 0.094404 0.055596
34 0.970879 0.237266 0.058242 0.092598
34 0.320586 0.393872 0.145098 0.057803
34 0.633403 0.317969 0.083623 0.051797
34 0.865615 0.551284 0.059570 0.031162
34 0.642476 0.966255 0.080518 0.044209
34 0.580181 0.822583 0.098311 0.057822
34 0.726074 0.560015 0.094844 0.052314
34 0.750093 0.317192 0.083623 0.049365
34 0.642505 0.156602 0.080752 0.045098
34 0.499028 0.496353 0.031377 0.049756
34 0.899014 0.684351 0.092969 0.057920
34 0.862051 0.344336 0.084043 0.049922
34 0.201235 0.451548 0.108760 0.057510
34 0.964697 0.343354 0.070605 0.049248
33 0.841460 0.121812 0.072217 0.043350
34 0.642275 0.087393 0.081113 0.044375
34 0.489551 0.170386 0.060293 0.030127
34 0.731519 0.738101 0.094131 0.056709
34 0.897446 0.398623 0.032314 0.047949
34 0.629673 0.505596 0.064072 0.029570
34 0.977021 0.831797 0.033125 0.062227
34 0.764687 0.121924 0.080547 0.043984
34 0.573931 0.400869 0.098271 0.056699
34 0.542329 0.038462 0.059990 0.030732
3 0.200889 0.512515 0.067188 0.065498
21 0.804883 0.445352 0.041875 0.053555
21 0.914907 0.459614 0.041689 0.052998
21 0.688955 0.458428 0.041387 0.053828
3 0.974072 0.690825 0.051855 0.066650
6 0.645576 0.761060 0.024551 0.022217
0 0.727466 0.598164 0.039541 0.021523
21 0.569297 0.341255 0.038965 0.051240
0 0.445269 0.445239 0.059834 0.032822
0 0.688618 0.317373 0.023154 0.040918
0 0.645669 0.821035 0.025010 0.040859
0 0.514385 0.399424 0.021602 0.038301
3 0.813159 0.669399 0.070693 0.067295
0 0.804634 0.317515 0.023389 0.041455
0 0.915332 0.343442 0.023906 0.040557
6 0.967002 0.777666 0.033223 0.029609
6 0.941357 0.777666 0.033945 0.029609
6 0.916792 0.777671 0.030342 0.026729
6 0.967720 0.567095 0.028896 0.026006
6 0.940996 0.567817 0.029609 0.020947
6 0.913906 0.567637 0.029609 0.019141
6 0.568652 0.325352 0.019219 0.018809
4 0.810879 0.736924 0.067441 0.067617
