34 0.740747 0.643625 0.028525 0.052300
4 0.091553 0.052548 0.036816 0.055693
3 0.204150 0.052926 0.039941 0.058974
3 0.186963 0.217644 0.050488 0.073393
34 0.940815 0.429684 0.029893 0.044374
34 0.770679 0.124611 0.027920 0.061398
34 0.746045 0.262424 0.060176 0.032266
34 0.534663 0.217610 0.052021 0.029583
34 0.921763 0.902959 0.092607 0.040282
34 0.866768 0.741026 0.085898 0.055738
34 0.982705 0.644938 0.034590 0.051905
34 0.835703 0.645372 0.088242 0.057328
4 0.090215 0.216685 0.051016 0.069448
34 0.745610 0.583202 0.059717 0.032920
34 0.718618 0.467384 0.084189 0.056167
34 0.718633 0.403083 0.084883 0.059267
34 0.538794 0.540592 0.051338 0.030609
34 0.357104 0.380806 0.045635 0.029436
34 0.346372 0.513089 0.087236 0.054611
34 0.344170 0.444143 0.091562 0.057711
34 0.180586 0.475710 0.086563 0.057328
34 0.088652 0.474938 0.093945 0.060428
34 0.089858 0.310468 0.090928 0.059267
34 0.204946 0.309690 0.092939 0.060034
34 0.343647 0.193912 0.087236 0.054611
34 0.343486 0.133292 0.091602 0.055784
34 0.358247 0.068799 0.046631 0.028286
34 0.204404 0.011623 0.071133 0.023247
34 0.184312 0.150130 0.092607 0.056223
34 0.087998 0.149329 0.092637 0.060034
34 0.008760 0.142937 0.017520 0.058884
34 0.089844 0.011640 0.069414 0.023281
1 0.284185 0.446246 0.023154 0.043991
1 0.283813 0.134865 0.019424 0.042266
4 0.091025 0.541804 0.054824 0.072153
3 0.274629 0.193692 0.054941 0.049369
3 0.274077 0.517114 0.053838 0.050643
33 0.643057 0.467148 0.065605 0.054228
33 0.642666 0.403512 0.064063 0.056020
3 0.187456 0.543698 0.053838 0.078489
0 0.836699 0.686742 0.036777 0.023811
0 0.922900 0.740654 0.020859 0.043247
3 0.205605 0.366477 0.044961 0.050631
35 0.922813 0.832762 0.036328 0.107531
4 0.090967 0.366172 0.040332 0.052548
