34 0.852686 0.852700 0.196211 0.132142
13 0.599932 0.343856 0.060117 0.089425
34 0.257759 0.115812 0.118896 0.083168
34 0.538418 0.115676 0.121016 0.083123
34 0.407114 0.245507 0.118643 0.083484
34 0.461831 0.019814 0.141025 0.039628
34 0.600889 0.258027 0.121113 0.079256
1 0.622856 0.117035 0.038799 0.084397
1 0.341338 0.117244 0.038320 0.084521
34 0.469639 0.583788 0.065371 0.044645
34 0.833584 0.471640 0.038691 0.065761
34 0.043389 0.435806 0.038750 0.069448
35 0.855703 0.723309 0.053828 0.134307
34 0.768462 0.313484 0.064229 0.045502
34 0.314238 0.470378 0.038164 0.072841
33 0.484736 0.294713 0.049375 0.089808
