34 0.560029 0.029002 0.044707 0.040868
34 0.558018 0.253585 0.042090 0.030552
34 0.654229 0.357368 0.096211 0.072886
34 0.057119 0.462886 0.043301 0.036798
34 0.124771 0.428867 0.092002 0.060395
0 0.589722 0.110445 0.030303 0.060552
0 0.587974 0.349273 0.033799 0.064589
34 0.252549 0.300440 0.048105 0.029853
34 0.052007 0.297317 0.046299 0.036099
34 0.126870 0.265383 0.097412 0.066640
34 0.333428 0.225817 0.079980 0.054138
0 0.125273 0.483427 0.064102 0.039233
3 0.334448 0.301392 0.071045 0.091691
21 0.588091 0.206471 0.062490 0.076979
0 0.127090 0.317649 0.067461 0.039019
21 0.589097 0.443439 0.061650 0.071545
34 0.654565 0.106962 0.094072 0.067745
