35 0.882500 0.979092 0.082051 0.038477
34 0.140430 0.623491 0.102852 0.054131
34 0.625942 0.941289 0.102627 0.050996
34 0.662695 0.635391 0.103809 0.054688
34 0.393662 0.589751 0.172090 0.127100
34 0.300132 0.685498 0.099365 0.050879
34 0.303789 0.841948 0.058145 0.033213
34 0.468804 0.820776 0.103857 0.051299
0 0.219287 0.732329 0.048633 0.038193
34 0.496421 0.533965 0.033682 0.060879
13 0.579404 0.640513 0.072207 0.108955
13 0.057588 0.642012 0.070352 0.105508
17 0.393843 0.725630 0.100928 0.100928
0 0.626699 0.982578 0.055117 0.032090
2 0.303828 0.731211 0.052187 0.041289
0 0.467793 0.862471 0.055273 0.031270
34 0.190229 0.687197 0.102197 0.051211
