34 0.323805 0.346636 0.113098 0.049971
34 0.146726 0.786929 0.087559 0.069912
34 0.134487 0.694790 0.085909 0.067842
34 0.348148 0.597905 0.114747 0.048779
34 0.447761 0.433218 0.043199 0.039932
34 0.081692 0.006772 0.106448 0.013545
34 0.755766 0.855762 0.111768 0.048262
34 0.281305 0.928032 0.112172 0.048389
34 0.558443 0.891919 0.111330 0.049893
34 0.067348 0.856724 0.117593 0.050244
34 0.356448 0.841431 0.115455 0.047529
18 0.539705 0.617227 0.098973 0.026895
0 0.430934 0.594346 0.034057 0.036758
0 0.682391 0.856978 0.029630 0.034717
0 0.081742 0.022642 0.061835 0.019092
0 0.472315 0.888179 0.059377 0.057393
6 0.429512 0.542485 0.040774 0.031182
3 0.453241 0.344736 0.130286 0.067871
21 0.683157 0.902251 0.055909 0.035420
0 0.207374 0.522671 0.033030 0.036982
0 0.637205 0.790874 0.062997 0.019814
0 0.206995 0.789014 0.033653 0.036738
0 0.357222 0.927402 0.035320 0.036133
33 0.208923 0.698931 0.075993 0.051611
33 0.357652 0.886421 0.069781 0.039932
34 0.660471 0.681958 0.180101 0.088955
34 0.130539 0.787378 0.051919 0.072373
34 0.149680 0.523545 0.089865 0.072734
