33 0.715098 0.752954 0.043066 0.054170
34 0.787891 0.391167 0.024023 0.050459
34 0.532363 0.380713 0.024590 0.048105
33 0.726450 0.942153 0.040439 0.054561
34 0.409824 0.600483 0.028867 0.043135
34 0.620210 0.578911 0.082393 0.046396
34 0.640454 0.907607 0.075342 0.047227
34 0.954858 0.420791 0.042979 0.027402
34 0.732476 0.805498 0.041514 0.025938
34 0.803379 0.197285 0.092383 0.076563
34 0.310767 0.750850 0.084463 0.046563
34 0.732090 0.989756 0.042207 0.020039
34 0.867544 0.586938 0.086201 0.046143
34 0.477729 0.687285 0.081357 0.047930
34 0.715942 0.702178 0.073408 0.047656
34 0.771841 0.954888 0.048428 0.025420
34 0.640283 0.719917 0.076152 0.044814
34 0.725947 0.891055 0.083789 0.046445
34 0.302119 0.683945 0.083301 0.047383
34 0.443970 0.496807 0.045732 0.029297
34 0.614531 0.640396 0.043418 0.026592
34 0.549438 0.197759 0.094795 0.077646
34 0.312158 0.618203 0.083477 0.047383
34 0.757358 0.768604 0.048252 0.023594
34 0.859580 0.925864 0.027891 0.044189
34 0.856772 0.532700 0.086768 0.046299
34 0.868906 0.477329 0.087617 0.047197
13 0.649526 0.760024 0.046475 0.026748
6 0.577075 0.970864 0.025947 0.020928
6 0.551973 0.427427 0.030547 0.023018
0 0.422871 0.685669 0.031387 0.047705
0 0.368052 0.748022 0.028877 0.047705
0 0.366792 0.617671 0.026357 0.045615
6 0.796548 0.722080 0.034775 0.022188
0 0.980908 0.533975 0.030137 0.047285
0 0.925039 0.585239 0.027207 0.048545
0 0.925459 0.476641 0.028047 0.048125
0 0.677515 0.578125 0.030967 0.046035
6 0.794873 0.655332 0.029746 0.019258
6 0.812446 0.926924 0.029756 0.020918
14 0.924175 0.530098 0.055225 0.046191
14 0.367949 0.681201 0.051211 0.047188
6 0.842793 0.822095 0.029336 0.020498
6 0.687324 0.785269 0.026406 0.021338
6 0.602812 0.788618 0.023848 0.020498
6 0.578335 0.786943 0.025107 0.020508
6 0.815166 0.859756 0.022637 0.019668
6 0.725552 0.571787 0.013760 0.013125
6 0.685649 0.971909 0.023057 0.020498
6 0.604282 0.972539 0.025107 0.021758
21 0.728389 0.581304 0.039160 0.044170
13 0.649307 0.946958 0.043770 0.029990
