0 0.301987 0.814883 0.019053 0.030430
34 0.588452 0.352119 0.032197 0.047344
34 0.654873 0.460293 0.032188 0.047559
34 0.386631 0.063779 0.103828 0.054766
34 0.725112 0.781006 0.105986 0.055273
34 0.726943 0.703931 0.104609 0.055576
33 0.427729 0.643896 0.055166 0.038359
34 0.343311 0.564082 0.104766 0.056191
34 0.725562 0.630215 0.107080 0.055039
34 0.368848 0.727573 0.154473 0.054736
34 0.932544 0.501592 0.134912 0.130879
0 0.609263 0.497329 0.039619 0.060029
35 0.263398 0.726299 0.043008 0.080645
33 0.641763 0.627764 0.059092 0.038398
33 0.426685 0.561973 0.056846 0.037422
34 0.341240 0.484741 0.106621 0.056221
34 0.346577 0.643911 0.107061 0.055303
34 0.589839 0.854507 0.031553 0.046572
33 0.426567 0.484697 0.056904 0.039609
34 0.379150 0.285879 0.103730 0.054941
33 0.642793 0.702041 0.060273 0.037187
34 0.917729 0.236748 0.164365 0.049512
34 0.437817 0.817671 0.030752 0.046123
33 0.642109 0.779209 0.059121 0.037832
34 0.357354 0.968716 0.104336 0.053193
34 0.984663 0.150273 0.030264 0.032891
34 0.364517 0.871304 0.105615 0.055264
34 0.363721 0.815400 0.102773 0.053086
34 0.537358 0.495923 0.102588 0.055107
5 0.456685 0.284883 0.056631 0.034688
21 0.302920 0.906616 0.028691 0.032412
0 0.457051 0.066621 0.040059 0.062187
0 0.302056 0.870552 0.018975 0.031064
3 0.274102 0.968433 0.055859 0.048389
