1 0.109106 0.137339 0.029111 0.050049
34 0.361875 0.005278 0.070820 0.010557
34 0.034697 0.005537 0.069277 0.011055
34 0.672578 0.991533 0.045293 0.016934
1 0.500967 0.658491 0.056680 0.032158
34 0.522510 0.004531 0.076699 0.009062
1 0.242705 0.718623 0.029004 0.050430
34 0.497969 0.742769 0.079434 0.049561
34 0.372861 0.462300 0.045937 0.027998
1 0.436016 0.137983 0.031484 0.051748
34 0.030063 0.303716 0.045439 0.027354
0 0.384111 0.657642 0.048984 0.028330
34 0.382886 0.619121 0.080752 0.048105
13 0.032778 0.036001 0.036201 0.048154
34 0.254917 0.014292 0.028232 0.028584
1 0.500410 0.782378 0.057305 0.033896
34 0.050894 0.974375 0.077197 0.050938
34 0.513008 0.440190 0.077168 0.048311
34 0.092954 0.014453 0.027100 0.028867
3 0.229746 0.600376 0.056387 0.049619
34 0.590332 0.348394 0.102148 0.027959
34 0.193164 0.719702 0.070566 0.051006
35 0.243823 0.425747 0.034834 0.077021
34 0.607222 0.463750 0.044854 0.027070
34 0.420186 0.014834 0.029316 0.029453
33 0.381689 0.885605 0.032715 0.044160
34 0.192134 0.006440 0.071631 0.012881
34 0.606514 0.764268 0.043652 0.027988
34 0.371821 0.763608 0.043428 0.027393
1 0.270981 0.137559 0.030439 0.050156
34 0.160269 0.603438 0.072881 0.050410
34 0.380908 0.135449 0.076797 0.050703
34 0.530522 0.900737 0.082139 0.073408
1 0.514175 0.480410 0.054873 0.034844
34 0.242124 0.360444 0.118975 0.053779
34 0.302046 0.642822 0.043115 0.027539
34 0.600938 0.639062 0.042715 0.028008
13 0.359287 0.035908 0.035801 0.046836
15 0.243018 0.531191 0.056992 0.055918
11 0.449468 0.906460 0.069893 0.068818
34 0.380732 0.837754 0.074082 0.051523
34 0.215557 0.135620 0.078164 0.050791
34 0.175957 0.532866 0.070820 0.050342
34 0.037715 0.779668 0.055859 0.028418
34 0.280830 0.891973 0.051816 0.027656
34 0.497959 0.619541 0.080996 0.049590
21 0.590781 0.315400 0.040039 0.043125
34 0.054097 0.135591 0.078760 0.050811
