34 0.805620 0.484292 0.085361 0.055889
34 0.734683 0.953232 0.030811 0.046543
33 0.302520 0.637793 0.045527 0.058691
34 0.167900 0.318823 0.029766 0.050713
34 0.881704 0.547173 0.045381 0.027783
4 0.946763 0.546162 0.070283 0.067266
0 0.566064 0.453530 0.023438 0.040322
0 0.566548 0.507295 0.023096 0.044082
21 0.523574 0.474375 0.037148 0.045176
6 0.524204 0.460317 0.013779 0.012139
3 0.796563 0.369053 0.061250 0.072285
3 0.807104 0.542749 0.060244 0.070283
3 0.873374 0.649678 0.060244 0.073301
34 0.041904 0.762197 0.083809 0.056738
34 0.622104 0.508120 0.085146 0.056572
34 0.621597 0.448794 0.083037 0.054561
34 0.949585 0.486372 0.084893 0.055283
34 0.041050 0.579575 0.082100 0.057979
34 0.168037 0.729331 0.029180 0.049248
34 0.800273 0.308091 0.094297 0.057842
34 0.872070 0.594746 0.092168 0.053340
34 0.464224 0.298960 0.093271 0.055830
33 0.463057 0.355918 0.043242 0.058145
34 0.301577 0.580596 0.094912 0.055957
33 0.034717 0.636865 0.044199 0.059043
