3 0.852852 0.640386 0.055391 0.050537
34 0.790957 0.641401 0.071426 0.047900
34 0.121226 0.639526 0.070557 0.045498
34 0.325137 0.642632 0.071387 0.047432
0 0.066191 0.642134 0.031484 0.051396
0 0.169575 0.643018 0.028389 0.048945
0 0.631245 0.642798 0.028564 0.046982
0 0.528213 0.642041 0.029922 0.050977
34 0.683413 0.692368 0.043389 0.026162
34 0.219844 0.691768 0.044551 0.026992
0 0.291816 0.993877 0.027539 0.012246
34 0.440259 0.856069 0.042666 0.026514
34 0.784917 0.512866 0.046963 0.027393
34 0.237954 0.992168 0.077451 0.015664
34 0.900635 0.857334 0.043086 0.026777
34 0.950654 0.218154 0.053789 0.026152
34 0.950620 0.313311 0.044873 0.027383
11 0.964097 0.873481 0.071494 0.074131
11 0.500811 0.873374 0.070059 0.072510
34 0.279766 0.909619 0.045781 0.028984
11 0.036621 0.872617 0.071699 0.074785
0 0.732192 0.642349 0.027041 0.048037
34 0.946709 0.639609 0.070645 0.047891
34 0.322808 0.778018 0.071396 0.046582
34 0.118174 0.868633 0.082383 0.076719
3 0.390771 0.640688 0.057129 0.050732
34 0.582666 0.869673 0.082500 0.075537
34 0.478105 0.639395 0.069199 0.046250
0 0.134614 0.970054 0.026982 0.047686
3 0.852153 0.777549 0.058389 0.049863
34 0.582637 0.641387 0.071504 0.044648
3 0.390835 0.777603 0.058037 0.050557
0 0.271284 0.642354 0.026279 0.048242
34 0.782886 0.774619 0.070869 0.047578
34 0.222983 0.640049 0.070225 0.046895
34 0.082358 0.966890 0.077217 0.049990
34 0.685435 0.641504 0.069541 0.044297
34 0.025200 0.636338 0.050342 0.045820
