34 0.657417 0.020671 0.024854 0.041342
34 0.670615 0.183861 0.104043 0.082469
34 0.735449 0.042909 0.069102 0.049741
34 0.764180 0.108794 0.027949 0.047959
34 0.803774 0.271257 0.111807 0.077982
34 0.821826 0.109245 0.023672 0.039887
34 0.879282 0.042683 0.071045 0.050192
34 0.929946 0.020671 0.026396 0.041342
34 0.941782 0.186550 0.104424 0.092334
21 0.268496 0.079538 0.039121 0.052694
0 0.778623 0.042728 0.018223 0.042548
35 0.779375 0.193517 0.036328 0.082796
35 0.834331 0.192441 0.034463 0.080643
0 0.834502 0.042723 0.019434 0.041139
35 0.943770 0.099972 0.040977 0.080643
35 0.673662 0.099431 0.033535 0.083867
