17 0.799292 0.603232 0.085850 0.090488
34 0.974434 0.828784 0.051094 0.061475
34 0.950522 0.964634 0.098955 0.070732
34 0.774980 0.228833 0.040723 0.081240
34 0.313594 0.232866 0.042324 0.078135
34 0.981006 0.344023 0.037988 0.068633
34 0.547925 0.230225 0.041436 0.080879
34 0.711279 0.023564 0.111895 0.047129
34 0.236865 0.555200 0.124668 0.103408
34 0.489702 0.679229 0.108857 0.061992
34 0.460137 0.108584 0.085527 0.041133
34 0.505039 0.875518 0.110332 0.066758
33 0.613433 0.014819 0.076240 0.029639
34 0.166396 0.749214 0.110488 0.063955
34 0.952690 0.523774 0.094619 0.064697
34 0.271685 0.874263 0.110869 0.064229
34 0.475508 0.466543 0.109785 0.059727
34 0.472051 0.555762 0.125254 0.103262
34 0.698735 0.555566 0.124600 0.101719
34 0.457568 0.779785 0.109531 0.061875
34 0.269990 0.125264 0.111855 0.061621
34 0.729424 0.313569 0.111172 0.063232
34 0.731299 0.874365 0.111172 0.064102
34 0.700718 0.471294 0.110264 0.064795
34 0.691157 0.780625 0.108271 0.063770
34 0.239839 0.469575 0.111709 0.064248
34 0.137095 0.657871 0.109365 0.063320
34 0.917627 0.752358 0.111387 0.062236
34 0.952554 0.651943 0.094893 0.063496
34 0.716528 0.682251 0.109521 0.063467
34 0.271094 0.314839 0.110078 0.061787
34 0.502769 0.313628 0.110361 0.062607
0 0.648271 0.679546 0.025527 0.045752
0 0.016909 0.642427 0.033076 0.057490
0 0.573105 0.314434 0.029941 0.056719
0 0.622720 0.778843 0.026650 0.044424
0 0.892515 0.651045 0.024854 0.043438
0 0.339785 0.314600 0.032031 0.057402
0 0.308501 0.470396 0.025576 0.044697
21 0.891943 0.698198 0.030781 0.035459
0 0.273477 0.169473 0.046328 0.025273
21 0.218135 0.200239 0.030820 0.035596
17 0.576553 0.601499 0.092812 0.089326
13 0.516812 0.941406 0.054521 0.061484
21 0.236064 0.987231 0.040605 0.025537
21 0.466343 0.988394 0.039443 0.023213
21 0.690239 0.987231 0.039443 0.025537
6 0.096274 0.707061 0.030166 0.026680
17 0.031895 0.802192 0.063789 0.098604
21 0.649092 0.726689 0.031719 0.035898
6 0.069375 0.620420 0.020215 0.021699
6 0.767222 0.428506 0.020850 0.020430
21 0.849155 0.798032 0.031416 0.036436
21 0.969556 0.464243 0.032178 0.037979
21 0.623477 0.825947 0.028789 0.034199
6 0.541025 0.428579 0.021406 0.020654
21 0.389844 0.826338 0.030352 0.034805
13 0.284482 0.941377 0.051426 0.068340
6 0.308604 0.429014 0.023770 0.021582
21 0.422783 0.725259 0.030703 0.036338
13 0.743828 0.940928 0.052285 0.068672
17 0.340474 0.601494 0.089326 0.093965
0 0.069727 0.662002 0.025527 0.043770
0 0.389731 0.779131 0.024248 0.043848
0 0.849600 0.749761 0.026191 0.042764
0 0.096030 0.749907 0.025596 0.044893
0 0.799590 0.314590 0.031172 0.056934
0 0.422393 0.677861 0.024609 0.043867
0 0.541318 0.470029 0.024590 0.043926
0 0.767378 0.470039 0.025850 0.045352
