34 0.418535 0.842515 0.168691 0.059072
34 0.419229 0.927905 0.165918 0.056299
33 0.559146 0.923662 0.095693 0.062363
33 0.557534 0.844629 0.096768 0.063438
33 0.652158 0.611836 0.141934 0.060215
33 0.652158 0.530654 0.144082 0.059141
33 0.624736 0.451621 0.093555 0.064512
33 0.625815 0.377427 0.091396 0.062373
33 0.624736 0.305386 0.095703 0.053760
34 0.483096 0.315654 0.168691 0.061777
34 0.483442 0.619717 0.166611 0.059004
0 0.727832 0.760469 0.038477 0.081582
34 0.483789 0.384731 0.174238 0.058311
34 0.484136 0.457622 0.173545 0.056924
34 0.486567 0.538491 0.163135 0.053447
5 0.730161 0.661484 0.082197 0.044277
34 0.702808 0.301426 0.037490 0.054141
34 0.624014 0.760947 0.170078 0.055605
