34 0.144448 0.127486 0.174639 0.063698
6 0.538765 0.042255 0.014990 0.017317
21 0.464233 0.180389 0.035635 0.044746
0 0.464487 0.112272 0.021396 0.041725
34 0.899570 0.444053 0.068086 0.039786
34 0.571719 0.054267 0.073672 0.066663
34 0.390195 0.114324 0.113691 0.072954
34 0.773105 0.445017 0.073125 0.047373
33 0.840786 0.403856 0.072236 0.073393
35 0.142866 0.049295 0.045596 0.098005
34 0.569209 0.007244 0.032012 0.014487
34 0.285083 0.333050 0.101318 0.043574
34 0.655913 0.332988 0.102295 0.043743
