0 0.707573 0.776611 0.019424 0.030820
34 0.359014 0.885854 0.040176 0.025771
34 0.779331 0.776216 0.116162 0.057588
5 0.099673 0.821538 0.042432 0.034131
6 0.664351 0.761006 0.014541 0.013437
0 0.984214 0.393691 0.019229 0.032598
34 0.495669 0.318843 0.042607 0.031377
34 0.691450 0.846187 0.028799 0.042178
34 0.916523 0.397476 0.120469 0.056162
21 0.984805 0.436016 0.026992 0.033027
21 0.665532 0.771577 0.031143 0.035752
34 0.041670 0.519897 0.083340 0.073115
34 0.038979 0.609683 0.077959 0.054834
34 0.023389 0.716670 0.046777 0.058066
34 0.041670 0.781187 0.083340 0.051611
34 0.085332 0.866440 0.028457 0.039170
34 0.140405 0.820742 0.034814 0.029453
