0 0.340630 0.476392 0.021592 0.037217
35 0.672544 0.392241 0.044385 0.099404
34 0.129116 0.524893 0.030381 0.041309
35 0.146787 0.392476 0.043086 0.097744
35 0.532559 0.393081 0.045078 0.098506
34 0.528154 0.299053 0.181055 0.088926
35 0.016206 0.392173 0.032412 0.100303
34 0.731553 0.474355 0.092207 0.046641
34 0.588491 0.474438 0.088232 0.046396
35 0.342310 0.393267 0.045596 0.099385
34 0.335386 0.299268 0.180186 0.088320
34 0.951816 0.922651 0.053438 0.032178
34 0.065586 0.474824 0.091035 0.045859
34 0.202261 0.474673 0.087666 0.046162
34 0.783149 0.601411 0.113896 0.055830
34 0.067920 0.294033 0.135840 0.088086
34 0.397632 0.474390 0.087393 0.046670
34 0.515454 0.521484 0.031162 0.047832
34 0.957095 0.634521 0.085811 0.139238
34 0.321602 0.600000 0.030996 0.049004
34 0.598696 0.038037 0.034248 0.052090
34 0.684380 0.810850 0.032197 0.045820
34 0.323462 0.521479 0.030361 0.048311
0 0.145518 0.475981 0.022129 0.037510
6 0.917417 0.452749 0.031455 0.029717
0 0.009668 0.476592 0.019258 0.036484
0 0.532295 0.476230 0.021055 0.036523
0 0.671616 0.476553 0.021670 0.037363
0 0.782007 0.644707 0.046709 0.026758
