21 0.372788 0.450767 0.029287 0.048365
34 0.887808 0.535282 0.083975 0.055344
34 0.586514 0.085113 0.029473 0.062943
21 0.650142 0.109357 0.032549 0.040789
34 0.319424 0.394526 0.084707 0.058275
0 0.372900 0.394729 0.021855 0.040643
3 0.977983 0.565716 0.044033 0.074859
0 0.786421 0.097125 0.034873 0.068478
0 0.101782 0.257903 0.032861 0.066652
6 0.084028 0.583320 0.026768 0.025536
34 0.658657 0.321167 0.058701 0.035682
0 0.266592 0.100908 0.031230 0.066167
6 0.448281 0.344436 0.027637 0.023980
0 0.963955 0.439329 0.058359 0.038275
21 0.992378 0.034374 0.015244 0.037632
34 0.316094 0.013157 0.074512 0.026313
34 0.838521 0.013692 0.080107 0.027384
13 0.689961 0.046201 0.045645 0.082796
13 0.165112 0.044053 0.054014 0.084949
21 0.121802 0.109109 0.032607 0.040857
0 0.889326 0.582255 0.057070 0.037790
21 0.896094 0.036381 0.029316 0.036708
34 0.536343 0.013405 0.084678 0.026809
34 0.044731 0.013816 0.085850 0.027632
21 0.376870 0.036342 0.030674 0.036561
21 0.477734 0.036037 0.030117 0.037644
34 0.960923 0.392074 0.078154 0.056009
0 0.605972 0.258129 0.033721 0.068027
34 0.081440 0.085011 0.031104 0.064453
0 0.737554 0.256054 0.033955 0.068771
0 0.019229 0.634092 0.020313 0.042593
0 0.222451 0.257948 0.031895 0.067396
34 0.970576 0.501973 0.058848 0.056979
33 0.785029 0.544464 0.043262 0.071297
34 0.862661 0.096364 0.111318 0.058523
34 0.782983 0.481105 0.073408 0.052311
34 0.562583 0.560614 0.060420 0.036697
21 0.018130 0.690068 0.031338 0.046223
34 0.044136 0.255158 0.082451 0.057937
34 0.547100 0.254549 0.083633 0.058230
34 0.280200 0.256685 0.083232 0.057587
34 0.335645 0.098095 0.108887 0.058083
34 0.797959 0.257604 0.083594 0.059245
