18 0.814048 0.764692 0.021318 0.053076
34 0.640918 0.967646 0.379102 0.064570
34 0.577427 0.618286 0.347314 0.019346
18 0.815327 0.628687 0.028525 0.056084
33 0.957563 0.887085 0.040986 0.039873
34 0.472686 0.377163 0.038164 0.025732
34 0.838589 0.516514 0.031162 0.019844
34 0.452832 0.516006 0.023828 0.017715
34 0.955073 0.110581 0.089502 0.023115
34 0.645205 0.358667 0.322402 0.066064
33 0.952969 0.550513 0.039824 0.047412
34 0.888604 0.224731 0.065762 0.046475
34 0.948091 0.719722 0.103818 0.023037
34 0.142036 0.576958 0.243389 0.042061
34 0.083560 0.689653 0.151904 0.076240
33 0.935640 0.256890 0.039150 0.040088
34 0.977329 0.988413 0.045342 0.022900
34 0.988101 0.614287 0.023311 0.022969
34 0.958970 0.392495 0.065811 0.048896
34 0.991992 0.893667 0.016016 0.050420
34 0.952056 0.504004 0.064346 0.046055
34 0.506709 0.292148 0.045645 0.025879
35 0.084272 0.764150 0.034756 0.076230
34 0.909844 0.170303 0.064707 0.049590
34 0.909390 0.799956 0.064775 0.050186
34 0.235850 0.445522 0.068613 0.048057
34 0.647905 0.753657 0.035146 0.021475
34 0.583594 0.904365 0.038223 0.024102
33 0.237822 0.497852 0.040859 0.056484
34 0.910615 0.592744 0.062598 0.046914
34 0.979390 0.259331 0.041221 0.050225
34 0.602974 0.110337 0.036787 0.021123
34 0.895010 0.855415 0.065723 0.048721
18 0.911670 0.432568 0.054199 0.023691
18 0.354766 0.460757 0.052227 0.020303
0 0.995937 0.391143 0.008125 0.034707
0 0.887412 0.255962 0.038105 0.017900
15 0.846787 0.173857 0.057832 0.055352
15 0.847119 0.805557 0.057207 0.055215
0 0.893867 0.888252 0.036641 0.019180
0 0.953101 0.592466 0.019990 0.035479
