0 0.032070 0.413359 0.035605 0.063652
21 0.872954 0.203931 0.036826 0.041045
6 0.635142 0.604053 0.017979 0.016699
34 0.180596 0.609687 0.091504 0.062363
34 0.675762 0.612910 0.092578 0.060215
6 0.599443 0.215112 0.017832 0.018311
0 0.116689 0.095698 0.020859 0.036162
3 0.452539 0.025996 0.073359 0.051797
6 0.888838 0.842925 0.019082 0.018154
6 0.143091 0.598921 0.017256 0.015615
21 0.391235 0.202544 0.034951 0.040830
21 0.117471 0.155103 0.034844 0.038994
0 0.203560 0.479146 0.061553 0.035498
0 0.418525 0.986611 0.021426 0.026230
34 0.005366 0.530952 0.010732 0.055732
34 0.665127 0.563340 0.028262 0.025703
34 0.174873 0.558633 0.027656 0.028594
34 0.869775 0.793423 0.040195 0.027549
34 0.618218 0.316680 0.131084 0.065762
34 0.984399 0.022065 0.031182 0.044131
34 0.057783 0.054165 0.029395 0.027529
34 0.510112 0.777886 0.042275 0.029814
34 0.543462 0.572412 0.029795 0.044727
33 0.976768 0.136045 0.046465 0.047676
34 0.215151 0.020059 0.144893 0.040117
33 0.809487 0.949502 0.081279 0.046934
33 0.512046 0.135918 0.078545 0.047930
34 0.545879 0.025972 0.113047 0.051924
34 0.204160 0.431475 0.114766 0.060918
34 0.316895 0.144468 0.113281 0.063232
34 0.344111 0.980239 0.113535 0.039521
34 0.644033 0.797900 0.126738 0.072109
34 0.798257 0.147358 0.112900 0.062744
34 0.187021 0.095249 0.112559 0.062959
34 0.606333 0.129800 0.111006 0.061553
34 0.350752 0.888853 0.112168 0.063662
33 0.451880 0.888247 0.084658 0.049463
34 0.707231 0.953394 0.113740 0.063252
6 0.561133 0.526899 0.028906 0.030889
6 0.528081 0.826392 0.016865 0.016865
6 0.327954 0.470776 0.014150 0.015869
6 0.029980 0.091821 0.019570 0.017490
0 0.872769 0.145923 0.021182 0.035381
0 0.390532 0.143604 0.021084 0.037695
3 0.933198 0.023691 0.073975 0.047207
0 0.031743 0.531211 0.035537 0.061836
