33 0.199468 0.270439 0.083877 0.059141
0 0.153618 0.430195 0.024678 0.050801
17 0.035103 0.959600 0.067998 0.080801
34 0.324297 0.367969 0.155996 0.042598
34 0.319497 0.268076 0.152393 0.040801
34 0.326694 0.490967 0.136787 0.061797
34 0.077700 0.429170 0.124795 0.058203
34 0.195000 0.591162 0.047402 0.036602
34 0.301494 0.577368 0.032402 0.049795
34 0.303291 0.720459 0.142793 0.055195
34 0.134404 0.771763 0.034199 0.052197
34 0.347393 0.955957 0.138594 0.064199
34 0.163198 0.056885 0.162588 0.090000
13 0.242637 0.526333 0.049492 0.067451
35 0.154849 0.182266 0.048389 0.145156
21 0.324243 0.650967 0.051240 0.057637
33 0.214521 0.943555 0.077422 0.076348
33 0.194634 0.718286 0.072041 0.073115
33 0.197856 0.369365 0.082803 0.061289
