34 0.601987 0.254189 0.116807 0.041230
34 0.553706 0.588940 0.021729 0.033721
34 0.673789 0.916396 0.019941 0.036621
34 0.503555 0.965259 0.118437 0.069482
34 0.788940 0.587769 0.021045 0.033838
34 0.740269 0.906953 0.020244 0.033047
34 0.745483 0.735308 0.021338 0.034561
34 0.637949 0.741948 0.077813 0.041982
34 0.273813 0.254390 0.116455 0.041006
34 0.313252 0.937285 0.019883 0.035234
34 0.960786 0.967148 0.078428 0.065254
34 0.438481 0.737451 0.034111 0.021426
33 0.639668 0.791587 0.037832 0.056279
34 0.287554 0.886411 0.017412 0.032588
34 0.708413 0.918091 0.020088 0.034561
34 0.634097 0.972969 0.121162 0.054063
34 0.313047 0.883560 0.019395 0.032588
34 0.536631 0.885205 0.020801 0.032266
34 0.310464 0.588848 0.021436 0.033828
34 0.233472 0.967422 0.127295 0.065156
25 0.274351 0.252310 0.316709 0.214619
25 0.610776 0.252305 0.307432 0.216934
0 0.253198 0.914199 0.054268 0.030215
6 0.720435 0.977363 0.017139 0.018809
6 0.325820 0.976479 0.019355 0.021377
0 0.496289 0.915044 0.043633 0.027412
0 0.961279 0.914556 0.054746 0.035107
