34 0.446172 0.747925 0.075625 0.042119
35 0.499614 0.885083 0.042920 0.095869
34 0.900635 0.765298 0.104941 0.061221
34 0.579277 0.063691 0.050313 0.029199
34 0.477061 0.219253 0.078105 0.045186
0 0.529307 0.220020 0.020645 0.033398
0 0.497832 0.748008 0.019785 0.034531
21 0.529697 0.287271 0.051875 0.060166
3 0.805044 0.882866 0.072100 0.065830
34 0.498027 0.958169 0.148848 0.055830
6 0.789277 0.455811 0.029082 0.029883
34 0.513926 0.013774 0.109316 0.027549
1 0.497266 0.799956 0.026895 0.038604
1 0.801362 0.760771 0.066670 0.060820
6 0.643203 0.425161 0.025742 0.021201
34 0.646152 0.682368 0.051875 0.032119
34 0.900166 0.884683 0.104141 0.062725
34 0.644585 0.891392 0.032393 0.049346
34 0.981982 0.928838 0.035566 0.046035
34 0.310503 0.629570 0.050186 0.032676
34 0.724653 0.814136 0.051357 0.032197
34 0.722095 0.767847 0.047451 0.031084
34 0.445322 0.798936 0.077480 0.045586
34 0.771279 0.513291 0.030078 0.064531
