0 0.976787 0.878521 0.020410 0.035791
0 0.866899 0.466177 0.040596 0.022041
0 0.940283 0.928462 0.020234 0.033936
0 0.563096 0.466426 0.039922 0.022148
6 0.544048 0.903462 0.026904 0.025732
6 0.028257 0.240889 0.024561 0.019883
0 0.906572 0.361006 0.041699 0.022793
34 0.963418 0.954790 0.024961 0.037119
34 0.390381 0.205278 0.022852 0.035674
34 0.509961 0.185396 0.062051 0.039580
34 0.854629 0.112183 0.034941 0.021553
34 0.925337 0.862290 0.024248 0.037295
34 0.868120 0.437002 0.068135 0.039531
34 0.588159 0.315210 0.025010 0.041963
34 0.989434 0.198389 0.020898 0.034453
34 0.574058 0.111367 0.034111 0.023203
34 0.888184 0.928354 0.086855 0.043701
34 0.906577 0.327700 0.065479 0.040850
34 0.286626 0.162700 0.060498 0.039424
34 0.488374 0.052139 0.064346 0.038340
34 0.181968 0.386021 0.024619 0.042939
34 0.221294 0.111758 0.035713 0.022930
34 0.926938 0.045532 0.063311 0.038643
34 0.562603 0.436479 0.071084 0.039209
34 0.236504 0.437476 0.067832 0.040068
34 0.918306 0.164062 0.059736 0.041152
34 0.451172 0.337515 0.064844 0.039873
34 0.813198 0.418701 0.023115 0.039980
25 0.397808 0.610708 0.350537 0.232256
34 0.395859 0.609526 0.141621 0.046729
34 0.628755 0.294849 0.028604 0.041787
34 0.029404 0.391284 0.058438 0.105068
34 0.772759 0.271772 0.024756 0.041807
34 0.967964 0.243721 0.064072 0.045098
34 0.146221 0.277832 0.034629 0.040684
34 0.497622 0.263623 0.095830 0.074648
34 0.979106 0.627568 0.041787 0.077891
34 0.012744 0.149419 0.023047 0.038057
34 0.498135 0.251626 0.095215 0.050459
6 0.281475 0.439722 0.018711 0.024561
8 0.394927 0.252593 0.116963 0.057314
0 0.235068 0.466411 0.039629 0.022412
0 0.878550 0.164370 0.020967 0.039775
0 0.552158 0.187236 0.020840 0.041270
0 0.245122 0.164287 0.022529 0.040352
6 0.516958 0.437437 0.013975 0.013311
0 0.485063 0.082363 0.040928 0.022090
5 0.196416 0.227041 0.054473 0.031641
5 0.826914 0.227065 0.050664 0.029639
5 0.601729 0.227666 0.052656 0.030801
0 0.448403 0.368066 0.039502 0.022461
6 0.913057 0.436802 0.021055 0.016377
0 0.924048 0.075024 0.042979 0.022900
