5 0.510234 0.371787 0.035742 0.053652
34 0.562754 0.031045 0.068203 0.048867
0 0.606758 0.035337 0.014199 0.024990
34 0.323789 0.336567 0.149785 0.044795
34 0.638555 0.272241 0.069648 0.042178
34 0.377964 0.028472 0.068525 0.053408
34 0.537109 0.271885 0.025117 0.047910
34 0.441743 0.340625 0.064111 0.041602
21 0.607178 0.063545 0.022070 0.024883
0 0.442905 0.238496 0.040889 0.022051
34 0.506851 0.223555 0.052100 0.025801
34 0.716011 0.350615 0.068428 0.042148
0 0.593745 0.316514 0.014912 0.025801
34 0.323140 0.203569 0.149541 0.045127
34 0.511265 0.325156 0.070303 0.041211
34 0.957490 0.191724 0.070742 0.042646
34 0.634072 0.193989 0.072637 0.042119
34 0.638350 0.317412 0.070332 0.041074
21 0.421509 0.062769 0.022998 0.024561
5 0.700273 0.192910 0.053711 0.036172
34 0.442021 0.207539 0.064395 0.040859
0 0.594175 0.272700 0.015127 0.025713
34 0.956982 0.799233 0.071309 0.042041
0 0.442305 0.371924 0.042285 0.021426
0 0.422344 0.034238 0.014336 0.027305
35 0.330244 0.238096 0.072910 0.030391
21 0.594497 0.345664 0.023174 0.024688
5 0.893062 0.192622 0.058545 0.039736
33 0.777026 0.351543 0.047627 0.033672
34 0.562446 0.005518 0.066689 0.011035
