34 0.545947 0.780332 0.084141 0.048906
34 0.190405 0.300859 0.040615 0.024863
34 0.668403 0.260425 0.115869 0.048545
34 0.856592 0.221646 0.029219 0.056064
34 0.307100 0.948228 0.100273 0.080479
34 0.783530 0.735146 0.094932 0.052207
34 0.008604 0.221016 0.017207 0.044766
34 0.724800 0.804673 0.090049 0.047979
34 0.820366 0.609941 0.096904 0.053398
34 0.290757 0.087842 0.093037 0.054082
34 0.030161 0.318110 0.060244 0.051787
11 0.263047 0.881348 0.091113 0.084883
34 0.111733 0.863159 0.054365 0.024971
34 0.214165 0.688862 0.049990 0.030049
34 0.036709 0.019282 0.057129 0.026631
34 0.547964 0.847788 0.081025 0.047178
34 0.178657 0.832251 0.085381 0.051689
34 0.250083 0.390713 0.093975 0.050586
34 0.111914 0.750059 0.087910 0.050371
34 0.693813 0.341680 0.057236 0.028867
3 0.728286 0.863740 0.072393 0.072051
0 0.458569 0.224390 0.032002 0.018740
34 0.189673 0.948896 0.081475 0.051484
5 0.899951 0.612612 0.064922 0.034189
34 0.769170 0.918765 0.092988 0.048643
34 0.030864 0.568110 0.061631 0.054092
34 0.333096 0.811660 0.086914 0.049844
0 0.586514 0.985342 0.018496 0.028848
34 0.956636 0.467407 0.029092 0.047588
33 0.981040 0.801680 0.036162 0.049141
34 0.327085 0.243696 0.057725 0.028682
34 0.963691 0.750654 0.072617 0.051797
33 0.070010 0.852490 0.033320 0.040664
0 0.446543 0.042466 0.031035 0.017197
34 0.328179 0.863604 0.057607 0.025039
34 0.072827 0.982524 0.071807 0.034951
35 0.973091 0.385522 0.040908 0.093877
34 0.952026 0.317803 0.095947 0.045820
21 0.242539 0.980845 0.028203 0.031299
34 0.414229 0.315015 0.132090 0.046592
34 0.517671 0.617056 0.096104 0.052979
34 0.175459 0.185190 0.095703 0.050693
34 0.634897 0.919780 0.081182 0.051104
34 0.076172 0.093086 0.075801 0.045586
21 0.192217 0.417617 0.028594 0.029082
0 0.266250 0.772813 0.015566 0.029277
0 0.282920 0.809961 0.015098 0.029609
34 0.067910 0.808403 0.083770 0.049424
0 0.541421 0.953999 0.031631 0.017900
34 0.538467 0.924233 0.075918 0.041768
3 0.176152 0.244502 0.075391 0.073633
21 0.122515 0.119814 0.027627 0.029277
34 0.235723 0.030166 0.097070 0.051680
34 0.447510 0.017622 0.094395 0.035107
34 0.067759 0.921821 0.085674 0.042783
34 0.617339 0.845054 0.027002 0.042314
34 0.408657 0.488701 0.056709 0.024980
0 0.586211 0.918101 0.015977 0.029502
34 0.883735 0.773970 0.028564 0.056924
3 0.769365 0.969468 0.057930 0.056826
34 0.363384 0.420518 0.056533 0.027207
3 0.378076 0.175776 0.075137 0.075244
0 0.547168 0.812813 0.032559 0.017324
0 0.117627 0.985850 0.018027 0.027930
0 0.071079 0.952349 0.032080 0.017393
0 0.166284 0.755552 0.017529 0.029736
0 0.122593 0.089688 0.016904 0.029727
0 0.242524 0.947949 0.017588 0.029062
0 0.192373 0.386382 0.018105 0.032881
34 0.381499 0.617188 0.094658 0.052578
34 0.461812 0.522305 0.057334 0.026914
34 0.639639 0.981123 0.093047 0.037715
34 0.238320 0.615664 0.095293 0.051758
34 0.809106 0.863145 0.055889 0.025977
20 0.121826 0.030811 0.062227 0.061621
4 0.377993 0.090400 0.077783 0.071035
21 0.503223 0.060068 0.027480 0.030078
21 0.512441 0.243193 0.029043 0.030605
6 0.347900 0.880303 0.016426 0.010156
6 0.265933 0.740859 0.012549 0.013887
22 0.177192 0.881362 0.044814 0.044814
33 0.452319 0.622705 0.034717 0.055215
34 0.463589 0.824741 0.076611 0.098525
1 0.546309 0.880117 0.041777 0.020684
6 0.166343 0.721392 0.013486 0.012314
33 0.178345 0.086514 0.037334 0.125488
35 0.574126 0.260937 0.067861 0.033594
34 0.325859 0.768613 0.043574 0.027168
33 0.171660 0.621382 0.036074 0.052354
6 0.048564 0.879673 0.016973 0.013799
34 0.473364 0.453457 0.057549 0.031113
35 0.294580 0.314897 0.091367 0.042412
35 0.440210 0.953872 0.068506 0.031572
34 0.459780 0.190903 0.083584 0.050576
3 0.728696 0.757021 0.040635 0.042832
34 0.290938 0.172969 0.092188 0.051914
34 0.653149 0.010962 0.150264 0.021924
20 0.069282 0.616646 0.138564 0.270010
33 0.405513 0.805625 0.038779 0.034805
34 0.437817 0.918179 0.117021 0.046221
33 0.405630 0.843564 0.038584 0.034492
34 0.218452 0.764922 0.081318 0.048574
