34 0.957539 0.116404 0.084922 0.062120
34 0.958667 0.050502 0.082666 0.060552
35 0.228037 0.088766 0.068691 0.036607
34 0.130186 0.557610 0.095020 0.060113
34 0.309971 0.273083 0.122617 0.038455
6 0.075835 0.527193 0.016768 0.013168
3 0.741841 0.153258 0.074150 0.085524
4 0.621567 0.153303 0.077178 0.087306
0 0.075981 0.615034 0.018154 0.036945
34 0.030322 0.629115 0.027539 0.065490
0 0.424761 0.124865 0.016201 0.036065
0 0.424858 0.052954 0.016182 0.035378
0 0.338901 0.088292 0.030186 0.018816
34 0.680649 0.151804 0.048350 0.028636
34 0.480654 0.058112 0.092969 0.059583
34 0.133345 0.254865 0.043740 0.032976
34 0.624287 0.083811 0.086719 0.058602
34 0.338174 0.054166 0.087969 0.051601
34 0.223213 0.043873 0.118633 0.055073
34 0.479346 0.126607 0.092988 0.058129
34 0.030840 0.345163 0.027012 0.066359
21 0.424727 0.166477 0.026777 0.034329
34 0.740532 0.083940 0.096689 0.059538
0 0.075840 0.557401 0.016914 0.035998
35 0.205161 0.273749 0.083701 0.044228
34 0.128970 0.618365 0.088506 0.056753
