34 0.247007 0.865718 0.084521 0.052998
0 0.517109 0.866436 0.021953 0.044414
34 0.684019 0.867090 0.086807 0.053711
0 0.300005 0.866475 0.022549 0.044941
6 0.737104 0.819897 0.027959 0.026885
6 0.516133 0.822588 0.020430 0.021504
34 0.354434 0.868828 0.086172 0.056738
34 0.574507 0.867881 0.087139 0.055312
34 0.462397 0.867949 0.085439 0.055586
0 0.629038 0.866543 0.023057 0.045059
6 0.299932 0.821548 0.020430 0.021143
34 0.176636 0.706226 0.029912 0.046729
34 0.454336 0.745005 0.046836 0.030361
34 0.686519 0.630977 0.051826 0.032246
34 0.612148 0.798721 0.030098 0.045625
0 0.740347 0.866621 0.024131 0.044766
0 0.193604 0.866553 0.023613 0.044316
34 0.390649 0.801250 0.027939 0.046426
34 0.137515 0.867827 0.088838 0.056006
0 0.408027 0.866460 0.023242 0.045342
