34 0.192588 0.010898 0.039258 0.021797
34 0.220430 0.955522 0.072813 0.040479
34 0.976812 0.740776 0.046338 0.039854
0 0.267910 0.910020 0.015410 0.026758
34 0.940967 0.125391 0.118066 0.043477
34 0.027266 0.972959 0.028555 0.051660
35 0.728818 0.430859 0.032012 0.069746
3 0.629868 0.152305 0.044502 0.042520
0 0.625327 0.490518 0.029951 0.028535
0 0.345356 0.352437 0.015127 0.026396
35 0.901230 0.594062 0.071348 0.033516
33 0.480317 0.504092 0.031338 0.046641
34 0.414111 0.388647 0.042363 0.024404
0 0.355830 0.437769 0.013809 0.024697
34 0.331714 0.869971 0.045479 0.022500
35 0.955649 0.162202 0.074248 0.032666
34 0.647266 0.776436 0.040977 0.022559
34 0.483481 0.004233 0.058486 0.008447
35 0.971040 0.261235 0.057334 0.033057
33 0.986953 0.401826 0.026094 0.053203
35 0.553115 0.402612 0.073496 0.033701
35 0.631255 0.430771 0.032666 0.069746
0 0.355859 0.480947 0.013672 0.023613
35 0.763730 0.162344 0.074590 0.032871
34 0.978335 0.665713 0.043330 0.039805
35 0.763618 0.273521 0.072783 0.034502
35 0.794927 0.592954 0.071592 0.032295
33 0.563872 0.504019 0.031787 0.046611
34 0.616196 0.072622 0.050439 0.024365
34 0.676216 0.147866 0.042705 0.024268
34 0.560376 0.459956 0.070498 0.041572
0 0.267363 0.953506 0.016660 0.029004
34 0.978491 0.487129 0.043018 0.041406
34 0.049331 0.014600 0.026494 0.029180
34 0.729604 0.582524 0.041279 0.021182
34 0.748911 0.012988 0.060986 0.025918
21 0.345991 0.381211 0.020537 0.023145
35 0.794932 0.789429 0.070664 0.033506
35 0.902808 0.693428 0.070615 0.034629
34 0.763926 0.235474 0.096445 0.043838
21 0.266953 0.984810 0.033828 0.029111
34 0.963721 0.071738 0.049648 0.026270
34 0.103975 0.238364 0.140234 0.111709
34 0.441318 0.235439 0.067617 0.039316
34 0.692568 0.259673 0.042031 0.024951
34 0.770708 0.125713 0.135361 0.042656
34 0.646509 0.223306 0.062881 0.040166
34 0.650391 0.645986 0.041133 0.021133
35 0.902910 0.790020 0.070332 0.034414
34 0.221387 0.912158 0.072383 0.041113
34 0.399297 0.480879 0.071816 0.041270
3 0.983267 0.780244 0.033467 0.043945
0 0.984092 0.695239 0.030293 0.019600
34 0.440283 0.189219 0.066563 0.040195
34 0.470142 0.351597 0.064150 0.038760
34 0.628740 0.112358 0.063027 0.039189
3 0.689746 0.583779 0.042871 0.044121
34 0.387964 0.352432 0.070010 0.041680
3 0.646860 0.264312 0.042373 0.043506
0 0.344937 0.308481 0.014561 0.025713
3 0.471294 0.392070 0.042666 0.042656
34 0.690903 0.543545 0.062197 0.041133
34 0.552339 0.363784 0.093408 0.042354
3 0.693926 0.779043 0.042520 0.043945
34 0.670962 0.488643 0.061123 0.041152
3 0.693838 0.647334 0.041797 0.044102
34 0.589531 0.014771 0.057285 0.029248
3 0.985166 0.584141 0.029668 0.042070
34 0.736895 0.631392 0.062031 0.040771
3 0.721992 0.490913 0.030469 0.032275
21 0.355332 0.509346 0.022461 0.025176
21 0.860386 0.072275 0.022412 0.025996
2 0.551680 0.162666 0.039902 0.019375
5 0.748931 0.544629 0.034404 0.024727
0 0.829722 0.056973 0.027979 0.015293
34 0.976919 0.354136 0.046162 0.040986
34 0.551821 0.133677 0.062666 0.038037
34 0.448901 0.053643 0.068701 0.040859
34 0.978613 0.544404 0.042773 0.039434
34 0.770991 0.487998 0.062764 0.042793
33 0.376406 0.235093 0.059805 0.033525
34 0.741006 0.699146 0.062715 0.040771
34 0.680869 0.377905 0.123613 0.040049
34 0.801089 0.544438 0.068057 0.042627
34 0.387744 0.308237 0.069922 0.039111
34 0.399121 0.437524 0.072129 0.038467
34 0.481807 0.460293 0.071719 0.042012
33 0.376382 0.188433 0.061611 0.033564
0 0.985981 0.516055 0.026787 0.018867
34 0.649092 0.710024 0.040937 0.021670
34 0.965273 0.224243 0.069453 0.042861
34 0.828965 0.029897 0.070996 0.039268
35 0.795303 0.657168 0.071484 0.033184
3 0.694199 0.711475 0.041699 0.044766
34 0.738135 0.767100 0.062402 0.039687
35 0.795317 0.722192 0.071436 0.034678
