34 0.297080 0.114775 0.192676 0.091152
34 0.026733 0.126943 0.053467 0.077441
34 0.573784 0.964653 0.033271 0.022939
34 0.318784 0.844150 0.043389 0.023066
34 0.221777 0.965537 0.035625 0.022383
0 0.923838 0.928896 0.041641 0.022910
6 0.917734 0.860308 0.026895 0.021045
0 0.485425 0.935747 0.039775 0.022373
34 0.437954 0.691782 0.044053 0.022354
34 0.309487 0.223013 0.037021 0.025850
34 0.013057 0.992036 0.022383 0.015596
35 0.144663 0.101089 0.096318 0.039736
34 0.926406 0.899058 0.063379 0.038369
34 0.488716 0.905742 0.063818 0.039004
34 0.854839 0.965522 0.035361 0.022822
