6 0.064077 0.452554 0.031416 0.029502
0 0.183032 0.941602 0.057568 0.033828
0 0.978525 0.941646 0.042949 0.032549
21 0.227017 0.843521 0.020791 0.030947
6 0.876196 0.452832 0.033271 0.029570
0 0.226016 0.806245 0.019805 0.033369
34 0.934380 0.636812 0.130303 0.137881
34 0.131113 0.635610 0.143437 0.136006
34 0.495342 0.250840 0.030234 0.052227
34 0.182896 0.897104 0.103545 0.055557
34 0.284766 0.805435 0.091660 0.051963
34 0.208135 0.015088 0.030859 0.030176
33 0.289468 0.718252 0.054404 0.046211
34 0.904980 0.921743 0.055664 0.033350
34 0.366748 0.720146 0.090605 0.053828
34 0.348291 0.015063 0.030703 0.030127
34 0.706860 0.272222 0.032451 0.052686
34 0.966396 0.896279 0.066836 0.053906
34 0.427666 0.785566 0.031797 0.048125
34 0.098091 0.923018 0.053252 0.031563
34 0.843545 0.978799 0.027520 0.042402
34 0.622378 0.080234 0.053779 0.032305
34 0.377734 0.626240 0.054941 0.029004
34 0.361763 0.939824 0.144814 0.036094
