34 0.661328 0.287178 0.169941 0.119082
34 0.946597 0.416118 0.100771 0.065322
34 0.520293 0.734849 0.030312 0.049678
34 0.631074 0.088711 0.128711 0.067832
33 0.729414 0.096309 0.064688 0.044883
34 0.418789 0.538447 0.115801 0.064570
34 0.652344 0.537046 0.115703 0.067197
33 0.729600 0.191499 0.064512 0.044385
34 0.928726 0.830205 0.142139 0.130195
34 0.607939 0.952397 0.103125 0.064873
11 0.541328 0.825361 0.110234 0.105742
0 0.492812 0.538960 0.029629 0.054209
0 0.540693 0.952764 0.029180 0.052793
0 0.580029 0.538911 0.029316 0.053623
33 0.871509 0.415059 0.049463 0.060215
34 0.366030 0.012676 0.124268 0.025137
34 0.634951 0.185527 0.127891 0.066562
34 0.908267 0.713735 0.127412 0.066553
34 0.398813 0.830176 0.169951 0.131113
34 0.567168 0.370581 0.048711 0.028838
34 0.954580 0.539116 0.090840 0.066826
33 0.808081 0.714717 0.071865 0.045957
34 0.561440 0.624536 0.031416 0.051006
