34 0.485049 0.437500 0.116289 0.072930
6 0.617905 0.608096 0.029287 0.030859
0 0.569175 0.776172 0.038564 0.075078
0 0.569082 0.441304 0.039648 0.074717
5 0.863359 0.609531 0.065156 0.078867
6 0.571724 0.655542 0.038154 0.040459
8 0.812417 0.078750 0.079951 0.070801
6 0.569980 0.559702 0.030234 0.027568
35 0.833345 0.230947 0.054893 0.118965
34 0.479497 0.772671 0.118076 0.074033
34 0.832520 0.329487 0.219316 0.077744
34 0.700449 0.079717 0.130020 0.072539
34 0.863696 0.534253 0.120693 0.072686
34 0.378608 0.944077 0.231318 0.106650
34 0.545483 0.877261 0.038271 0.063701
34 0.733115 0.585259 0.062246 0.038096
34 0.542686 0.608428 0.038145 0.060625
34 0.981997 0.509409 0.036006 0.069424
35 0.760278 0.985444 0.136924 0.029111
