0 0.131641 0.164267 0.057070 0.034667
33 0.721699 0.023963 0.041133 0.047926
34 0.307305 0.300654 0.062734 0.052424
0 0.305791 0.343162 0.057715 0.037689
21 0.764482 0.241888 0.032480 0.040417
0 0.439116 0.416054 0.058408 0.037227
0 0.024736 0.022227 0.030684 0.044453
0 0.167432 0.051573 0.056953 0.036764
0 0.726006 0.382548 0.036133 0.020676
0 0.588696 0.087762 0.019111 0.040710
0 0.535020 0.199870 0.037168 0.022897
0 0.795498 0.051764 0.057109 0.037396
0 0.718135 0.208123 0.034512 0.020101
21 0.061187 0.239171 0.030381 0.038658
0 0.202217 0.269842 0.057168 0.037384
21 0.573125 0.232165 0.029668 0.040045
0 0.060815 0.198067 0.019346 0.039899
21 0.781392 0.415406 0.032490 0.041477
6 0.011406 0.329014 0.015176 0.016516
21 0.272148 0.135507 0.030781 0.039448
0 0.011196 0.369245 0.020068 0.041398
0 0.272617 0.087661 0.020703 0.041928
21 0.588794 0.131573 0.030088 0.040530
34 0.325347 0.017824 0.052764 0.027847
34 0.795381 0.017565 0.065625 0.035130
34 0.012529 0.248720 0.025020 0.026663
34 0.165806 0.017818 0.063818 0.035637
34 0.133813 0.118991 0.063877 0.054577
34 0.534097 0.162807 0.063721 0.053326
34 0.238154 0.031804 0.043789 0.027869
34 0.203042 0.224808 0.064639 0.053292
34 0.717290 0.171516 0.062920 0.054464
34 0.724590 0.347892 0.064063 0.053799
34 0.026118 0.197610 0.052236 0.044713
34 0.546914 0.091009 0.064551 0.052796
34 0.228687 0.086268 0.065498 0.055784
34 0.440317 0.373935 0.062861 0.052717
34 0.207339 0.395733 0.049893 0.028174
34 0.207339 0.324177 0.049990 0.026956
