6 0.649468 0.822178 0.033584 0.029102
6 0.757617 0.820688 0.032090 0.029111
3 0.223223 0.591489 0.071543 0.063369
11 0.803843 0.454282 0.077100 0.076748
34 0.777842 0.082803 0.077695 0.030195
34 0.391890 0.778613 0.055518 0.045254
34 0.094917 0.011816 0.113174 0.023633
34 0.419897 0.025957 0.168447 0.051914
11 0.483325 0.448545 0.079639 0.078066
29 0.271699 0.238779 0.543398 0.150293
6 0.108027 0.034736 0.028906 0.024277
11 0.029219 0.448843 0.058438 0.077783
6 0.882710 0.053228 0.033525 0.028896
6 0.782705 0.054961 0.030059 0.030059
11 0.174995 0.447769 0.077998 0.078936
11 0.329546 0.448784 0.078506 0.076963
3 0.406528 0.690903 0.064326 0.067197
3 0.404668 0.436045 0.068516 0.063828
3 0.097319 0.435835 0.069326 0.063857
3 0.252119 0.436514 0.067969 0.065605
34 0.582383 0.096587 0.047852 0.020908
34 0.319609 0.983730 0.047090 0.022539
34 0.165249 0.834912 0.052354 0.046895
34 0.764521 0.372285 0.210000 0.062461
6 0.946289 0.219702 0.031211 0.026592
