25 0.701846 0.644863 0.303789 0.209629
6 0.726348 0.913447 0.019355 0.022578
34 0.934951 0.646782 0.081719 0.031182
25 0.384468 0.645137 0.292295 0.210156
34 0.603960 0.821499 0.068076 0.053525
21 0.648115 0.869771 0.026836 0.032314
34 0.497466 0.802041 0.070342 0.044121
34 0.553037 0.895405 0.130215 0.026592
34 0.286313 0.821553 0.070322 0.054551
0 0.903706 0.772021 0.032979 0.018711
35 0.946270 0.839009 0.038047 0.086631
35 0.549751 0.841519 0.034619 0.083779
5 0.837910 0.771836 0.026016 0.041543
0 0.496567 0.771938 0.032139 0.018779
34 0.901826 0.739214 0.073047 0.044717
34 0.941543 0.892979 0.116914 0.028691
0 0.333735 0.822231 0.017510 0.032627
21 0.332368 0.869526 0.027822 0.032861
34 0.390825 0.645176 0.128662 0.038535
34 0.702485 0.644414 0.129736 0.037480
5 0.448511 0.773281 0.023857 0.042520
0 0.649058 0.822363 0.017686 0.032051
