0 0.435293 0.883428 0.054785 0.038457
0 0.879351 0.597300 0.054775 0.030303
0 0.983091 0.706855 0.033818 0.060605
0 0.870610 0.965596 0.058271 0.034961
0 0.337974 0.882847 0.055947 0.032627
0 0.100210 0.502891 0.058271 0.034961
6 0.508716 0.844141 0.030439 0.026758
6 0.636943 0.439155 0.032285 0.030439
1 0.727773 0.839194 0.035195 0.065811
3 0.377759 0.700122 0.074561 0.075654
3 0.205054 0.712183 0.073467 0.075654
34 0.117949 0.713149 0.090938 0.063174
34 0.034502 0.769380 0.069004 0.061787
34 0.065537 0.916899 0.029160 0.044424
34 0.024092 0.965142 0.048184 0.032627
34 0.101289 0.456992 0.092324 0.061777
34 0.176260 0.484761 0.046504 0.027080
34 0.678516 0.544810 0.049980 0.033330
34 0.868374 0.924536 0.088154 0.059697
34 0.933975 0.950220 0.043047 0.029150
34 0.981914 0.920713 0.036172 0.056230
34 0.587920 0.973721 0.100664 0.052559
34 0.421660 0.974761 0.095801 0.050479
34 0.318223 0.963062 0.094414 0.059014
34 0.276919 0.865181 0.046514 0.031240
34 0.339399 0.836025 0.096494 0.053457
34 0.441099 0.837065 0.093018 0.055537
34 0.468867 0.699614 0.094414 0.059697
34 0.468174 0.611802 0.095801 0.065947
34 0.575078 0.497603 0.093027 0.058311
34 0.343560 0.427490 0.095107 0.054141
34 0.322739 0.516001 0.065947 0.035400
34 0.144673 0.636094 0.090244 0.057617
33 0.185493 0.569902 0.066670 0.058066
33 0.258071 0.430117 0.072041 0.060215
0 0.637505 0.499395 0.030303 0.060605
6 0.274043 0.778774 0.023633 0.020596
4 0.372734 0.604287 0.079336 0.070117
35 0.921514 0.189253 0.044082 0.094619
6 0.273242 0.539678 0.023164 0.027285
34 0.101982 0.569453 0.095098 0.059004
21 0.982520 0.796089 0.034961 0.049795
5 0.221387 0.632769 0.064648 0.047744
5 0.726904 0.731934 0.058105 0.038867
3 0.026855 0.835391 0.053711 0.071172
35 0.722588 0.188716 0.054844 0.093545
35 0.531729 0.187104 0.036563 0.088174
35 0.334414 0.187642 0.044082 0.087100
35 0.728501 0.435493 0.047314 0.092471
34 0.324175 0.109624 0.179990 0.056396
34 0.522466 0.112324 0.180596 0.064199
34 0.712061 0.113218 0.173398 0.064795
34 0.910781 0.110220 0.178438 0.055205
34 0.718081 0.360156 0.170771 0.065254
34 0.874624 0.550713 0.095107 0.054844
34 0.786807 0.580908 0.048594 0.027773
34 0.969380 0.648594 0.031924 0.042344
34 0.646230 0.733975 0.086777 0.056230
34 0.657339 0.837417 0.090947 0.064561
