3 0.975005 0.152158 0.049990 0.093555
0 0.174736 0.694629 0.086016 0.040859
6 0.342480 0.484414 0.019355 0.020430
6 0.118823 0.484414 0.027959 0.020430
3 0.655386 0.671509 0.090322 0.087100
3 0.934956 0.669897 0.092471 0.090322
3 0.368286 0.153774 0.086025 0.090322
3 0.147729 0.153335 0.081670 0.095068
0 0.317705 0.017490 0.022617 0.034980
0 0.539277 0.017803 0.022793 0.035605
34 0.694976 0.368955 0.029951 0.046797
34 0.395005 0.911353 0.032393 0.048936
34 0.857891 0.409155 0.047227 0.031338
6 0.828228 0.512681 0.020967 0.020068
0 0.993135 0.530620 0.013730 0.043291
34 0.974653 0.021226 0.050693 0.042354
0 0.099736 0.017588 0.021973 0.035176
0 0.120669 0.530010 0.022295 0.044121
0 0.207295 0.017607 0.021504 0.035215
34 0.179082 0.529824 0.087012 0.055430
34 0.936860 0.752617 0.107979 0.070352
34 0.652607 0.529468 0.089434 0.056396
0 0.343188 0.530166 0.022627 0.043906
0 0.828862 0.557725 0.024189 0.045664
0 0.428140 0.017764 0.022412 0.035527
34 0.655293 0.749292 0.108184 0.067666
34 0.170688 0.751260 0.112334 0.066914
34 0.369434 0.234834 0.104746 0.066113
34 0.214053 0.466919 0.029492 0.045693
34 0.288008 0.529424 0.086738 0.056953
34 0.965879 0.237915 0.068184 0.066670
34 0.065908 0.530063 0.086387 0.055479
34 0.771294 0.555474 0.087158 0.056631
34 0.046016 0.021177 0.088457 0.042275
34 0.483091 0.019526 0.086201 0.038955
34 0.145049 0.235459 0.106953 0.064590
0 0.011118 0.530132 0.021982 0.043896
0 0.712954 0.530366 0.023545 0.043564
34 0.938667 0.525913 0.089756 0.057979
34 0.374497 0.019434 0.084932 0.038789
34 0.154360 0.020430 0.084990 0.040742
0 0.232178 0.530093 0.021660 0.044033
34 0.262993 0.019526 0.085537 0.038994
