6 0.896191 0.660850 0.027305 0.026504
34 0.268994 0.864434 0.077754 0.044316
5 0.953057 0.797544 0.037617 0.065693
0 0.535923 0.623887 0.019521 0.033711
1 0.319487 0.864873 0.031572 0.039766
6 0.535278 0.484165 0.025732 0.022217
0 0.905337 0.822925 0.019365 0.033838
0 0.320483 0.814463 0.019814 0.034785
5 0.072378 0.764404 0.044971 0.068477
0 0.535923 0.531938 0.019404 0.032100
34 0.081738 0.589810 0.078477 0.044932
34 0.853721 0.822383 0.085996 0.042637
34 0.194390 0.746997 0.052549 0.030303
35 0.180220 0.267480 0.043252 0.096211
34 0.520464 0.573867 0.028232 0.048027
34 0.269048 0.813682 0.077568 0.042676
35 0.906235 0.943037 0.041396 0.092969
34 0.081157 0.381216 0.078057 0.047314
34 0.985376 0.876582 0.029111 0.059043
33 0.145854 0.384634 0.052822 0.038994
33 0.218716 0.385830 0.053447 0.045000
34 0.304116 0.706514 0.029814 0.048184
34 0.286284 0.383071 0.079385 0.047119
33 0.148711 0.591567 0.057344 0.042354
34 0.746587 0.639077 0.064170 0.032744
34 0.183472 0.202197 0.158799 0.038105
34 0.483662 0.530742 0.079023 0.043672
35 0.321807 0.951274 0.042500 0.096045
34 0.483857 0.623501 0.078496 0.042510
34 0.888394 0.869521 0.031006 0.047285
