33 0.307896 0.379780 0.066221 0.045400
33 0.021445 0.989585 0.042891 0.020752
34 0.961113 0.640635 0.044570 0.033203
34 0.394883 0.957334 0.047148 0.028477
34 0.393481 0.127656 0.048662 0.032910
34 0.396128 0.207837 0.047275 0.030576
34 0.312964 0.650591 0.044307 0.030732
34 0.699785 0.808735 0.042402 0.031064
33 0.212261 0.875278 0.064385 0.041475
34 0.395366 0.070039 0.046729 0.030078
34 0.339097 0.031079 0.050635 0.030869
34 0.155610 0.737100 0.029541 0.060117
34 0.410879 0.712407 0.104023 0.057549
33 0.026177 0.126011 0.052354 0.044424
34 0.456426 0.878574 0.100332 0.057559
34 0.387271 0.380337 0.085283 0.046377
34 0.815947 0.117642 0.103984 0.059990
34 0.224253 0.833560 0.073428 0.041709
34 0.147925 0.344702 0.088115 0.049326
34 0.339482 0.917275 0.049824 0.030254
34 0.726089 0.391611 0.104189 0.059629
34 0.184834 0.398198 0.030488 0.050166
34 0.338955 0.493867 0.101934 0.059375
34 0.225186 0.751323 0.074023 0.042256
33 0.211973 0.792617 0.065234 0.040117
34 0.040566 0.344414 0.080898 0.050977
34 0.177354 0.237373 0.120762 0.091699
34 0.077427 0.672397 0.098896 0.058682
34 0.795410 0.765039 0.102910 0.058516
34 0.041997 0.552598 0.059561 0.029180
34 0.072930 0.398521 0.032852 0.048525
34 0.251968 0.589087 0.033545 0.059189
21 0.203286 0.459316 0.042236 0.052559
4 0.254595 0.491875 0.068604 0.067207
0 0.392012 0.879678 0.023984 0.040352
6 0.116982 0.569028 0.028828 0.019229
6 0.142261 0.569238 0.030088 0.020469
6 0.116143 0.776938 0.029668 0.018799
6 0.142266 0.777148 0.028418 0.023398
3 0.163667 0.674941 0.073525 0.065039
4 0.903325 0.115376 0.071299 0.068877
0 0.659316 0.392588 0.030801 0.057266
0 0.730879 0.764434 0.021465 0.040039
0 0.343452 0.711953 0.022529 0.037773
0 0.203052 0.343506 0.022588 0.040352
0 0.091543 0.343545 0.022285 0.040098
6 0.090635 0.777813 0.030938 0.023262
21 0.865078 0.765020 0.038555 0.051133
21 0.092056 0.459473 0.042158 0.052363
21 0.342842 0.786040 0.044863 0.056416
6 0.090786 0.570576 0.026709 0.021855
6 0.392466 0.817856 0.024502 0.021768
