34 0.950234 0.224756 0.099531 0.089238
22 0.732007 0.832354 0.062646 0.061484
22 0.107319 0.834082 0.061533 0.062695
25 0.424585 0.377017 0.364268 0.222744
21 0.110776 0.459385 0.049893 0.034805
21 0.975044 0.744771 0.035967 0.039443
21 0.973306 0.460542 0.044092 0.039443
21 0.735488 0.461704 0.046406 0.039443
34 0.738213 0.376611 0.113105 0.029902
0 0.733442 0.587871 0.033564 0.059297
0 0.109233 0.586616 0.030459 0.062861
5 0.110049 0.677505 0.053301 0.031299
5 0.733691 0.677310 0.053574 0.030986
5 0.973462 0.678896 0.052861 0.031328
22 0.969829 0.832354 0.060342 0.059160
21 0.110894 0.747095 0.036768 0.035498
21 0.734092 0.743169 0.035156 0.032822
0 0.975405 0.587363 0.030771 0.058184
34 0.959854 0.376362 0.079863 0.029385
33 0.250317 0.641279 0.047119 0.044063
34 0.115464 0.374922 0.096748 0.028594
34 0.421958 0.375664 0.112256 0.036445
34 0.201416 0.683433 0.090742 0.051025
34 0.641187 0.685571 0.092139 0.054561
34 0.320386 0.641758 0.092256 0.057070
34 0.531851 0.642593 0.091768 0.056221
