0 0.679727 0.858125 0.038750 0.074102
1 0.037241 0.971470 0.045479 0.057061
34 0.255918 0.545708 0.203223 0.054834
34 0.579341 0.244609 0.066768 0.039434
34 0.884951 0.970884 0.123262 0.058232
34 0.006592 0.971851 0.013184 0.055244
34 0.008154 0.856152 0.016289 0.068242
34 0.390269 0.970928 0.122568 0.058145
34 0.888599 0.856626 0.121514 0.073330
34 0.595063 0.970908 0.123271 0.058184
34 0.395293 0.856440 0.121875 0.072314
34 0.599326 0.857119 0.120977 0.074063
0 0.474941 0.858252 0.038203 0.072969
0 0.037124 0.857827 0.039326 0.075674
1 0.971562 0.971470 0.046816 0.057061
0 0.969009 0.858032 0.036963 0.073662
1 0.479326 0.972808 0.046816 0.054385
1 0.679873 0.972637 0.036895 0.054727
