0 0.719590 0.787363 0.056191 0.030273
18 0.604180 0.784546 0.024238 0.050146
34 0.480176 0.982061 0.092500 0.035879
34 0.569917 0.328940 0.093018 0.050400
34 0.452529 0.266699 0.222383 0.077559
34 0.721323 0.747075 0.091748 0.047881
34 0.872358 0.969634 0.084697 0.050635
34 0.699580 0.328965 0.092656 0.050273
33 0.572275 0.379404 0.040508 0.051309
34 0.988096 0.605449 0.023809 0.049492
34 0.643965 0.772158 0.036758 0.022480
35 0.447417 0.183955 0.045439 0.096582
33 0.698926 0.379399 0.038789 0.051338
34 0.975547 0.990815 0.047871 0.018369
34 0.955039 0.569019 0.024531 0.037744
34 0.886104 0.243281 0.112070 0.092910
34 0.495269 0.567842 0.091592 0.053281
34 0.510674 0.423853 0.091309 0.052236
34 0.542085 0.913818 0.027158 0.044355
34 0.871631 0.032256 0.025918 0.051094
34 0.638472 0.423931 0.089775 0.050752
34 0.779238 0.659668 0.027285 0.054980
20 0.867744 0.344531 0.264512 0.438516
21 0.966929 0.660659 0.033643 0.038291
0 0.790996 0.465205 0.038281 0.024199
0 0.559565 0.569194 0.033252 0.056631
0 0.965342 0.608423 0.020977 0.036729
33 0.930889 0.992974 0.040078 0.013701
0 0.698359 0.424141 0.022246 0.035762
0 0.571665 0.424312 0.020967 0.035264
