34 0.253457 0.375713 0.093047 0.054082
34 0.379531 0.820083 0.045117 0.027178
34 0.836060 0.008540 0.070967 0.017080
34 0.031133 0.819834 0.040957 0.027656
34 0.582456 0.039868 0.024365 0.047568
34 0.734492 0.135864 0.030137 0.046904
34 0.891133 0.813516 0.044883 0.028672
34 0.532334 0.300562 0.028613 0.045107
34 0.204883 0.184458 0.025664 0.042686
34 0.253623 0.629883 0.088613 0.057559
34 0.592070 0.820283 0.039180 0.027598
34 0.365234 0.184971 0.025781 0.042715
34 0.135410 0.819199 0.043711 0.027246
34 0.550283 0.130210 0.049180 0.022432
33 0.252241 0.431143 0.045439 0.058574
34 0.771685 0.562520 0.028330 0.045879
34 0.877075 0.644917 0.078662 0.050850
34 0.294727 0.049722 0.049375 0.022373
33 0.252012 0.687207 0.045625 0.059063
34 0.485386 0.041821 0.024424 0.045967
34 0.412217 0.021768 0.024082 0.043535
34 0.879536 0.582749 0.080146 0.053096
34 0.834277 0.057764 0.081367 0.053730
34 0.311367 0.015405 0.026367 0.030518
34 0.087261 0.023862 0.025771 0.046045
34 0.150410 0.018291 0.026406 0.036582
34 0.327515 0.128799 0.049502 0.021738
34 0.042827 0.185225 0.027959 0.043477
34 0.247017 0.019604 0.029170 0.039209
6 0.107910 0.145562 0.029121 0.036143
6 0.785786 0.588945 0.013779 0.014102
6 0.775381 0.834619 0.039160 0.027109
6 0.292446 0.833613 0.041162 0.035137
6 0.485220 0.834116 0.029111 0.028115
6 0.340137 0.061021 0.022090 0.024092
6 0.594658 0.080601 0.035137 0.035146
6 0.432510 0.138833 0.040156 0.033135
6 0.546968 0.256802 0.034131 0.038154
6 0.077891 0.832070 0.036895 0.030020
6 0.184404 0.832788 0.035078 0.025674
21 0.784795 0.605513 0.036895 0.040146
21 0.886431 0.111812 0.032549 0.040869
0 0.826152 0.645122 0.024687 0.044365
0 0.826992 0.578379 0.023848 0.042266
0 0.887002 0.057417 0.026367 0.041846
6 0.124980 0.060723 0.037148 0.027109
