34 0.301660 0.309829 0.134434 0.137842
34 0.752949 0.799199 0.099687 0.071602
34 0.703643 0.358726 0.096719 0.075088
34 0.101777 0.704043 0.097285 0.072734
34 0.391797 0.496362 0.095605 0.073799
34 0.107959 0.199692 0.096426 0.072197
0 0.326880 0.496226 0.033506 0.058350
0 0.175703 0.201538 0.032031 0.058271
0 0.757593 0.854082 0.057607 0.034473
0 0.175122 0.703452 0.034307 0.059678
22 0.173584 0.373545 0.116699 0.111348
34 0.157427 0.096348 0.028486 0.041211
35 0.945879 0.852603 0.101836 0.049248
34 0.833335 0.832832 0.040107 0.031074
21 0.426152 0.681572 0.038301 0.039824
34 0.419897 0.721514 0.144092 0.043008
33 0.629575 0.367744 0.049463 0.060215
