34 0.280532 0.981738 0.075615 0.036523
34 0.723940 0.885503 0.085088 0.046318
34 0.402217 0.302856 0.018945 0.029834
34 0.522012 0.917290 0.082207 0.050029
34 0.464795 0.338457 0.083281 0.048828
13 0.877026 0.930005 0.050635 0.040146
0 0.693081 0.963745 0.023857 0.042686
0 0.412124 0.339839 0.021084 0.034131
6 0.645693 0.903428 0.016270 0.014824
6 0.960400 0.903174 0.018848 0.015918
13 0.727290 0.930371 0.052803 0.040879
0 0.909014 0.965005 0.020508 0.041846
6 0.687124 0.278477 0.018818 0.017480
35 0.412148 0.402568 0.034023 0.074277
6 0.597617 0.827085 0.017813 0.019365
6 0.975977 0.279824 0.024648 0.022852
34 0.659233 0.910864 0.038330 0.026514
34 0.887500 0.986055 0.019355 0.027109
34 0.959419 0.969673 0.080303 0.057451
34 0.143921 0.987808 0.099287 0.024385
34 0.584790 0.979517 0.019639 0.040049
34 0.717563 0.985435 0.021025 0.028799
34 0.876895 0.885474 0.087578 0.047295
34 0.785796 0.264829 0.036182 0.017139
34 0.412314 0.457632 0.119629 0.041553
34 0.642979 0.971938 0.076445 0.055947
34 0.018960 0.656196 0.037920 0.047822
34 0.937017 0.915459 0.030205 0.019180
