0 0.985986 0.598394 0.026484 0.017178
34 0.973672 0.519688 0.032910 0.017891
34 0.504717 0.626411 0.065742 0.045479
34 0.978579 0.571807 0.042842 0.038477
0 0.123608 0.627886 0.020439 0.037490
0 0.908315 0.439189 0.019951 0.037148
34 0.505254 0.673965 0.066738 0.044629
34 0.081792 0.674087 0.066689 0.044365
35 0.910581 0.598145 0.082627 0.037871
34 0.366050 0.673975 0.067236 0.044629
6 0.268203 0.593076 0.015703 0.015254
0 0.407886 0.628457 0.019990 0.036211
34 0.226138 0.626919 0.067607 0.044795
34 0.803042 0.603828 0.132080 0.050195
34 0.874189 0.439873 0.047168 0.032949
34 0.824575 0.493789 0.046963 0.031094
34 0.365869 0.626416 0.068223 0.045312
34 0.874897 0.489404 0.046729 0.031895
34 0.081655 0.625171 0.065127 0.045049
0 0.123618 0.675107 0.020830 0.038066
0 0.407832 0.675283 0.020645 0.036797
0 0.268594 0.628584 0.019668 0.036895
0 0.268628 0.676772 0.021240 0.036514
0 0.908130 0.491855 0.020771 0.037930
34 0.225972 0.674966 0.066396 0.045283
6 0.547593 0.591958 0.017100 0.015498
6 0.407695 0.592251 0.016992 0.014482
0 0.546968 0.675830 0.019580 0.036641
6 0.123281 0.591890 0.016484 0.014736
0 0.546831 0.628511 0.019854 0.036768
6 0.906460 0.398394 0.016123 0.011826
34 0.729727 0.500591 0.100117 0.026553
34 0.976782 0.413735 0.032354 0.019033
6 0.545225 0.708955 0.014707 0.010488
35 0.734658 0.531157 0.086426 0.037236
5 0.824995 0.531084 0.024951 0.043105
