21 0.765332 0.283442 0.032168 0.034443
34 0.986528 0.131484 0.026943 0.046387
34 0.942681 0.396421 0.038389 0.023428
34 0.797891 0.520439 0.037578 0.024531
34 0.204985 0.007305 0.081670 0.014609
34 0.147417 0.010601 0.034854 0.021201
35 0.560396 0.842583 0.095322 0.040283
34 0.245439 0.362202 0.103496 0.055400
34 0.575430 0.982397 0.199473 0.035205
34 0.704653 0.227837 0.103291 0.056748
34 0.935547 0.544116 0.096426 0.060400
34 0.709673 0.576382 0.103662 0.056377
34 0.793184 0.171929 0.037813 0.024697
34 0.566245 0.795845 0.139111 0.052002
35 0.721221 0.047129 0.042344 0.094258
34 0.777793 0.827813 0.037441 0.024082
34 0.856563 0.746748 0.025371 0.043242
34 0.692783 0.771270 0.105293 0.056250
34 0.645835 0.906484 0.096221 0.055273
34 0.066465 0.077480 0.046074 0.026758
34 0.244937 0.425586 0.102041 0.056875
34 0.053853 0.250688 0.100947 0.056943
34 0.022275 0.979766 0.024297 0.039766
34 0.165996 0.705767 0.102910 0.057041
34 0.132095 0.805859 0.103486 0.057852
34 0.165850 0.915103 0.145371 0.115225
34 0.372983 0.406450 0.025635 0.043721
35 0.326338 0.022588 0.095508 0.041680
34 0.806543 0.364106 0.025176 0.039424
34 0.935791 0.242622 0.102715 0.054014
34 0.039087 0.407729 0.077861 0.057412
34 0.055195 0.175400 0.100918 0.056055
34 0.723345 0.116475 0.137588 0.051035
34 0.153896 0.312075 0.035645 0.025381
21 0.771914 0.632246 0.033340 0.037363
0 0.205811 0.022944 0.036016 0.019346
0 0.765913 0.223823 0.019775 0.036162
0 0.184360 0.362368 0.018682 0.033779
0 0.184233 0.425166 0.019209 0.036660
1 0.123291 0.174404 0.033145 0.058398
0 0.038052 0.610479 0.034033 0.057500
13 0.713359 0.919487 0.040352 0.052920
0 0.122871 0.249111 0.034238 0.058770
3 0.697173 0.827974 0.061123 0.058994
1 0.934351 0.286465 0.060635 0.036094
3 0.110801 0.404194 0.062871 0.057783
11 0.043154 0.914409 0.086309 0.093955
22 0.040996 0.810430 0.081680 0.082305
0 0.771865 0.573896 0.019355 0.035410
21 0.765249 0.948511 0.032529 0.034463
21 0.184116 0.478926 0.034111 0.036367
33 0.087104 0.700547 0.052686 0.059141
