0 0.541167 0.512397 0.033486 0.019033
6 0.815054 0.086934 0.019834 0.028008
21 0.475498 0.796968 0.031504 0.052510
21 0.372812 0.823218 0.031504 0.035010
34 0.362607 0.074917 0.131699 0.061240
34 0.819517 0.606787 0.162412 0.063672
34 0.932559 0.304961 0.132539 0.060098
34 0.888838 0.052871 0.034609 0.024844
34 0.464038 0.893677 0.023057 0.033838
34 0.663276 0.655444 0.129268 0.044424
34 0.362520 0.211074 0.131602 0.063438
34 0.788101 0.741787 0.022998 0.036426
34 0.935298 0.507261 0.126475 0.060947
34 0.539175 0.212847 0.068350 0.043604
34 0.432075 0.709746 0.070811 0.044551
34 0.362856 0.343574 0.129932 0.062402
34 0.539502 0.480474 0.067832 0.044229
34 0.362734 0.479263 0.130137 0.059697
34 0.809478 0.416689 0.073291 0.044121
34 0.835820 0.742222 0.022812 0.034736
0 0.325562 0.747036 0.018076 0.032256
34 0.968213 0.214087 0.063574 0.081299
34 0.964380 0.418198 0.071240 0.081357
34 0.953408 0.662847 0.093184 0.042725
35 0.906201 0.726724 0.037129 0.086396
34 0.573740 0.721909 0.072129 0.045889
34 0.857915 0.798594 0.072920 0.044551
34 0.580293 0.794912 0.128867 0.042090
34 0.735859 0.796011 0.120117 0.043350
34 0.748486 0.476646 0.072598 0.044795
35 0.799692 0.680757 0.039346 0.084834
34 0.414893 0.764512 0.066641 0.045430
35 0.579868 0.856563 0.038701 0.085039
35 0.893467 0.244155 0.086621 0.040576
34 0.808887 0.351025 0.074492 0.043262
34 0.812109 0.214062 0.074551 0.042676
34 0.867012 0.981040 0.026152 0.036455
34 0.742017 0.273975 0.074951 0.045742
35 0.732446 0.855811 0.035713 0.082070
34 0.307466 0.882695 0.126846 0.077578
35 0.885527 0.382910 0.082617 0.039141
34 0.539253 0.076021 0.067920 0.043701
35 0.972524 0.066968 0.054834 0.035049
34 0.806694 0.146841 0.074170 0.043721
34 0.645728 0.136470 0.024287 0.036963
34 0.958149 0.797949 0.078174 0.044063
35 0.530239 0.626016 0.039111 0.087441
34 0.551582 0.144985 0.070469 0.045479
35 0.469048 0.245630 0.083936 0.040693
35 0.972329 0.114707 0.055342 0.038086
35 0.972300 0.022788 0.055400 0.041553
34 0.344868 0.615010 0.205400 0.042402
34 0.551895 0.413110 0.070098 0.044092
35 0.469028 0.512129 0.084932 0.039941
34 0.551958 0.278516 0.070576 0.045938
35 0.663569 0.717686 0.038330 0.084551
0 0.747275 0.509658 0.033184 0.019414
0 0.741445 0.306401 0.032188 0.017998
0 0.809155 0.446943 0.033115 0.018535
0 0.551621 0.176162 0.032402 0.018438
0 0.809238 0.383457 0.033867 0.019375
0 0.541211 0.244243 0.033496 0.018818
0 0.806499 0.245293 0.032666 0.019961
0 0.907227 0.797715 0.018359 0.032695
0 0.551157 0.445068 0.033643 0.019395
0 0.477793 0.711719 0.018066 0.033516
0 0.551533 0.308926 0.032246 0.018945
0 0.541382 0.377710 0.032529 0.019619
0 0.550977 0.039917 0.031953 0.018447
0 0.530352 0.721768 0.017891 0.034219
0 0.539175 0.108086 0.032451 0.018086
35 0.476841 0.629814 0.039268 0.095254
35 0.372139 0.674087 0.033750 0.080811
35 0.313164 0.941240 0.086973 0.038848
35 0.469116 0.378521 0.083252 0.039600
35 0.468467 0.108203 0.084297 0.039453
35 0.469038 0.443599 0.084717 0.039365
34 0.281172 0.745801 0.067832 0.045059
35 0.467144 0.039023 0.084678 0.039551
34 0.788730 0.852812 0.023477 0.036465
34 0.587939 0.480981 0.024219 0.036260
34 0.588638 0.073745 0.024072 0.034873
35 0.468623 0.174805 0.084492 0.040918
35 0.468818 0.308770 0.084805 0.039336
35 0.325278 0.675542 0.035537 0.083701
35 0.850005 0.680635 0.038975 0.086602
34 0.552900 0.345776 0.096934 0.046787
34 0.503281 0.561646 0.203848 0.042119
34 0.964541 0.860020 0.034590 0.025371
35 0.885117 0.445874 0.084473 0.040771
35 0.823545 0.510366 0.085410 0.040928
34 0.588071 0.213843 0.023623 0.037666
34 0.888262 0.100610 0.036035 0.024072
35 0.893022 0.177603 0.084033 0.040674
35 0.816885 0.304722 0.086875 0.039424
34 0.889668 0.009917 0.037402 0.019834
34 0.551621 0.015547 0.073887 0.031094
0 0.806338 0.178950 0.033711 0.019287
0 0.372285 0.763267 0.017559 0.032119
