34 0.579038 0.107534 0.047314 0.027959
3 0.627002 0.128418 0.066406 0.069648
6 0.689644 0.933330 0.027881 0.025645
6 0.587896 0.932222 0.025088 0.028994
25 0.374570 0.594844 0.298359 0.138730
25 0.878638 0.594849 0.242725 0.152607
3 0.626943 0.201533 0.067148 0.066680
9 0.351289 0.329512 0.065195 0.063340
34 0.268823 0.305923 0.117197 0.035479
34 0.307534 0.518286 0.095693 0.045166
34 0.581187 0.180112 0.047314 0.033330
34 0.839795 0.519902 0.102148 0.041934
34 0.642480 0.975811 0.438711 0.048379
34 0.241943 0.890918 0.056934 0.137891
34 0.063965 0.283682 0.127930 0.047480
