34 0.042357 0.406260 0.078788 0.024277
34 0.045328 0.776050 0.090657 0.060654
34 0.040051 0.667183 0.080101 0.057451
34 0.052997 0.577710 0.105993 0.056670
34 0.043409 0.488442 0.086818 0.057900
34 0.265631 0.490879 0.180859 0.059141
34 0.028215 0.280820 0.041616 0.036992
35 0.394461 0.201353 0.077239 0.093955
35 0.055766 0.201919 0.071902 0.094502
34 0.383401 0.118525 0.297104 0.076328
34 0.368106 0.278384 0.042205 0.038174
34 0.096313 0.119536 0.192626 0.072119
6 0.280354 0.330059 0.036734 0.014688
6 0.180522 0.329106 0.020034 0.015107
21 0.154285 0.533149 0.055067 0.033857
0 0.155657 0.487075 0.034108 0.037256
