17 0.163510 0.537109 0.157559 0.093555
6 0.687323 0.330679 0.035892 0.019600
21 0.562340 0.743848 0.055724 0.040352
13 0.039933 0.780493 0.079865 0.073799
0 0.165471 0.163608 0.054512 0.057471
4 0.131675 0.942456 0.145236 0.083018
17 0.491616 0.961836 0.172391 0.076328
6 0.255269 0.398940 0.044478 0.030107
17 0.750194 0.205391 0.163114 0.096777
34 0.068653 0.165610 0.133030 0.068350
34 0.374369 0.438115 0.175471 0.063535
34 0.373973 0.620400 0.177172 0.064551
34 0.642374 0.637373 0.183064 0.064004
34 0.639537 0.108027 0.211061 0.106348
34 0.055976 0.711431 0.110606 0.064385
34 0.042643 0.531548 0.085286 0.098545
34 0.026355 0.943760 0.052710 0.062363
34 0.361717 0.870083 0.214949 0.105928
34 0.363426 0.010366 0.194933 0.020713
0 0.257559 0.622461 0.045455 0.046875
0 0.689478 0.372539 0.042593 0.045684
0 0.257887 0.441187 0.045943 0.046826
21 0.261751 0.671514 0.064882 0.039785
13 0.659369 0.704321 0.092677 0.066650
34 0.581195 0.371499 0.177407 0.063545
