34 0.829072 0.185507 0.160352 0.108286
35 0.826509 0.089910 0.043545 0.080654
34 0.452993 0.217954 0.127861 0.059989
35 0.656318 0.164363 0.042148 0.080045
34 0.129990 0.020874 0.077969 0.041747
6 0.230454 0.056302 0.025928 0.026990
35 0.452275 0.138157 0.046211 0.108422
0 0.131538 0.056037 0.047158 0.031285
0 0.827007 0.013653 0.015771 0.027306
34 0.878267 0.022390 0.082217 0.044780
34 0.708486 0.088320 0.081992 0.057565
34 0.661045 0.258957 0.159687 0.105152
0 0.656641 0.087864 0.017695 0.032232
0 0.452202 0.038258 0.025850 0.053021
34 0.394238 0.037740 0.086680 0.058298
