34 0.669712 0.014097 0.121318 0.028193
22 0.027690 0.700547 0.055381 0.102148
33 0.083877 0.695171 0.039785 0.050537
3 0.655601 0.368506 0.095283 0.080156
22 0.368315 0.695459 0.121807 0.107891
32 0.603237 0.605557 0.053369 0.058008
32 0.162979 0.496509 0.052207 0.051045
3 0.273716 0.862275 0.098174 0.080527
3 0.768506 0.368833 0.094668 0.082959
0 0.085166 0.396411 0.053535 0.030459
0 0.474751 0.505874 0.052529 0.028389
0 0.084790 0.497871 0.052666 0.029551
0 0.474790 0.606191 0.053350 0.031016
32 0.854668 0.605215 0.048477 0.048828
34 0.227280 0.798564 0.122803 0.075762
34 0.086616 0.448618 0.110498 0.064541
34 0.231650 0.108853 0.127324 0.067139
34 0.086621 0.632705 0.109531 0.067480
34 0.553018 0.369263 0.107383 0.068076
34 0.525454 0.697583 0.110127 0.065889
34 0.231479 0.204331 0.126221 0.067119
34 0.475088 0.557095 0.116699 0.064346
34 0.876533 0.370371 0.109141 0.067793
34 0.086631 0.347710 0.111660 0.064775
34 0.475161 0.456162 0.117354 0.064883
34 0.946680 0.849937 0.106641 0.075967
35 0.679785 0.194082 0.051523 0.120508
34 0.737808 0.087119 0.158232 0.093027
34 0.975762 0.556299 0.048477 0.066484
35 0.792544 0.194082 0.051729 0.119414
34 0.835542 0.910029 0.030107 0.052617
34 0.956777 0.190923 0.086387 0.070615
34 0.957192 0.094888 0.085518 0.069287
34 0.275244 0.587661 0.167266 0.129209
34 0.975664 0.455557 0.048672 0.065605
33 0.330547 0.202075 0.065410 0.045146
34 0.582969 0.909873 0.028613 0.052070
34 0.939673 0.681758 0.120654 0.124297
33 0.330908 0.107671 0.064219 0.045537
33 0.450996 0.699253 0.043438 0.046865
34 0.803501 0.012627 0.121494 0.025020
34 0.142554 0.986865 0.029502 0.026270
