34 0.269377 0.105146 0.180943 0.053203
34 0.069200 0.947632 0.138401 0.052588
34 0.694209 0.701143 0.339697 0.053105
0 0.271776 0.148862 0.103013 0.037432
35 0.703729 0.742769 0.173148 0.036357
35 0.306549 0.517783 0.168923 0.038203
35 0.611911 0.148550 0.169074 0.039463
34 0.306094 0.473115 0.358350 0.058730
34 0.632197 0.102070 0.275202 0.056484
34 0.067988 0.890640 0.135976 0.053154
34 0.040253 0.826221 0.080505 0.052422
34 0.668106 0.553667 0.396347 0.080459
35 0.659461 0.610708 0.174242 0.034404
