34 0.412939 0.635342 0.078262 0.045586
34 0.804424 0.061772 0.082129 0.042529
34 0.514189 0.929424 0.086094 0.046914
34 0.137144 0.090615 0.043369 0.025723
34 0.811904 0.390063 0.083105 0.047803
34 0.406816 0.226094 0.082871 0.046250
34 0.877686 0.651250 0.026797 0.044199
34 0.517334 0.243477 0.125273 0.025293
34 0.971396 0.083550 0.040078 0.021670
35 0.513970 0.576367 0.086396 0.036016
34 0.711270 0.510239 0.085117 0.042783
34 0.963291 0.025762 0.072344 0.043359
34 0.693862 0.062476 0.118545 0.040303
35 0.515264 0.273511 0.083574 0.036475
34 0.514687 0.812969 0.083828 0.046973
34 0.411021 0.529492 0.080830 0.043730
34 0.965693 0.183687 0.067930 0.044971
34 0.948057 0.976572 0.041816 0.022988
34 0.985547 0.277769 0.028574 0.045303
34 0.985034 0.753672 0.029639 0.046855
34 0.584277 0.613335 0.022910 0.041670
34 0.520942 0.545688 0.125068 0.026436
21 0.661611 0.561841 0.032676 0.039678
17 0.895566 0.094517 0.096855 0.096846
5 0.411167 0.575972 0.031787 0.053975
3 0.586318 0.811787 0.056934 0.051680
21 0.922725 0.225103 0.029004 0.032178
3 0.883462 0.389766 0.058330 0.054609
21 0.362676 0.391538 0.029961 0.032217
0 0.196157 0.347187 0.017627 0.032422
0 0.363672 0.341377 0.019121 0.033203
0 0.363369 0.633384 0.018984 0.033271
0 0.918921 0.026567 0.018604 0.032783
0 0.804312 0.097378 0.050908 0.028916
6 0.197485 0.318765 0.014600 0.012686
0 0.659009 0.511650 0.018018 0.032949
4 0.587256 0.929644 0.059609 0.056475
21 0.363174 0.683818 0.028965 0.031309
24 0.138179 0.492480 0.090322 0.294629
5 0.409253 0.273770 0.032783 0.052363
0 0.922681 0.182505 0.018076 0.034951
34 0.878560 0.258447 0.023799 0.042305
34 0.202197 0.260474 0.040137 0.020479
34 0.817373 0.162983 0.084531 0.088174
35 0.700532 0.096816 0.084834 0.037480
34 0.014214 0.156060 0.028350 0.046221
34 0.139946 0.680527 0.098643 0.084941
34 0.245083 0.348413 0.079248 0.046201
34 0.414414 0.341460 0.081484 0.044287
