34 0.605542 0.736191 0.104795 0.057813
34 0.147129 0.928750 0.071855 0.046602
34 0.613486 0.880503 0.104883 0.060264
34 0.194932 0.854502 0.032871 0.050586
34 0.611870 0.566680 0.074443 0.044258
34 0.387168 0.404478 0.065508 0.031963
6 0.507793 0.465454 0.026895 0.029248
3 0.521084 0.878853 0.073184 0.068057
1 0.518911 0.740308 0.067842 0.061982
6 0.706040 0.426860 0.032744 0.033916
33 0.544663 0.565996 0.053779 0.042578
33 0.472061 0.567119 0.051094 0.039434
6 0.304868 0.280073 0.028076 0.023389
21 0.627188 0.286875 0.054785 0.060820
3 0.203428 0.931675 0.042051 0.043545
0 0.305059 0.329316 0.020020 0.035020
0 0.627300 0.219995 0.019443 0.032705
34 0.487651 0.512686 0.031025 0.061387
34 0.416138 0.745508 0.050381 0.032031
34 0.676133 0.063218 0.050293 0.030029
34 0.419199 0.796050 0.049219 0.030596
34 0.613188 0.617993 0.076826 0.042920
34 0.444863 0.930415 0.050977 0.031807
34 0.050049 0.765020 0.099922 0.061426
34 0.249668 0.329883 0.075957 0.042676
34 0.574507 0.218813 0.077939 0.045049
34 0.287690 0.384810 0.028213 0.048428
33 0.541895 0.617744 0.062168 0.042813
34 0.050547 0.884009 0.100801 0.064561
34 0.407500 0.564331 0.075781 0.044814
