34 0.528140 0.713455 0.082080 0.051578
34 0.530562 0.630383 0.083174 0.053619
34 0.527827 0.546065 0.081084 0.051905
34 0.726270 0.462063 0.082852 0.051161
34 0.726494 0.801421 0.082637 0.052401
33 0.206865 0.462198 0.079746 0.051139
34 0.339702 0.305327 0.347627 0.035411
34 0.901875 0.307120 0.196250 0.039222
34 0.324380 0.394211 0.106768 0.037959
33 0.452671 0.630913 0.069912 0.050011
33 0.447007 0.802232 0.081396 0.050643
33 0.201772 0.545333 0.067842 0.051071
33 0.807358 0.545733 0.075596 0.051781
33 0.444150 0.713641 0.081680 0.052356
33 0.207803 0.802351 0.082656 0.051263
33 0.451519 0.375868 0.072686 0.050654
33 0.809063 0.376009 0.080664 0.050688
35 0.283896 0.066071 0.108965 0.057531
33 0.206182 0.376415 0.079160 0.051003
33 0.209648 0.713354 0.081738 0.052525
33 0.748999 0.031601 0.047725 0.063202
34 0.125659 0.713472 0.083018 0.052762
3 0.985854 0.051584 0.028291 0.056990
34 0.973281 0.103191 0.053438 0.048388
34 0.924678 0.392976 0.110840 0.040857
34 0.727041 0.546065 0.083203 0.051725
34 0.125562 0.546048 0.082783 0.051781
34 0.530400 0.801731 0.083691 0.052796
34 0.528779 0.462182 0.083145 0.050541
34 0.727114 0.713574 0.083799 0.052469
34 0.124463 0.462097 0.081836 0.050395
33 0.811431 0.713641 0.082080 0.053258
33 0.810615 0.802570 0.082715 0.052785
34 0.726099 0.375496 0.083936 0.051962
34 0.124141 0.630502 0.082441 0.053653
34 0.530420 0.375569 0.082793 0.052108
34 0.726235 0.630276 0.083193 0.053517
34 0.123857 0.375660 0.082285 0.052379
34 0.631323 0.043202 0.053174 0.032762
33 0.809199 0.462311 0.081309 0.051319
34 0.124658 0.801753 0.082324 0.053292
