34 0.219916 0.043267 0.119226 0.046123
34 0.324285 0.603027 0.127391 0.048496
34 0.418670 0.842109 0.300572 0.073047
1 0.481153 0.115513 0.046717 0.049990
1 0.304377 0.116797 0.045556 0.051484
1 0.201726 0.651475 0.045707 0.050625
0 0.481263 0.042588 0.046465 0.050859
35 0.203316 0.890928 0.063906 0.087383
34 0.400774 0.115591 0.123165 0.045811
34 0.121187 0.729038 0.125539 0.044346
0 0.039436 0.043042 0.046481 0.051240
34 0.103131 0.420908 0.206263 0.115078
34 0.397374 0.422031 0.319461 0.116719
34 0.120884 0.651079 0.124966 0.044873
34 0.209116 0.968721 0.353653 0.062559
34 0.399714 0.043149 0.123502 0.044912
1 0.039301 0.114526 0.051902 0.052686
35 0.026406 0.318774 0.052811 0.087373
0 0.303401 0.043901 0.045926 0.051924
35 0.413577 0.763804 0.065875 0.087939
0 0.413880 0.601060 0.046448 0.050615
34 0.391877 0.673433 0.046448 0.050420
0 0.204495 0.727139 0.044040 0.050391
34 0.217753 0.116440 0.123182 0.044971
34 0.180951 0.799331 0.047593 0.049697
35 0.389082 0.319053 0.064394 0.089551
