21 0.179219 0.089897 0.070762 0.080049
0 0.387227 0.587568 0.035215 0.056113
0 0.032793 0.483364 0.058340 0.035537
0 0.850732 0.483213 0.057324 0.036836
34 0.960679 0.674653 0.078643 0.083682
33 0.039331 0.280518 0.077744 0.072812
33 0.451577 0.280547 0.120635 0.071836
33 0.835474 0.280820 0.121279 0.071953
33 0.835635 0.103765 0.121719 0.072686
33 0.834932 0.195601 0.122109 0.071943
33 0.835728 0.367632 0.120420 0.073232
33 0.451235 0.103218 0.121963 0.073975
33 0.451118 0.367407 0.121846 0.072588
33 0.039229 0.367764 0.077969 0.073398
34 0.487788 0.648271 0.071904 0.039863
34 0.291221 0.728608 0.077461 0.042354
33 0.451328 0.195229 0.121309 0.073584
33 0.039243 0.195151 0.078232 0.073564
34 0.633550 0.365347 0.225830 0.052314
34 0.952144 0.100815 0.095498 0.046064
0 0.105947 0.015078 0.055020 0.029961
0 0.770503 0.587334 0.033623 0.055684
34 0.952119 0.363374 0.095117 0.044600
34 0.680918 0.647759 0.069844 0.041084
34 0.952295 0.277886 0.095176 0.043408
34 0.189385 0.193594 0.202344 0.052012
34 0.188247 0.365601 0.202666 0.050635
34 0.630327 0.101499 0.218682 0.051963
34 0.187139 0.279316 0.198828 0.050234
34 0.951777 0.192896 0.095391 0.043291
34 0.632803 0.281729 0.225801 0.053770
34 0.623662 0.198931 0.207520 0.053760
0 0.308706 0.483115 0.058154 0.035840
6 0.921191 0.440283 0.034512 0.036582
0 0.031855 0.015225 0.056816 0.030352
6 0.236094 0.441021 0.036035 0.035068
5 0.983154 0.749409 0.033691 0.071924
6 0.105557 0.440820 0.041758 0.044082
