7 0.078501 0.298398 0.033330 0.039785
34 0.798350 0.620449 0.065879 0.045918
6 0.943286 0.536265 0.015498 0.015107
21 0.279868 0.016475 0.025986 0.031816
6 0.484727 0.139634 0.016133 0.018369
6 0.454702 0.111396 0.017920 0.015684
35 0.866016 0.701899 0.035566 0.084404
34 0.862944 0.762656 0.060693 0.043496
34 0.036235 0.342227 0.027021 0.050098
3 0.930708 0.622900 0.051865 0.050527
34 0.993237 0.955308 0.013525 0.052666
34 0.096943 0.526499 0.121348 0.033506
33 0.951187 0.984814 0.051064 0.030176
34 0.564033 0.609717 0.028496 0.053105
35 0.089854 0.472822 0.038320 0.087227
21 0.529224 0.017397 0.027529 0.032432
34 0.976138 0.412773 0.030342 0.048691
34 0.075322 0.102974 0.131191 0.028877
34 0.781113 0.889497 0.028906 0.050518
34 0.388154 0.090122 0.129746 0.029736
35 0.070459 0.049038 0.037480 0.086201
34 0.889971 0.984507 0.071055 0.030986
35 0.385293 0.038442 0.038027 0.076885
34 0.894814 0.915039 0.067891 0.046309
34 0.138936 0.294595 0.071758 0.047041
34 0.931050 0.831558 0.115186 0.049971
34 0.903213 0.500977 0.054160 0.026953
33 0.963179 0.917119 0.071963 0.045508
34 0.941089 0.762729 0.061045 0.043213
3 0.854844 0.622485 0.049395 0.051240
34 0.885537 0.370098 0.065312 0.046875
35 0.942446 0.701636 0.034932 0.083838
34 0.727524 0.951104 0.030303 0.049961
34 0.979873 0.531631 0.040254 0.045020
34 0.977632 0.623462 0.044736 0.045107
