34 0.784712 0.724854 0.076377 0.045254
34 0.586411 0.030869 0.025303 0.038437
34 0.036548 0.860835 0.038643 0.026650
35 0.273359 0.625933 0.039941 0.090596
35 0.159878 0.466074 0.084951 0.038457
34 0.790576 0.047803 0.025020 0.035156
34 0.937275 0.249048 0.125449 0.028857
35 0.967222 0.532246 0.065557 0.034180
35 0.803501 0.107461 0.038643 0.085586
34 0.799746 0.578667 0.088438 0.081201
34 0.581421 0.609639 0.041338 0.023945
34 0.627319 0.693955 0.077744 0.044277
34 0.521440 0.588940 0.083838 0.043584
34 0.402236 0.847021 0.072305 0.044570
34 0.356978 0.947012 0.025283 0.037949
33 0.433076 0.600513 0.061426 0.039053
34 0.034941 0.953638 0.036172 0.024404
34 0.717788 0.945723 0.024736 0.035859
34 0.238789 0.946196 0.022949 0.036787
35 0.915459 0.167319 0.034531 0.087002
35 0.082329 0.692993 0.039873 0.085830
35 0.134380 0.874570 0.086006 0.037031
34 0.980747 0.609546 0.037627 0.024033
34 0.637749 0.457749 0.039795 0.022490
34 0.595645 0.946016 0.024961 0.037188
34 0.875981 0.498779 0.079736 0.042031
34 0.751475 0.437187 0.085742 0.043262
34 0.628877 0.548125 0.078359 0.044258
34 0.876465 0.847275 0.069805 0.046250
34 0.523960 0.847310 0.074541 0.045928
34 0.035693 0.906416 0.035273 0.024590
34 0.831025 0.946123 0.023691 0.036406
34 0.069966 0.761938 0.023838 0.035166
35 0.136665 0.693330 0.038115 0.084980
35 0.600347 0.089224 0.040303 0.086221
35 0.133848 0.967515 0.086973 0.038643
34 0.323193 0.186279 0.175937 0.046211
34 0.762095 0.847275 0.068076 0.045078
35 0.320684 0.122573 0.039785 0.085420
34 0.326367 0.707036 0.085273 0.046592
34 0.804136 0.517446 0.040010 0.020537
34 0.283950 0.847109 0.072236 0.047148
34 0.265786 0.022861 0.084951 0.045527
34 0.135942 0.629648 0.206748 0.049219
34 0.652856 0.780381 0.040986 0.023301
34 0.069707 0.435342 0.076836 0.047187
34 0.124355 0.761797 0.024707 0.034961
34 0.601465 0.159541 0.121563 0.059492
34 0.307207 0.059336 0.024082 0.038203
34 0.023213 0.045737 0.046426 0.049053
35 0.134351 0.919888 0.086748 0.038311
34 0.416978 0.556455 0.085303 0.044883
34 0.258242 0.759370 0.022676 0.033506
34 0.887139 0.666255 0.080117 0.044521
34 0.476387 0.946265 0.023340 0.037471
34 0.642852 0.846714 0.072520 0.046084
34 0.180488 0.761841 0.024883 0.035615
35 0.191909 0.692915 0.039424 0.086865
34 0.982690 0.068433 0.034502 0.044873
34 0.453032 0.103999 0.022725 0.041748
34 0.980332 0.118901 0.039336 0.044189
34 0.453242 0.254033 0.022715 0.040156
34 0.870142 0.095596 0.070400 0.046504
34 0.804819 0.188442 0.134404 0.078975
34 0.951343 0.722427 0.080537 0.043994
35 0.952163 0.190312 0.036299 0.089023
34 0.975747 0.652432 0.048486 0.043340
34 0.938945 0.069653 0.023145 0.034639
34 0.271719 0.545605 0.120117 0.075469
17 0.705952 0.621353 0.102686 0.107354
6 0.678530 0.518667 0.012842 0.016338
6 0.822578 0.470825 0.018789 0.016338
6 0.466992 0.209448 0.016816 0.014287
6 0.467832 0.196416 0.021855 0.015977
3 0.793462 0.012002 0.040908 0.024004
21 0.890054 0.728203 0.028369 0.029551
0 0.067734 0.467480 0.034004 0.019687
0 0.520786 0.624287 0.046885 0.026719
0 0.876309 0.532485 0.046387 0.028037
3 0.263569 0.707104 0.039502 0.037334
0 0.736260 0.724873 0.017188 0.031719
0 0.950093 0.757109 0.047354 0.027598
13 0.375244 0.885303 0.033594 0.044395
0 0.750684 0.471816 0.048457 0.026172
21 0.675630 0.736230 0.029385 0.030254
0 0.675703 0.695415 0.018867 0.032139
13 0.736519 0.885342 0.033896 0.046445
13 0.494146 0.884497 0.033643 0.045967
13 0.257354 0.884980 0.033906 0.045449
0 0.320239 0.021313 0.017998 0.032744
0 0.415337 0.981123 0.034248 0.020000
6 0.735894 0.694370 0.016006 0.012959
13 0.845068 0.696880 0.041113 0.059170
0 0.678218 0.548999 0.017744 0.032588
0 0.950898 0.119263 0.018672 0.034639
13 0.850347 0.884766 0.033916 0.045840
0 0.653599 0.980024 0.033115 0.019717
0 0.889321 0.980059 0.034111 0.019551
0 0.776157 0.980415 0.032354 0.019541
0 0.535146 0.980088 0.034883 0.020801
13 0.614136 0.884321 0.032900 0.046084
0 0.297056 0.980439 0.032588 0.019570
0 0.916479 0.096289 0.017646 0.032187
34 0.262373 0.466138 0.117207 0.035479
