0 0.858496 0.727588 0.026973 0.046055
34 0.098164 0.069644 0.052695 0.031318
34 0.956685 0.869214 0.086631 0.112393
34 0.322383 0.420781 0.135273 0.097187
34 0.130562 0.962368 0.114658 0.058936
34 0.937466 0.964248 0.121162 0.056836
34 0.183042 0.043501 0.103682 0.055811
34 0.932959 0.727300 0.119004 0.060283
34 0.127358 0.717651 0.113096 0.058643
34 0.217207 0.499907 0.048027 0.029697
34 0.966216 0.042764 0.067314 0.054570
34 0.905234 0.068198 0.055449 0.032783
34 0.679927 0.295054 0.110615 0.057100
34 0.523232 0.413721 0.108281 0.058652
34 0.246680 0.236216 0.110352 0.059111
34 0.034346 0.243062 0.033418 0.046885
34 0.309160 0.322144 0.046387 0.028623
34 0.361899 0.086577 0.146006 0.038818
34 0.843232 0.127012 0.027559 0.045488
0 0.055400 0.717954 0.027402 0.048525
11 0.055103 0.859614 0.092178 0.085342
0 0.168306 0.238672 0.028447 0.048965
22 0.323652 0.517388 0.102090 0.097451
11 0.857842 0.859805 0.091055 0.086133
0 0.978706 0.088296 0.042588 0.032002
0 0.182935 0.087642 0.057393 0.033623
0 0.446675 0.416133 0.027998 0.049648
0 0.679629 0.338438 0.048320 0.028535
0 0.858228 0.964790 0.027373 0.046514
0 0.055278 0.964941 0.026865 0.046582
