34 0.479067 0.962998 0.092803 0.049824
34 0.958628 0.897681 0.082744 0.051982
34 0.758208 0.011714 0.090967 0.023350
21 0.349097 0.138779 0.029990 0.032305
5 0.046250 0.612622 0.066738 0.035537
1 0.914932 0.850503 0.069414 0.037979
33 0.126401 0.800981 0.036299 0.046865
34 0.746084 0.515381 0.046934 0.028184
34 0.958003 0.954282 0.083896 0.054502
34 0.122881 0.751021 0.097402 0.050967
34 0.917017 0.810752 0.095615 0.050449
34 0.680708 0.986348 0.051846 0.025937
34 0.364536 0.764058 0.106807 0.053721
34 0.609634 0.643696 0.098271 0.053740
34 0.012422 0.221797 0.024746 0.056484
21 0.967314 0.767485 0.025605 0.030869
35 0.119995 0.385420 0.042432 0.092832
34 0.624126 0.926377 0.086201 0.049883
34 0.740674 0.926143 0.095625 0.050898
0 0.822847 0.532148 0.033740 0.018184
34 0.845386 0.710864 0.089600 0.049873
34 0.229194 0.751260 0.096260 0.052148
34 0.931616 0.711851 0.076885 0.050400
34 0.223618 0.891050 0.117080 0.048311
33 0.225742 0.801108 0.036250 0.047217
34 0.671284 0.703716 0.048252 0.027451
34 0.295010 0.833789 0.049824 0.027520
34 0.116616 0.318184 0.133896 0.047148
34 0.752310 0.643115 0.096475 0.051719
0 0.424517 0.898989 0.017217 0.030244
34 0.230425 0.543789 0.093389 0.052051
34 0.632812 0.775889 0.097949 0.050137
34 0.338247 0.900889 0.087627 0.044492
34 0.822070 0.499062 0.087598 0.049082
4 0.611841 0.705239 0.078232 0.075205
34 0.407485 0.086304 0.095654 0.053467
3 0.620005 0.975781 0.073662 0.048438
34 0.103008 0.467632 0.028867 0.047471
33 0.364712 0.819121 0.037139 0.057109
0 0.338867 0.930420 0.030078 0.016250
0 0.990571 0.577866 0.018721 0.031396
0 0.846030 0.743003 0.031592 0.017705
0 0.929224 0.743140 0.029502 0.017354
34 0.479648 0.903926 0.093496 0.050781
0 0.348604 0.085386 0.024453 0.046143
34 0.750869 0.774653 0.094102 0.049482
3 0.742236 0.975229 0.073516 0.049541
34 0.029961 0.774502 0.027695 0.057207
21 0.174331 0.572583 0.028545 0.031240
3 0.752075 0.705229 0.072666 0.074170
0 0.990532 0.630020 0.018271 0.030176
0 0.424565 0.961362 0.017119 0.031846
3 0.752905 0.835264 0.072861 0.072695
0 0.173662 0.540117 0.017891 0.030918
4 0.632900 0.836187 0.075117 0.073369
21 0.989521 0.667212 0.020957 0.033330
