34 0.862217 0.432740 0.082012 0.057768
34 0.274307 0.193236 0.196211 0.071184
34 0.787173 0.333495 0.031670 0.057926
34 0.388564 0.470552 0.097930 0.067802
34 0.965947 0.431060 0.068105 0.057971
34 0.971143 0.309098 0.057715 0.105118
34 0.638833 0.217418 0.079639 0.049605
34 0.642524 0.130017 0.081182 0.051127
33 0.841118 0.171984 0.072959 0.050192
34 0.750093 0.400699 0.083564 0.057452
34 0.764399 0.172452 0.080107 0.049887
3 0.173486 0.563371 0.067715 0.078106
0 0.915093 0.432063 0.024170 0.045457
0 0.688672 0.401257 0.022734 0.044183
0 0.804658 0.401359 0.023203 0.044611
6 0.327603 0.415676 0.021201 0.023303
21 0.804824 0.539634 0.041348 0.060891
21 0.915181 0.542170 0.040518 0.062131
0 0.328276 0.470705 0.022822 0.046911
21 0.687925 0.550293 0.037119 0.066967
33 0.706748 0.128737 0.047715 0.049718
33 0.701436 0.216747 0.045039 0.047520
34 0.273330 0.040874 0.209980 0.068670
34 0.173706 0.487249 0.099756 0.066313
34 0.309634 0.524380 0.030479 0.051037
35 0.281230 0.251764 0.110703 0.053382
35 0.281577 0.098856 0.105752 0.053856
34 0.463442 0.229222 0.058232 0.037272
34 0.632793 0.402266 0.085527 0.059121
34 0.032417 0.527277 0.064521 0.062424
34 0.464067 0.076798 0.058311 0.037745
34 0.670806 0.325259 0.030498 0.056764
