6 0.214238 0.306587 0.025898 0.026494
6 0.216543 0.349292 0.025547 0.019268
6 0.289595 0.340327 0.018369 0.028232
6 0.289595 0.311870 0.019268 0.022412
6 0.289819 0.278257 0.019717 0.021514
6 0.290044 0.244194 0.020166 0.021514
5 0.142437 0.833071 0.021201 0.036299
5 0.455376 0.818618 0.022412 0.039443
6 0.092515 0.124438 0.023525 0.022510
34 0.541836 0.647222 0.130156 0.038291
6 0.289946 0.375703 0.021162 0.023203
34 0.221382 0.645923 0.122236 0.038135
34 0.388667 0.943218 0.129580 0.026807
34 0.074487 0.957324 0.130967 0.030508
6 0.291963 0.213335 0.023320 0.024014
34 0.413491 0.788115 0.069424 0.043223
34 0.425894 0.496338 0.049443 0.027031
34 0.098979 0.802324 0.074307 0.044883
0 0.096948 0.834668 0.034268 0.019062
35 0.385352 0.888174 0.036621 0.084961
35 0.070874 0.901924 0.037549 0.086738
21 0.280146 0.870508 0.026035 0.033145
21 0.529473 0.871177 0.025898 0.031279
34 0.426445 0.431738 0.102383 0.055254
25 0.537681 0.649214 0.291631 0.210693
34 0.574463 0.823770 0.069922 0.053125
0 0.411963 0.820220 0.033301 0.019639
34 0.323867 0.822520 0.068262 0.052148
0 0.280879 0.821982 0.016641 0.032070
0 0.530059 0.822876 0.016836 0.033252
25 0.219937 0.648979 0.283896 0.211006
6 0.213179 0.219771 0.023311 0.021064
6 0.092173 0.169126 0.019717 0.021963
6 0.216543 0.175171 0.025547 0.021514
6 0.287354 0.144478 0.021953 0.021064
6 0.289370 0.178760 0.018818 0.024199
