34 0.930171 0.470742 0.078428 0.050195
34 0.926357 0.610352 0.077090 0.048848
34 0.925688 0.556123 0.074854 0.048848
34 0.800649 0.564639 0.080225 0.053340
34 0.804229 0.466489 0.075742 0.047959
34 0.741489 0.715000 0.153721 0.077090
34 0.700928 0.610327 0.077090 0.047998
34 0.699805 0.557021 0.074844 0.049746
34 0.653198 0.493379 0.047959 0.025547
34 0.566924 0.565757 0.076191 0.055576
34 0.569390 0.453716 0.076631 0.047510
34 0.480649 0.472988 0.078428 0.051094
34 0.346421 0.467158 0.146104 0.051992
34 0.539810 0.368340 0.079326 0.049746
34 0.396396 0.358032 0.143867 0.054229
0 0.877007 0.557534 0.017393 0.030107
0 0.849185 0.564941 0.017393 0.027676
3 0.720405 0.496724 0.058115 0.061396
3 0.464927 0.938062 0.058115 0.064697
3 0.805937 0.388174 0.055918 0.061406
0 0.650293 0.608857 0.018379 0.030625
0 0.649941 0.557490 0.017676 0.029746
0 0.615820 0.564058 0.018027 0.028525
4 0.770298 0.856401 0.055928 0.065732
3 0.813135 0.017725 0.046387 0.035449
2 0.927974 0.512427 0.055928 0.025830
34 0.425522 0.250479 0.205713 0.073027
34 0.933530 0.008599 0.054678 0.017197
33 0.965063 0.969360 0.053760 0.061279
0 0.848511 0.469209 0.015850 0.030137
6 0.957119 0.774541 0.014375 0.016523
0 0.957803 0.811816 0.016992 0.028633
0 0.615293 0.456343 0.018027 0.032197
34 0.608154 0.038481 0.075293 0.046162
34 0.502388 0.036016 0.076182 0.048398
6 0.983447 0.312417 0.014648 0.013896
2 0.928521 0.404731 0.059209 0.028506
0 0.501221 0.073662 0.036074 0.017246
0 0.609580 0.075225 0.032617 0.021016
0 0.480615 0.513481 0.049863 0.029482
0 0.539614 0.407168 0.048799 0.027109
21 0.980776 0.326885 0.030693 0.036484
35 0.420977 0.172588 0.034414 0.087090
35 0.395708 0.403232 0.084951 0.038711
35 0.347856 0.512373 0.086025 0.041934
35 0.651084 0.677964 0.036562 0.082803
35 0.615601 0.677964 0.034404 0.087100
35 0.608608 0.874199 0.084951 0.045156
35 0.848394 0.701621 0.035479 0.087090
35 0.333877 0.958608 0.086016 0.035479
34 0.959976 0.913320 0.079775 0.050645
34 0.738350 0.984805 0.075742 0.025098
34 0.648940 0.940210 0.044814 0.029131
0 0.877236 0.608652 0.017539 0.030098
34 0.557739 0.985454 0.078428 0.029092
34 0.330962 0.918472 0.132217 0.051084
34 0.465190 0.878589 0.073506 0.046611
34 0.596055 0.828838 0.199883 0.051094
34 0.769272 0.795225 0.070361 0.050195
34 0.858013 0.855728 0.061396 0.024209
34 0.910894 0.810464 0.071260 0.048408
34 0.722891 0.438721 0.074395 0.050684
34 0.707646 0.387612 0.050195 0.030029
34 0.805801 0.332485 0.076191 0.046162
34 0.927031 0.364082 0.076641 0.050195
