34 0.648145 0.832715 0.102578 0.062187
34 0.552002 0.754268 0.032344 0.061074
34 0.350898 0.927661 0.115371 0.061182
34 0.656934 0.927373 0.104336 0.060586
34 0.807925 0.926230 0.104736 0.061113
34 0.251763 0.754438 0.032100 0.062607
34 0.199326 0.834058 0.104883 0.063701
34 0.344668 0.832861 0.102676 0.061113
34 0.851167 0.754634 0.031084 0.062100
34 0.039214 0.527090 0.078428 0.063027
34 0.498496 0.590718 0.119512 0.066768
34 0.038384 0.329160 0.076768 0.060039
34 0.497632 0.833789 0.101611 0.062109
34 0.701260 0.754692 0.031992 0.061475
34 0.401953 0.754731 0.031289 0.060889
34 0.501953 0.927090 0.103535 0.061426
34 0.795371 0.833066 0.102773 0.062070
0 0.569805 0.832368 0.045449 0.081045
0 0.869033 0.833164 0.045293 0.079258
22 0.869312 0.967617 0.119014 0.064766
2 0.032090 0.575259 0.064180 0.038506
0 0.419863 0.832441 0.044512 0.079961
0 0.719531 0.832393 0.045801 0.081641
22 0.717036 0.968784 0.120186 0.062432
22 0.571763 0.965869 0.116689 0.068262
22 0.422983 0.967036 0.120186 0.065928
22 0.268960 0.964990 0.115518 0.068848
0 0.269712 0.833291 0.047490 0.079785
2 0.033838 0.383311 0.067676 0.037344
6 0.128940 0.477246 0.024502 0.019844
34 0.200693 0.927153 0.106074 0.061650
33 0.497070 0.671919 0.061797 0.078096
