35 0.855630 0.580039 0.041006 0.067910
0 0.291074 0.734219 0.052383 0.030391
24 0.142681 0.091055 0.062646 0.084687
11 0.759980 0.416631 0.087676 0.085664
1 0.759595 0.185098 0.029502 0.054922
0 0.759688 0.082002 0.030098 0.054902
33 0.265142 0.484316 0.044639 0.076426
34 0.411909 0.040967 0.027959 0.046113
33 0.697227 0.442881 0.060898 0.045039
35 0.592397 0.616323 0.094404 0.042139
34 0.271704 0.598350 0.047607 0.028340
34 0.946274 0.127085 0.046240 0.028057
34 0.199824 0.470073 0.074668 0.044541
34 0.631567 0.442549 0.070869 0.043750
0 0.466782 0.615620 0.040361 0.022510
0 0.290835 0.804717 0.054600 0.031328
20 0.102959 0.582266 0.205918 0.573125
0 0.855869 0.515703 0.014883 0.025039
34 0.855830 0.411812 0.091582 0.079541
34 0.144829 0.024590 0.095127 0.049180
34 0.744463 0.316899 0.024570 0.053037
34 0.709424 0.185737 0.070020 0.043096
34 0.630562 0.386035 0.070674 0.045508
34 0.967861 0.435435 0.064277 0.043525
34 0.463799 0.581079 0.083066 0.047549
34 0.988115 0.238779 0.023770 0.040781
34 0.042012 0.208804 0.025078 0.053975
34 0.968027 0.382046 0.063594 0.041982
34 0.292344 0.769448 0.075488 0.039971
34 0.658706 0.241157 0.070771 0.042510
34 0.593530 0.560239 0.149814 0.076416
34 0.707241 0.080566 0.072256 0.044453
33 0.727275 0.239678 0.058027 0.038418
34 0.844521 0.642861 0.145859 0.067637
34 0.290894 0.698345 0.072881 0.041436
34 0.810332 0.516411 0.073496 0.048096
33 0.697671 0.385962 0.062549 0.044697
