34 0.628872 0.869092 0.438148 0.068086
3 0.087281 0.855566 0.113586 0.056953
3 0.378956 0.434297 0.114242 0.058223
0 0.053182 0.546738 0.038384 0.042637
34 0.479705 0.729829 0.195404 0.057373
3 0.384285 0.592285 0.113418 0.057031
0 0.485606 0.772759 0.072761 0.023838
34 0.161978 0.545737 0.185606 0.059717
0 0.181810 0.924951 0.040354 0.042344
0 0.258451 0.685596 0.072492 0.023184
34 0.082197 0.925000 0.164394 0.057383
34 0.442416 0.216836 0.297660 0.100371
34 0.093981 0.798408 0.183350 0.058086
34 0.254882 0.763164 0.194276 0.059355
33 0.250118 0.827998 0.075623 0.065801
34 0.387323 0.535273 0.188990 0.057500
35 0.334116 0.864863 0.140084 0.043105
35 0.610396 0.772358 0.143956 0.039482
35 0.245101 0.221162 0.148956 0.040547
6 0.079158 0.458608 0.038923 0.024736
21 0.621355 0.723125 0.051902 0.039785
3 0.518653 0.542456 0.103805 0.065146
34 0.200421 0.412466 0.171313 0.057783
34 0.384040 0.375747 0.197980 0.059326
34 0.657753 0.539238 0.195842 0.059590
34 0.248897 0.644727 0.194226 0.057461
21 0.183897 0.984414 0.055606 0.031172
34 0.546279 0.646782 0.205758 0.063447
35 0.601894 0.603511 0.142744 0.032822
34 0.048199 0.202461 0.096397 0.033984
35 0.553316 0.444595 0.142357 0.036123
0 0.545210 0.686304 0.068906 0.022939
34 0.718956 0.444629 0.291650 0.096328
34 0.052029 0.421758 0.100084 0.084531
34 0.767298 0.769385 0.166987 0.093105
34 0.759949 0.602905 0.198114 0.060322
