34 0.211118 0.309526 0.030986 0.046299
34 0.277427 0.863984 0.074189 0.056992
34 0.284414 0.768286 0.083867 0.059131
34 0.661846 0.772588 0.083848 0.061289
34 0.347856 0.234946 0.094619 0.065596
34 0.345708 0.348921 0.094619 0.065615
34 0.275796 0.721992 0.028018 0.027246
34 0.337212 0.185815 0.038096 0.025674
34 0.649653 0.727134 0.027139 0.027705
34 0.641201 0.389238 0.035957 0.027266
34 0.515752 0.476475 0.027852 0.044473
33 0.808813 0.096318 0.079600 0.047852
33 0.388389 0.518413 0.046563 0.058428
34 0.156182 0.729565 0.029160 0.044424
34 0.531875 0.736118 0.029199 0.045049
34 0.843794 0.509375 0.026611 0.045762
34 0.723281 0.624897 0.053438 0.031670
34 0.479458 0.414507 0.030010 0.044248
34 0.935439 0.389976 0.111660 0.062764
34 0.350728 0.036152 0.112783 0.062266
34 0.568813 0.333604 0.111533 0.062910
34 0.719219 0.526650 0.113281 0.061738
34 0.570522 0.217256 0.112158 0.062715
34 0.707637 0.100220 0.113906 0.063057
34 0.704541 0.197539 0.113047 0.063437
34 0.311597 0.510229 0.103604 0.060635
34 0.344502 0.137720 0.112656 0.060635
33 0.452075 0.035103 0.084482 0.048682
34 0.362046 0.431299 0.110361 0.061133
34 0.097949 0.917817 0.113906 0.062412
34 0.020796 0.545239 0.041592 0.094424
34 0.933545 0.278647 0.112715 0.063271
0 0.431367 0.430098 0.020313 0.034902
0 0.496138 0.333384 0.036631 0.064404
0 0.793721 0.523193 0.020840 0.035840
0 0.418862 0.137935 0.020811 0.035498
0 0.778794 0.196636 0.020986 0.037686
6 0.304453 0.225112 0.016289 0.016279
3 0.841030 0.275923 0.074814 0.073994
0 0.172051 0.917056 0.020605 0.036357
21 0.779082 0.254424 0.036406 0.040371
3 0.480386 0.220308 0.074834 0.072236
21 0.418496 0.195796 0.037051 0.040713
6 0.431738 0.390054 0.017676 0.017334
21 0.172505 0.975347 0.034424 0.039873
6 0.792178 0.484180 0.017285 0.016523
6 0.305225 0.339351 0.018477 0.017080
6 0.171470 0.685171 0.025908 0.034209
6 0.607485 0.429106 0.016924 0.016221
6 0.548696 0.690859 0.026025 0.034102
6 0.857559 0.594834 0.020898 0.031348
6 0.622666 0.767974 0.014941 0.016182
6 0.496016 0.500195 0.021191 0.031777
6 0.532256 0.523335 0.022305 0.033447
6 0.230078 0.400962 0.023418 0.034014
6 0.246904 0.760679 0.016191 0.017275
6 0.247085 0.855698 0.017998 0.015830
0 0.857715 0.389565 0.036797 0.063877
