34 0.611577 0.921753 0.038076 0.061143
3 0.339209 0.070767 0.081367 0.076279
3 0.818457 0.070649 0.081680 0.075264
6 0.634771 0.143506 0.029990 0.025898
0 0.634478 0.336133 0.038623 0.073672
0 0.634385 0.571553 0.037461 0.073398
5 0.188413 0.467207 0.064053 0.077617
17 0.634731 0.748604 0.122549 0.122539
34 0.237437 0.071797 0.120537 0.073086
34 0.351753 0.334268 0.132373 0.109961
34 0.552412 0.570776 0.120410 0.071006
34 0.833569 0.345166 0.168135 0.147578
34 0.332129 0.561123 0.121152 0.073203
34 0.831343 0.603594 0.228623 0.114668
34 0.714692 0.070391 0.118467 0.072832
34 0.306812 0.826445 0.210088 0.081270
34 0.551973 0.336143 0.121680 0.070898
34 0.138691 0.678828 0.230664 0.114648
34 0.969561 0.396240 0.060801 0.072441
34 0.610669 0.229829 0.039189 0.062686
35 0.832896 0.222764 0.055537 0.115371
34 0.533682 0.990444 0.123477 0.019111
35 0.823799 0.719492 0.132402 0.055664
35 0.131040 0.794854 0.132803 0.056172
35 0.826763 0.781343 0.132764 0.055303
34 0.700522 0.439355 0.062705 0.038437
34 0.611401 0.647349 0.037842 0.062334
35 0.356157 0.222964 0.057549 0.115986
34 0.027671 0.441035 0.055342 0.040430
34 0.928643 0.830239 0.061992 0.038057
35 0.133984 0.855200 0.133105 0.054854
34 0.947407 0.751660 0.105107 0.078613
34 0.522065 0.830063 0.062764 0.037217
34 0.984927 0.560078 0.030146 0.070977
34 0.188940 0.395552 0.123682 0.070498
