3 0.427607 0.594360 0.051387 0.055635
0 0.627983 0.940635 0.018447 0.029414
0 0.352007 0.716196 0.018135 0.030010
0 0.485229 0.293569 0.049463 0.033096
0 0.490586 0.985649 0.020410 0.028545
0 0.352051 0.661050 0.018887 0.029385
33 0.510244 0.785918 0.043926 0.033164
33 0.568057 0.656616 0.048398 0.037197
34 0.652104 0.261250 0.226885 0.055918
34 0.799956 0.274692 0.051611 0.031182
34 0.414473 0.990303 0.102148 0.019395
3 0.274043 0.115156 0.057246 0.050039
34 0.370591 0.372046 0.060674 0.033018
34 0.428701 0.539194 0.105195 0.052393
34 0.577666 0.502710 0.029258 0.046885
34 0.679995 0.986475 0.099775 0.026582
33 0.710830 0.868564 0.035859 0.057910
34 0.693740 0.729824 0.095684 0.049961
34 0.555215 0.587969 0.055488 0.027480
35 0.305132 0.903125 0.073057 0.036621
34 0.966074 0.588940 0.067852 0.109482
35 0.774956 0.763623 0.074600 0.037070
34 0.681108 0.561587 0.095010 0.052178
34 0.775200 0.507207 0.095771 0.053086
35 0.293486 0.606372 0.078145 0.035088
34 0.428398 0.426440 0.107148 0.054854
34 0.299912 0.553413 0.128691 0.077783
34 0.591021 0.010913 0.030557 0.021826
34 0.500200 0.358843 0.104248 0.051846
34 0.484722 0.249990 0.094287 0.052461
34 0.688218 0.940894 0.099990 0.054678
34 0.708276 0.812822 0.094541 0.052422
34 0.394775 0.833213 0.104863 0.052227
34 0.506265 0.739414 0.095381 0.053926
34 0.290386 0.719326 0.099600 0.052285
34 0.548589 0.411206 0.028389 0.043096
34 0.553276 0.979326 0.101924 0.041348
34 0.415850 0.949863 0.101523 0.051270
34 0.291138 0.663462 0.100576 0.051338
34 0.613579 0.651436 0.027979 0.047754
34 0.492900 0.658237 0.103652 0.055479
34 0.357090 0.115708 0.104648 0.055205
34 0.364287 0.023052 0.108145 0.045771
34 0.650708 0.881201 0.057236 0.029844
34 0.355737 0.248511 0.142510 0.056436
34 0.788726 0.731787 0.095459 0.031172
34 0.509448 0.832383 0.094697 0.052656
0 0.565337 0.360913 0.024736 0.038682
21 0.351294 0.751694 0.028857 0.031494
0 0.703975 0.690645 0.031484 0.022070
22 0.512471 0.899956 0.073691 0.084209
3 0.428896 0.483521 0.050508 0.056904
0 0.301963 0.016665 0.019121 0.029678
0 0.686514 0.764468 0.030684 0.020908
6 0.565508 0.315469 0.019219 0.017949
1 0.681787 0.605645 0.050898 0.034219
3 0.395664 0.890371 0.049766 0.057285
21 0.303135 0.053433 0.026328 0.031494
0 0.354795 0.948823 0.020215 0.031475
34 0.776045 0.993398 0.092598 0.013203
33 0.775273 0.568677 0.038945 0.066748
34 0.334297 0.872036 0.068789 0.027236
35 0.362910 0.293418 0.090625 0.036406
34 0.658687 0.183413 0.304990 0.052939
34 0.713496 0.368550 0.231953 0.056299
34 0.686938 0.653032 0.091768 0.049131
34 0.383853 0.477871 0.045029 0.028066
