0 0.688833 0.221108 0.030439 0.056436
35 0.906226 0.480732 0.042119 0.068516
35 0.344951 0.579409 0.041504 0.066475
34 0.093008 0.127217 0.045801 0.027520
34 0.767715 0.396904 0.047285 0.027168
34 0.237178 0.319023 0.024941 0.051875
34 0.199580 0.184336 0.072695 0.040625
34 0.196094 0.078311 0.074316 0.042793
34 0.479150 0.101055 0.047578 0.026797
34 0.741646 0.222373 0.073682 0.045195
33 0.189243 0.440146 0.063291 0.045957
34 0.118413 0.381792 0.072568 0.042217
34 0.891318 0.222207 0.076641 0.045605
34 0.347041 0.643799 0.151523 0.066875
33 0.281724 0.237944 0.055479 0.038115
34 0.159683 0.238525 0.074287 0.040742
34 0.392979 0.517905 0.075645 0.048857
34 0.741777 0.321919 0.073184 0.045186
34 0.346304 0.234907 0.071631 0.043271
33 0.189492 0.382959 0.063672 0.045020
34 0.891382 0.321675 0.076045 0.045752
34 0.908657 0.552915 0.152471 0.074131
34 0.023892 0.412549 0.047783 0.079414
34 0.587725 0.321504 0.070449 0.045742
34 0.032788 0.643779 0.065518 0.063398
34 0.587754 0.222432 0.070859 0.045332
34 0.348823 0.411182 0.097900 0.077324
34 0.119004 0.435464 0.072480 0.043291
35 0.011611 0.580493 0.023027 0.067236
0 0.251675 0.078594 0.029658 0.053770
11 0.251436 0.411680 0.085977 0.085313
1 0.251855 0.182969 0.029570 0.056152
0 0.837734 0.220859 0.029941 0.055000
0 0.158433 0.274214 0.054111 0.031729
0 0.344658 0.515952 0.015234 0.025107
0 0.535967 0.221133 0.031445 0.055703
0 0.004658 0.515669 0.009316 0.025029
0 0.535894 0.320278 0.032432 0.055693
0 0.837676 0.320532 0.030488 0.054482
0 0.688560 0.320503 0.031006 0.055693
