34 0.661440 0.175885 0.106182 0.063405
0 0.468677 0.235417 0.039932 0.070451
22 0.755747 0.057875 0.071338 0.094510
21 0.733823 0.258399 0.031279 0.037249
0 0.734482 0.152818 0.019590 0.033957
0 0.871870 0.100614 0.019404 0.033856
21 0.598921 0.215840 0.028467 0.037745
21 0.872002 0.297745 0.028340 0.036302
0 0.599336 0.110192 0.019336 0.035513
0 0.871909 0.255271 0.019717 0.035209
0 0.916162 0.208737 0.031836 0.023224
0 0.734507 0.216466 0.019717 0.035096
0 0.599214 0.173303 0.018896 0.033371
35 0.983638 0.208506 0.032100 0.037689
34 0.545889 0.020964 0.135391 0.037103
33 0.954707 0.025130 0.036074 0.050259
34 0.895576 0.031826 0.056035 0.032852
34 0.972593 0.398016 0.049814 0.036189
34 0.922974 0.167903 0.095342 0.058828
34 0.018267 0.366922 0.036533 0.060428
34 0.798223 0.152779 0.106211 0.060101
34 0.935391 0.257508 0.109922 0.061601
34 0.934561 0.102976 0.110723 0.060316
34 0.389331 0.235874 0.116221 0.065163
34 0.661714 0.110395 0.106768 0.059887
35 0.548315 0.057486 0.072979 0.042097
34 0.797720 0.216607 0.108291 0.061556
3 0.639937 0.043117 0.051416 0.066663
