34 0.896724 0.435011 0.038311 0.070316
34 0.323096 0.115716 0.115508 0.082728
34 0.603813 0.112294 0.117256 0.082740
13 0.665435 0.341251 0.062080 0.083946
1 0.687920 0.113044 0.037891 0.086313
1 0.405942 0.117080 0.039463 0.085051
34 0.668047 0.257187 0.117988 0.080349
34 0.833384 0.311939 0.063369 0.044667
34 0.401904 0.803461 0.259707 0.192446
34 0.380903 0.469848 0.040361 0.074284
34 0.777900 0.509555 0.064219 0.045085
35 0.406108 0.644233 0.056494 0.136539
34 0.466719 0.241494 0.114297 0.082401
33 0.544751 0.294577 0.050283 0.089921
