34 0.361235 0.491538 0.084580 0.041670
34 0.540620 0.314741 0.084209 0.043682
34 0.460586 0.962109 0.086172 0.041660
33 0.085034 0.656016 0.076514 0.047305
33 0.018623 0.307114 0.037246 0.062744
34 0.546680 0.723867 0.042930 0.085059
34 0.180166 0.653623 0.111602 0.071660
34 0.270308 0.974028 0.112100 0.051943
34 0.020176 0.792388 0.040352 0.081064
34 0.711543 0.865420 0.112520 0.070293
34 0.035293 0.243110 0.070586 0.062002
33 0.613325 0.860327 0.076162 0.045908
6 0.819824 0.343242 0.029824 0.026191
6 0.903120 0.517388 0.033643 0.032490
