34 0.206103 0.318960 0.218670 0.068154
6 0.439975 0.572676 0.056886 0.025801
6 0.437399 0.751768 0.049646 0.026406
0 0.438426 0.792563 0.138603 0.042002
0 0.436877 0.614370 0.133418 0.039600
0 0.438426 0.427476 0.134461 0.038994
0 0.437854 0.245713 0.150152 0.044082
6 0.440497 0.382778 0.053788 0.026396
6 0.436877 0.204888 0.050690 0.027002
3 0.195918 0.399131 0.142811 0.091289
3 0.195766 0.768979 0.143316 0.092490
3 0.196322 0.588687 0.144562 0.091279
3 0.195808 0.221104 0.142121 0.090898
34 0.316776 0.775996 0.102374 0.028047
34 0.444832 0.176133 0.262222 0.034922
34 0.437862 0.724858 0.282828 0.034053
34 0.438721 0.357153 0.281111 0.032861
34 0.058864 0.890151 0.117727 0.064404
34 0.059377 0.962559 0.118754 0.066641
34 0.451364 0.542959 0.282391 0.036602
34 0.447458 0.663037 0.201178 0.064902
34 0.319857 0.596069 0.104495 0.027393
34 0.445791 0.474731 0.198788 0.064150
34 0.201195 0.141118 0.200842 0.060479
34 0.205135 0.687197 0.198754 0.065312
34 0.201145 0.513008 0.200774 0.061309
34 0.444933 0.296030 0.201246 0.060986
34 0.316759 0.407837 0.102542 0.027334
34 0.446069 0.843091 0.199714 0.064248
34 0.319680 0.228560 0.104646 0.027686
