0 0.027158 0.256832 0.032637 0.064938
21 0.799590 0.128422 0.038652 0.051026
21 0.582852 0.128771 0.040215 0.052176
21 0.528203 0.128596 0.038496 0.050541
34 0.753887 0.193348 0.236152 0.040676
34 0.012598 0.052328 0.025195 0.065220
34 0.164546 0.304025 0.101533 0.061826
34 0.214683 0.188495 0.033721 0.068129
21 0.747617 0.128619 0.038770 0.051894
21 0.638711 0.128416 0.040742 0.053247
21 0.903779 0.129436 0.041074 0.053551
21 0.692109 0.128833 0.038926 0.051939
21 0.956484 0.129092 0.040605 0.052232
2 0.025508 0.151860 0.030156 0.070981
0 0.233599 0.308365 0.031299 0.063337
