35 0.051133 0.807568 0.102266 0.064375
34 0.912773 0.262227 0.174453 0.163184
35 0.929956 0.400859 0.057705 0.123047
3 0.912651 0.760747 0.085889 0.081514
11 0.602495 0.599136 0.149131 0.145049
34 0.599331 0.261299 0.201162 0.161836
11 0.928682 0.601191 0.142637 0.147109
34 0.801821 0.765967 0.130947 0.075430
34 0.477378 0.764058 0.127119 0.076553
34 0.187310 0.806411 0.160127 0.125557
34 0.791963 0.596738 0.127715 0.076934
34 0.465757 0.595645 0.123643 0.077734
34 0.705513 0.835723 0.087451 0.038438
3 0.587393 0.761226 0.084375 0.081104
35 0.603486 0.400728 0.059688 0.123330
