34 0.986265 0.451045 0.027471 0.024531
34 0.414009 0.681343 0.053838 0.047803
34 0.120996 0.753013 0.043516 0.030146
34 0.986455 0.405996 0.026758 0.020352
34 0.600117 0.121597 0.022363 0.032510
34 0.043423 0.087363 0.040615 0.030625
34 0.171445 0.844844 0.043711 0.030430
8 0.956011 0.219385 0.048721 0.036641
28 0.612187 0.272881 0.061270 0.151445
6 0.025361 0.908794 0.028906 0.025537
20 0.770571 0.879238 0.119072 0.101738
20 0.380972 0.875190 0.123701 0.093643
7 0.119897 0.864521 0.064521 0.058066
34 0.533027 0.589355 0.134219 0.056543
34 0.712129 0.680820 0.051602 0.047461
7 0.120435 0.798936 0.065596 0.060215
34 0.046562 0.937905 0.093086 0.034756
