0 0.567407 0.491704 0.042061 0.023721
34 0.752441 0.289551 0.079141 0.034707
34 0.073008 0.211221 0.076641 0.032266
34 0.906357 0.102324 0.036172 0.025586
34 0.511704 0.469595 0.022549 0.039307
34 0.553657 0.104404 0.035127 0.021680
34 0.021265 0.462666 0.042529 0.039238
34 0.247241 0.042056 0.074326 0.040186
34 0.214731 0.338765 0.076279 0.040713
34 0.333975 0.462671 0.067207 0.037861
34 0.272905 0.865410 0.024561 0.038203
34 0.961328 0.552524 0.026641 0.041025
34 0.832461 0.177656 0.076055 0.041230
34 0.014180 0.052788 0.028184 0.025068
34 0.618433 0.158667 0.066260 0.039482
34 0.272446 0.180317 0.073447 0.039619
34 0.626206 0.043271 0.059268 0.038457
34 0.472954 0.266680 0.023096 0.040664
34 0.163477 0.607930 0.132734 0.043281
34 0.208247 0.767910 0.037021 0.021230
34 0.980278 0.742207 0.039111 0.047773
34 0.128408 0.187759 0.022734 0.035107
34 0.727451 0.609478 0.139727 0.044717
34 0.894727 0.462573 0.069961 0.037061
34 0.348062 0.105718 0.037314 0.022568
34 0.235977 0.244531 0.094629 0.050293
34 0.373657 0.876646 0.088037 0.045166
34 0.160244 0.876426 0.088418 0.045996
34 0.569360 0.460986 0.066455 0.037402
34 0.055718 0.858462 0.026846 0.039775
34 0.029106 0.925176 0.057920 0.044707
34 0.235156 0.924951 0.084434 0.044531
34 0.980757 0.678408 0.038037 0.046055
34 0.605469 0.326440 0.062656 0.039385
34 0.093140 0.951641 0.023330 0.037754
34 0.403638 0.488901 0.028877 0.042686
34 0.798706 0.242598 0.093389 0.050352
34 0.018105 0.097676 0.036211 0.039082
34 0.356704 0.167061 0.023369 0.040527
34 0.690742 0.193550 0.021934 0.027744
34 0.258794 0.804028 0.036260 0.024248
34 0.920015 0.379253 0.023584 0.042158
34 0.305586 0.963833 0.023105 0.037627
0 0.573755 0.157480 0.021768 0.041719
0 0.219502 0.371592 0.041719 0.024785
0 0.106177 0.875786 0.020459 0.036396
0 0.318608 0.875669 0.020225 0.036064
0 0.881367 0.179180 0.021523 0.040781
5 0.372329 0.222856 0.055283 0.032686
0 0.069800 0.925078 0.021260 0.035332
5 0.527280 0.221328 0.053057 0.029453
0 0.013677 0.491201 0.027354 0.022539
6 0.286895 0.462153 0.015781 0.014092
6 0.053765 0.462085 0.015811 0.013975
0 0.607222 0.358345 0.041260 0.023721
0 0.895732 0.492314 0.040801 0.021699
0 0.288804 0.925293 0.021436 0.034648
0 0.046299 0.098618 0.021758 0.040674
0 0.334780 0.491567 0.040381 0.020518
0 0.625210 0.073940 0.041514 0.022900
0 0.250449 0.072246 0.041563 0.022695
0 0.321548 0.180986 0.022080 0.041133
5 0.933550 0.220220 0.052256 0.029658
8 0.790249 0.938574 0.067842 0.122852
8 0.133525 0.243818 0.111113 0.052637
8 0.696040 0.241475 0.118252 0.047949
25 0.174072 0.612822 0.348145 0.218711
25 0.730601 0.612236 0.350869 0.219883
6 0.737617 0.880659 0.025723 0.026904
6 0.362764 0.819839 0.031582 0.026904
6 0.847251 0.462007 0.016924 0.016357
6 0.613452 0.463140 0.016357 0.017490
