34 0.059507 0.196736 0.064229 0.031804
34 0.222568 0.124746 0.100762 0.061984
34 0.773687 0.601488 0.099365 0.059008
21 0.129224 0.315975 0.027158 0.033506
21 0.720801 0.108213 0.029746 0.033157
34 0.665112 0.072999 0.092979 0.060902
0 0.914209 0.782508 0.030000 0.018839
33 0.889126 0.327734 0.034463 0.050665
33 0.882905 0.659425 0.035674 0.050056
34 0.370415 0.161161 0.099854 0.059797
0 0.698887 0.399166 0.018594 0.035085
6 0.870435 0.357683 0.015205 0.015254
34 0.018022 0.124972 0.036045 0.065186
35 0.828750 0.784352 0.069844 0.034837
3 0.827490 0.024402 0.057109 0.048805
34 0.612744 0.013343 0.024648 0.026685
0 0.971602 0.153687 0.016836 0.034205
3 0.224795 0.198794 0.072676 0.085705
0 0.971504 0.474944 0.018125 0.033179
0 0.129497 0.272931 0.017041 0.037249
34 0.698472 0.668506 0.058799 0.032277
33 0.646123 0.327768 0.036621 0.051319
34 0.947925 0.670789 0.057119 0.029402
34 0.511270 0.114002 0.029746 0.067621
35 0.850635 0.115417 0.064395 0.037170
6 0.901353 0.029453 0.016104 0.023236
34 0.781406 0.424419 0.122363 0.056685
35 0.834937 0.439290 0.068428 0.034386
0 0.296504 0.272841 0.018066 0.037046
21 0.972256 0.510885 0.025840 0.033675
34 0.926963 0.157418 0.072871 0.059008
34 0.919014 0.406105 0.087246 0.049076
34 0.238584 0.278670 0.098437 0.058805
3 0.792856 0.343619 0.057900 0.064397
0 0.398696 0.015462 0.016807 0.030924
34 0.800723 0.094966 0.119141 0.057621
6 0.852187 0.690722 0.020449 0.020135
34 0.921445 0.078681 0.086348 0.050304
0 0.654951 0.730423 0.018008 0.035028
21 0.698950 0.434538 0.025850 0.032480
21 0.297026 0.315817 0.027939 0.033529
34 0.074731 0.275772 0.087939 0.060586
34 0.159580 0.197610 0.056309 0.028861
0 0.971523 0.824171 0.018027 0.035490
34 0.908203 0.746950 0.098711 0.057756
34 0.793145 0.280569 0.099023 0.058253
0 0.924619 0.114256 0.033262 0.018703
6 0.105254 0.216229 0.017051 0.016945
21 0.655718 0.767029 0.029053 0.034780
3 0.777402 0.670964 0.075742 0.082875
0 0.923491 0.439340 0.031279 0.018230
21 0.397935 0.067300 0.027803 0.035096
34 0.612544 0.600023 0.097861 0.060924
1 0.368784 0.216020 0.073428 0.049200
34 0.919170 0.478529 0.087070 0.057080
34 0.595513 0.732260 0.098389 0.059966
34 0.887949 0.273619 0.086641 0.057182
34 0.918965 0.830152 0.086777 0.058884
34 0.639336 0.400389 0.097500 0.058929
33 0.613091 0.659746 0.035732 0.053067
34 0.643447 0.270434 0.100840 0.059515
34 0.880933 0.605547 0.088350 0.056843
34 0.350815 0.019758 0.074014 0.039515
34 0.953496 0.559944 0.090117 0.058309
34 0.752983 0.012892 0.058174 0.025784
34 0.938203 0.338067 0.055684 0.029211
0 0.721216 0.072108 0.018662 0.034814
21 0.972339 0.859758 0.026982 0.034600
34 0.732915 0.337920 0.055947 0.029572
34 0.959951 0.235964 0.080098 0.058895
21 0.972339 0.189504 0.023994 0.033236
