34 0.065327 0.452158 0.130654 0.063438
33 0.321641 0.356138 0.120898 0.069775
33 0.321455 0.441792 0.120703 0.069912
33 0.321821 0.269683 0.120537 0.072725
34 0.723589 0.408794 0.136104 0.044463
34 0.868037 0.345024 0.119277 0.085146
33 0.321636 0.609238 0.121123 0.071406
34 0.925923 0.116943 0.133975 0.082969
34 0.935225 0.220615 0.129551 0.083496
35 0.735049 0.453853 0.105137 0.047256
34 0.228970 0.401738 0.042920 0.072539
34 0.163672 0.954990 0.223535 0.054609
34 0.496616 0.613364 0.209873 0.053271
34 0.495273 0.272817 0.209121 0.055244
33 0.021260 0.956948 0.042520 0.075186
34 0.494097 0.364521 0.210752 0.064512
0 0.256958 0.133389 0.033311 0.055977
0 0.256821 0.686855 0.032119 0.056426
0 0.069067 0.762139 0.056143 0.033926
21 0.137944 0.832974 0.053486 0.078564
21 0.257236 0.782192 0.054531 0.082920
6 0.408921 0.149639 0.035967 0.041758
0 0.336953 0.191958 0.058613 0.035068
4 0.874604 0.434824 0.087725 0.090195
33 0.321372 0.522134 0.120869 0.071123
34 0.498931 0.445708 0.213975 0.052686
34 0.496245 0.525273 0.204307 0.056992
34 0.068013 0.370977 0.136025 0.062363
