34 0.018740 0.669795 0.032988 0.058711
5 0.613984 0.047856 0.067734 0.046240
34 0.144673 0.365454 0.063877 0.036064
34 0.179653 0.109326 0.115205 0.063516
34 0.521123 0.050923 0.114316 0.062217
34 0.239160 0.262524 0.032852 0.054736
34 0.813447 0.125137 0.029805 0.044570
6 0.614287 0.843359 0.028594 0.031582
17 0.100005 0.876890 0.091396 0.095693
34 0.169600 0.661064 0.116934 0.060586
34 0.685859 0.203799 0.113828 0.062012
33 0.173608 0.723276 0.043115 0.062197
34 0.552729 0.151953 0.114053 0.060605
0 0.259355 0.110566 0.035566 0.066016
33 0.935220 0.228062 0.039756 0.039365
34 0.903774 0.362715 0.103135 0.059766
34 0.462920 0.254131 0.113750 0.062539
34 0.905195 0.845024 0.108281 0.052178
33 0.573789 0.207656 0.076504 0.044551
0 0.764561 0.205010 0.035684 0.066738
34 0.897690 0.466162 0.112510 0.060977
0 0.389058 0.255142 0.033604 0.063701
33 0.934961 0.175425 0.040488 0.042256
0 0.036699 0.605239 0.023535 0.040947
34 0.208613 0.814077 0.138633 0.105986
6 0.036860 0.544673 0.020693 0.021631
0 0.832783 0.362944 0.033750 0.065010
34 0.370522 0.393735 0.031045 0.056025
0 0.832612 0.848364 0.033506 0.065205
33 0.977690 0.466138 0.044619 0.048389
34 0.586567 0.646245 0.047314 0.268818
34 0.592939 0.338350 0.033086 0.047012
34 0.810649 0.549092 0.032314 0.045977
34 0.978784 0.178623 0.042432 0.047539
34 0.013838 0.450186 0.027598 0.059805
34 0.012427 0.602603 0.024795 0.057725
