3 0.955454 0.358350 0.041865 0.048145
34 0.241738 0.979487 0.026094 0.040518
35 0.284658 0.434170 0.110273 0.048320
34 0.987168 0.220571 0.025664 0.054033
33 0.805400 0.246738 0.046387 0.071738
34 0.954976 0.313193 0.088193 0.045938
34 0.529844 0.601680 0.026387 0.060781
34 0.277505 0.376338 0.118604 0.067266
34 0.890439 0.367856 0.026875 0.051807
34 0.366963 0.954604 0.085566 0.047158
34 0.989111 0.469365 0.021777 0.053789
33 0.805503 0.394434 0.045908 0.074414
34 0.599946 0.268945 0.051924 0.026719
33 0.591494 0.827759 0.083516 0.048701
34 0.944771 0.954360 0.085049 0.048408
34 0.590420 0.416851 0.053125 0.027373
34 0.276553 0.503335 0.117734 0.065186
34 0.678433 0.826646 0.084814 0.046260
34 0.491313 0.674834 0.083877 0.046621
9 0.567207 0.730117 0.060215 0.043008
8 0.563984 0.675278 0.060215 0.047314
34 0.814419 0.974209 0.026787 0.050859
35 0.284404 0.560522 0.110469 0.049268
34 0.276816 0.226714 0.119844 0.067783
33 0.434580 0.955396 0.049453 0.046982
34 0.806235 0.333799 0.090596 0.045801
34 0.802739 0.183232 0.098779 0.053555
34 0.491802 0.731909 0.085615 0.044521
35 0.284814 0.286270 0.110156 0.050156
