33 0.056460 0.641406 0.083877 0.044082
33 0.397402 0.640371 0.085234 0.043359
34 0.304287 0.375166 0.111035 0.030859
34 0.844956 0.374443 0.105947 0.029883
34 0.096001 0.682095 0.093271 0.055498
34 0.959653 0.373979 0.077334 0.029189
34 0.189829 0.374863 0.105908 0.029219
34 0.587026 0.379077 0.118174 0.036826
34 0.399463 0.684976 0.091172 0.049287
34 0.754287 0.681797 0.090371 0.055723
34 0.486499 0.641987 0.092295 0.056162
34 0.629150 0.642690 0.090684 0.054658
22 0.844922 0.831816 0.061895 0.064316
22 0.962900 0.833022 0.059961 0.062861
21 0.846128 0.748408 0.038193 0.034805
21 0.966772 0.750347 0.038682 0.034814
21 0.846855 0.458774 0.031914 0.032881
21 0.964839 0.462886 0.032881 0.033369
0 0.845884 0.589565 0.032881 0.062373
21 0.963628 0.587876 0.031436 0.058994
0 0.189478 0.587612 0.032939 0.063955
5 0.189473 0.672207 0.052207 0.029629
5 0.844800 0.675879 0.053916 0.030430
5 0.307959 0.675527 0.054258 0.032676
5 0.963408 0.677739 0.053008 0.032471
21 0.307866 0.748359 0.034814 0.035293
21 0.308345 0.462109 0.036748 0.034336
22 0.191089 0.833457 0.062373 0.059473
22 0.307627 0.835396 0.055605 0.059482
0 0.306895 0.588555 0.028047 0.058984
25 0.575391 0.377598 0.269141 0.249414
21 0.190610 0.459692 0.033369 0.036260
21 0.190371 0.748599 0.035781 0.038682
33 0.718823 0.637642 0.090322 0.051611
34 0.008364 0.644263 0.016689 0.059014
