34 0.581387 0.211348 0.057891 0.028262
11 0.241631 0.877876 0.073047 0.072822
34 0.179922 0.861509 0.044316 0.026631
3 0.609961 0.817876 0.057441 0.051318
1 0.856045 0.296895 0.055000 0.034160
3 0.609819 0.677202 0.057959 0.051885
4 0.073076 0.293687 0.053691 0.059385
34 0.728130 0.279917 0.046338 0.028193
11 0.723633 0.877339 0.072422 0.073291
0 0.009351 0.678809 0.018564 0.048301
14 0.875278 0.415601 0.069893 0.073115
34 0.816543 0.678428 0.072168 0.046641
34 0.707886 0.706890 0.072920 0.047354
34 0.969673 0.378804 0.060654 0.048408
34 0.543613 0.679355 0.073418 0.047930
34 0.772168 0.468921 0.071367 0.045967
34 0.155894 0.293164 0.056260 0.027832
0 0.973481 0.416484 0.050947 0.029004
34 0.069180 0.238164 0.075137 0.048965
34 0.108154 0.111489 0.046836 0.027217
34 0.976011 0.279687 0.047451 0.028047
34 0.326943 0.861177 0.085273 0.077041
0 0.868096 0.679009 0.027969 0.048076
34 0.043701 0.431831 0.074492 0.048857
0 0.769087 0.505620 0.051475 0.028018
0 0.487642 0.679038 0.027939 0.048369
34 0.228086 0.708408 0.070957 0.048340
3 0.128296 0.817700 0.058994 0.050811
34 0.809131 0.861636 0.085137 0.077275
35 0.763232 0.633442 0.033379 0.073643
34 0.858184 0.257988 0.077012 0.046914
0 0.786465 0.416050 0.051055 0.029189
34 0.658994 0.860762 0.044004 0.026680
3 0.128218 0.677197 0.058662 0.051523
34 0.788501 0.377612 0.072432 0.047529
34 0.060669 0.679028 0.071982 0.048564
34 0.288564 0.226821 0.085156 0.080420
35 0.277378 0.633682 0.033623 0.073848
0 0.762627 0.709736 0.027734 0.048184
0 0.382388 0.678877 0.027920 0.048652
34 0.920845 0.679121 0.071982 0.045195
34 0.435601 0.678721 0.072314 0.046133
0 0.972686 0.678999 0.028418 0.048760
34 0.878364 0.354507 0.072295 0.047900
34 0.330449 0.678726 0.071113 0.046006
0 0.277236 0.709795 0.027285 0.048184
34 0.675903 0.398115 0.047178 0.028164
34 0.063306 0.809536 0.072646 0.047471
34 0.276406 0.586763 0.070918 0.024658
34 0.761611 0.586860 0.072402 0.024795
34 0.545830 0.809697 0.073398 0.046680
