35 0.824741 0.495703 0.048389 0.096777
35 0.439253 0.304312 0.047314 0.107529
35 0.157534 0.312373 0.043018 0.097852
35 0.629038 0.702158 0.091396 0.047305
0 0.889258 0.858374 0.034961 0.058271
0 0.508140 0.824570 0.034971 0.058281
1 0.768555 0.705474 0.064785 0.036729
6 0.561333 0.375308 0.031533 0.025381
6 0.851782 0.705459 0.019736 0.016309
6 0.891045 0.760601 0.016309 0.023604
0 0.559419 0.441709 0.025635 0.057109
3 0.143599 0.644751 0.077959 0.078955
21 0.509727 0.908955 0.054375 0.050527
0 0.437402 0.914648 0.039062 0.060937
34 0.156299 0.232017 0.181797 0.060596
34 0.434390 0.217915 0.130791 0.067197
34 0.619482 0.442910 0.086992 0.061191
34 0.500391 0.493906 0.051602 0.033594
34 0.826777 0.403911 0.176387 0.087588
34 0.980288 0.621401 0.039424 0.054600
34 0.764077 0.658545 0.090596 0.053398
34 0.804575 0.584746 0.026396 0.049805
34 0.624282 0.641743 0.174600 0.078604
34 0.873574 0.799297 0.027598 0.046797
34 0.827075 0.859595 0.088193 0.059404
34 0.977588 0.892896 0.044824 0.056396
34 0.979985 0.958892 0.040029 0.028799
34 0.569688 0.824736 0.086992 0.056992
34 0.476992 0.735640 0.046797 0.031201
34 0.416987 0.772241 0.031201 0.056396
34 0.373794 0.913535 0.082803 0.055801
5 0.155400 0.910566 0.061191 0.034258
34 0.077402 0.910898 0.095996 0.057598
34 0.050703 0.645645 0.088203 0.057598
