3 0.476865 0.020156 0.067188 0.040098
33 0.980088 0.690278 0.039824 0.049463
34 0.636929 0.735117 0.057354 0.032441
34 0.972026 0.804849 0.055947 0.107041
34 0.978057 0.545361 0.043750 0.051328
34 0.984785 0.289463 0.029922 0.053633
34 0.985405 0.228345 0.029189 0.054385
34 0.965503 0.019312 0.068896 0.038623
34 0.398320 0.017744 0.089082 0.035020
34 0.566563 0.019004 0.090684 0.038008
34 0.396953 0.225552 0.089746 0.053643
34 0.566685 0.225674 0.089443 0.053828
33 0.939590 0.227114 0.056758 0.044346
34 0.736094 0.225630 0.091133 0.053506
34 0.630649 0.979927 0.093408 0.040146
34 0.736807 0.018066 0.089687 0.035664
33 0.938354 0.289946 0.055400 0.044131
34 0.740605 0.111323 0.089160 0.051631
34 0.570869 0.111343 0.090078 0.052510
34 0.401401 0.111294 0.089404 0.052686
34 0.697769 0.380342 0.091396 0.052910
34 0.377744 0.962554 0.223770 0.074580
3 0.818013 0.019771 0.068936 0.039443
0 0.629580 0.114727 0.021680 0.037754
3 0.647554 0.019707 0.067100 0.039395
3 0.818535 0.223545 0.070137 0.065117
21 0.753477 0.427207 0.031445 0.042012
3 0.648813 0.223633 0.070439 0.065430
21 0.459858 0.163105 0.030713 0.040703
0 0.799473 0.114585 0.022109 0.038369
21 0.799170 0.163267 0.029551 0.040947
0 0.753394 0.378359 0.021064 0.038672
0 0.460391 0.114404 0.021406 0.038262
1 0.905454 0.647324 0.033916 0.063164
21 0.629937 0.163530 0.029873 0.041084
4 0.478140 0.223984 0.068525 0.064902
