34 0.644668 0.314468 0.036309 0.071670
0 0.373633 0.398594 0.042891 0.084082
0 0.504766 0.850278 0.042129 0.080225
6 0.504507 0.672686 0.034600 0.037207
5 0.504106 0.959580 0.042119 0.034824
0 0.827754 0.497656 0.033633 0.063496
21 0.827695 0.578647 0.054922 0.077002
3 0.647896 0.400195 0.095049 0.087285
1 0.128286 0.436997 0.040850 0.083564
3 0.952378 0.399258 0.092842 0.089336
3 0.111558 0.678140 0.091904 0.090713
4 0.109824 0.560015 0.087969 0.087041
6 0.969780 0.872471 0.031572 0.043281
34 0.030244 0.681138 0.060469 0.064326
34 0.030312 0.562749 0.060625 0.065479
34 0.130732 0.926875 0.206055 0.099766
34 0.446206 0.473721 0.071787 0.035352
34 0.668340 0.683384 0.202910 0.101768
35 0.375269 0.597456 0.049893 0.104463
34 0.049482 0.432207 0.098867 0.065469
34 0.756548 0.494268 0.103057 0.062988
34 0.377769 0.682085 0.142217 0.067197
34 0.297720 0.399209 0.102393 0.063613
34 0.549619 0.399810 0.103496 0.063604
34 0.431221 0.849238 0.103496 0.063516
34 0.025850 0.206904 0.051699 0.064199
34 0.255957 0.237002 0.073965 0.035742
35 0.666553 0.575024 0.048203 0.108506
35 0.128618 0.819497 0.050166 0.107275
