34 0.661641 0.945098 0.232402 0.108887
34 0.034814 0.534155 0.069590 0.073721
34 0.768833 0.438940 0.122080 0.072354
34 0.959121 0.077954 0.081543 0.071455
34 0.308047 0.587461 0.062715 0.037910
34 0.043931 0.329326 0.087861 0.072324
34 0.828789 0.881719 0.038145 0.064980
34 0.826465 0.608389 0.036953 0.060664
0 0.853818 0.775923 0.039434 0.074697
0 0.853628 0.441230 0.040283 0.075137
5 0.021724 0.609863 0.043447 0.079395
6 0.853506 0.559883 0.030820 0.027793
6 0.901563 0.608057 0.028125 0.030469
6 0.240615 0.608408 0.027637 0.030195
6 0.853545 0.656284 0.031680 0.028037
34 0.169863 0.508560 0.119785 0.070889
34 0.763369 0.775010 0.122500 0.074375
