35 0.200518 0.273839 0.031699 0.083393
34 0.784941 0.039470 0.068516 0.049019
34 0.152617 0.137711 0.035000 0.022999
34 0.053984 0.195457 0.071875 0.051139
34 0.089785 0.068529 0.019766 0.041094
34 0.293394 0.397700 0.040732 0.025524
34 0.012808 0.355304 0.025557 0.045220
34 0.153457 0.195028 0.070176 0.050620
0 0.441479 0.195383 0.023506 0.051669
34 0.321631 0.330660 0.274766 0.032255
21 0.335503 0.287903 0.030322 0.042232
0 0.336245 0.249171 0.015654 0.031646
6 0.126758 0.052537 0.015664 0.019594
0 0.829863 0.037762 0.016016 0.032728
0 0.301250 0.195124 0.024297 0.051511
0 0.125444 0.083856 0.015439 0.032762
0 0.540049 0.195017 0.024687 0.052266
34 0.382778 0.253997 0.068174 0.048715
34 0.028911 0.125536 0.057744 0.051770
35 0.101978 0.275186 0.032314 0.084262
21 0.829985 0.077035 0.033467 0.040992
0 0.282871 0.037886 0.015039 0.032751
0 0.200078 0.195096 0.023184 0.050665
21 0.282813 0.078681 0.031035 0.040902
0 0.101919 0.195293 0.023779 0.051646
34 0.394429 0.195321 0.071768 0.049267
35 0.301064 0.274961 0.030020 0.081421
35 0.441851 0.274560 0.031377 0.082401
35 0.540107 0.274949 0.032539 0.083157
34 0.254463 0.194882 0.070918 0.051297
34 0.329673 0.041736 0.066826 0.046223
34 0.024624 0.047418 0.049111 0.047193
34 0.493530 0.195479 0.068389 0.050327
34 0.168398 0.083591 0.069277 0.045490
