0 0.786147 0.331440 0.030967 0.056318
33 0.526812 0.039600 0.072842 0.045215
34 0.255854 0.008594 0.122822 0.017188
33 0.603628 0.651646 0.045537 0.073213
34 0.020283 0.377021 0.040566 0.065977
34 0.603198 0.579058 0.108232 0.068037
34 0.433950 0.041133 0.105283 0.063750
34 0.103730 0.376548 0.111641 0.065518
34 0.494546 0.329722 0.109932 0.066631
34 0.712520 0.331021 0.107402 0.064990
34 0.472656 0.580259 0.108457 0.064736
34 0.667368 0.090493 0.107100 0.066123
34 0.481309 0.123154 0.111914 0.065391
34 0.918271 0.090435 0.108164 0.066221
0 0.566362 0.327871 0.030498 0.056426
21 0.435503 0.229238 0.032393 0.038184
13 0.264424 0.053447 0.054141 0.072949
4 0.767573 0.090151 0.083896 0.083936
33 0.107422 0.441577 0.044629 0.059932
13 0.488940 0.191406 0.049385 0.070625
34 0.039282 0.024692 0.078232 0.049385
33 0.476411 0.651245 0.045947 0.074326
34 0.955234 0.330825 0.089531 0.066045
