34 0.017988 0.405864 0.035977 0.050479
34 0.534072 0.983999 0.064199 0.026338
34 0.274321 0.487646 0.044150 0.023203
34 0.264658 0.675229 0.043320 0.022666
34 0.552256 0.839463 0.108320 0.108945
34 0.848657 0.782495 0.025186 0.045498
34 0.718032 0.989302 0.062432 0.021279
34 0.254048 0.249644 0.038037 0.025049
34 0.297598 0.765991 0.047891 0.021885
34 0.228374 0.928794 0.064131 0.046943
34 0.557964 0.636201 0.110732 0.083145
34 0.960322 0.414966 0.065273 0.050967
34 0.349263 0.460723 0.066396 0.048047
33 0.898511 0.483550 0.056729 0.039932
34 0.645181 0.487847 0.044170 0.022705
34 0.796943 0.465464 0.067656 0.047275
34 0.723247 0.818984 0.067412 0.048027
33 0.897998 0.415415 0.058281 0.041904
33 0.712642 0.474277 0.040400 0.049512
34 0.796445 0.651973 0.067148 0.047363
34 0.891479 0.575127 0.040693 0.024844
34 0.285640 0.576890 0.047822 0.022314
34 0.959565 0.482231 0.064893 0.048643
34 0.166289 0.860986 0.066230 0.046914
34 0.028711 0.231641 0.057422 0.050137
34 0.544937 0.339229 0.067061 0.045703
34 0.796899 0.858589 0.067666 0.048623
34 0.963579 0.316650 0.066084 0.049277
34 0.237866 0.881387 0.043291 0.025117
33 0.721567 0.869600 0.039893 0.050547
34 0.186294 0.466636 0.067900 0.047588
33 0.068149 0.402632 0.057354 0.040850
34 0.348721 0.649790 0.066094 0.047920
33 0.715181 0.662451 0.039326 0.049473
34 0.862109 0.314321 0.066934 0.047686
34 0.299165 0.720503 0.064658 0.047549
34 0.299136 0.533032 0.064814 0.047236
34 0.954678 0.622095 0.064902 0.048877
34 0.466748 0.266084 0.180098 0.076289
33 0.067993 0.458823 0.056787 0.040088
34 0.559609 0.442441 0.110566 0.083770
34 0.546797 0.932412 0.064570 0.046035
34 0.621450 0.533491 0.065557 0.047100
34 0.640225 0.161035 0.035937 0.023457
34 0.324634 0.856309 0.064600 0.048672
34 0.590269 0.721528 0.065010 0.045518
34 0.910264 0.068276 0.044141 0.023350
34 0.085273 0.551074 0.024160 0.046191
0 0.022295 0.318716 0.019453 0.037236
0 0.339927 0.532051 0.018799 0.034766
21 0.578789 0.570903 0.026113 0.033369
21 0.549629 0.759531 0.029004 0.033848
21 0.590356 0.968159 0.029619 0.034678
0 0.390708 0.462739 0.019307 0.035244
6 0.388374 0.428696 0.018369 0.014990
0 0.365796 0.856182 0.018877 0.036387
0 0.341133 0.720146 0.019668 0.036250
0 0.390620 0.649990 0.018857 0.033281
0 0.547612 0.719961 0.020732 0.036738
0 0.577153 0.531860 0.020693 0.035322
0 0.272500 0.929951 0.020547 0.036445
0 0.588608 0.929702 0.018975 0.036494
0 0.795562 0.504976 0.057607 0.032061
0 0.795527 0.691982 0.057676 0.032441
21 0.912104 0.667900 0.031924 0.034883
0 0.795503 0.898301 0.057568 0.031367
0 0.131953 0.989224 0.056309 0.021240
6 0.390391 0.618135 0.016133 0.014609
0 0.545068 0.378027 0.057480 0.033105
34 0.911987 0.223896 0.067607 0.047793
34 0.017881 0.462119 0.035723 0.049473
34 0.628843 0.676016 0.041006 0.020762
34 0.194321 0.226108 0.067100 0.048818
34 0.134194 0.956328 0.064736 0.047715
34 0.199956 0.654429 0.067490 0.047295
34 0.710225 0.424731 0.069082 0.048311
34 0.712539 0.613315 0.066719 0.049541
35 0.332739 0.264937 0.075303 0.034893
34 0.301694 0.360479 0.045381 0.024922
34 0.005283 0.313901 0.010566 0.036201
33 0.909663 0.271919 0.038994 0.045693
34 0.989263 0.224243 0.021475 0.049170
33 0.021714 0.277632 0.041338 0.040479
0 0.199624 0.692339 0.057139 0.031865
21 0.340889 0.758071 0.029375 0.031436
0 0.024956 0.863149 0.032197 0.058408
0 0.911860 0.623418 0.019131 0.033164
0 0.908921 0.314849 0.018994 0.035166
21 0.272256 0.971431 0.031484 0.035596
0 0.184751 0.505098 0.057217 0.031992
2 0.193652 0.265605 0.059961 0.030469
6 0.364927 0.825581 0.022568 0.012959
21 0.339824 0.570835 0.029883 0.032061
0 0.167344 0.898311 0.057520 0.031016
