34 0.281763 0.309297 0.025068 0.043281
34 0.991064 0.862822 0.017617 0.024805
34 0.749927 0.989111 0.115068 0.021777
34 0.162500 0.984624 0.103262 0.030615
34 0.214180 0.848403 0.025781 0.046201
34 0.201104 0.104380 0.039687 0.025264
34 0.459033 0.415205 0.104023 0.062715
34 0.450298 0.807471 0.026611 0.046777
34 0.857729 0.795239 0.103682 0.054971
34 0.229556 0.384985 0.099873 0.057959
34 0.754287 0.707021 0.101445 0.054883
34 0.022446 0.707134 0.044893 0.056455
20 0.082266 0.493579 0.164531 0.365225
20 0.752041 0.462075 0.374570 0.437568
34 0.675454 0.785234 0.025303 0.036016
0 0.296846 0.382920 0.033594 0.058008
0 0.689912 0.705034 0.019336 0.035713
21 0.464565 0.916533 0.036963 0.038262
0 0.806240 0.994565 0.021191 0.010791
21 0.689028 0.828486 0.033838 0.040879
35 0.704243 0.946108 0.092002 0.041943
21 0.277129 0.914814 0.036172 0.036172
34 0.697148 0.902783 0.160879 0.051738
34 0.454595 0.156777 0.046416 0.024746
34 0.768013 0.329985 0.274287 0.087783
34 0.919692 0.930254 0.044658 0.024609
33 0.534414 0.411294 0.044082 0.052686
34 0.067476 0.381729 0.134951 0.075273
33 0.942578 0.792456 0.058418 0.040674
34 0.258091 0.811646 0.027686 0.048291
