34 0.429634 0.077582 0.035127 0.031353
34 0.411685 0.482745 0.269268 0.061342
34 0.114917 0.477255 0.229092 0.066392
34 0.642456 0.218247 0.043643 0.027835
35 0.413984 0.400581 0.040449 0.109865
34 0.236592 0.188467 0.038574 0.029425
35 0.100039 0.396184 0.042754 0.109572
34 0.722183 0.022666 0.102686 0.045333
34 0.215645 0.094402 0.048105 0.031060
34 0.185151 0.149515 0.119443 0.035896
34 0.707158 0.293157 0.100020 0.063878
34 0.344209 0.296003 0.102578 0.067723
35 0.292886 0.093703 0.094346 0.047678
34 0.028872 0.157159 0.057744 0.063517
34 0.041885 0.296950 0.083750 0.063123
35 0.294243 0.149543 0.093994 0.048399
34 0.425889 0.135338 0.034961 0.026663
34 0.396938 0.234205 0.024033 0.040113
34 0.083540 0.235812 0.024111 0.044386
0 0.098931 0.299025 0.034951 0.067452
0 0.379604 0.095141 0.037627 0.022909
21 0.768960 0.353207 0.035010 0.039064
0 0.379556 0.149481 0.038115 0.026516
0 0.719746 0.064374 0.058281 0.039752
0 0.413516 0.300203 0.033555 0.067486
0 0.769297 0.292210 0.020020 0.040879
