34 0.795591 0.141870 0.104658 0.052510
34 0.563594 0.973511 0.029531 0.052627
34 0.813633 0.973486 0.028340 0.052520
34 0.985229 0.303149 0.029541 0.057920
33 0.549189 0.205493 0.047129 0.073857
34 0.985327 0.317998 0.029346 0.086934
34 0.972593 0.498433 0.054814 0.051611
33 0.966338 0.558599 0.067246 0.046787
33 0.794214 0.201187 0.046963 0.064385
34 0.227168 0.973574 0.029727 0.052520
34 0.549111 0.141772 0.104199 0.052432
34 0.126982 0.417163 0.166367 0.135186
33 0.966284 0.653569 0.066963 0.048721
33 0.966304 0.748486 0.066885 0.048867
34 0.699243 0.416797 0.165713 0.135625
