34 0.991670 0.504307 0.016660 0.298926
34 0.949468 0.492480 0.044092 0.322578
34 0.890327 0.489253 0.046240 0.326885
34 0.619365 0.433340 0.037637 0.240859
34 0.476353 0.512910 0.048389 0.283867
34 0.422588 0.510762 0.044082 0.279570
34 0.346245 0.482266 0.044092 0.340859
34 0.287642 0.508608 0.040869 0.283877
34 0.224741 0.537642 0.050537 0.230107
34 0.159146 0.483877 0.048389 0.339785
34 0.008335 0.479038 0.016670 0.343018
35 0.993818 0.705381 0.012363 0.096777
34 0.834175 0.511201 0.049658 0.295898
34 0.090205 0.487275 0.052598 0.346445
34 0.691040 0.395195 0.056963 0.338770
35 0.286201 0.702461 0.043867 0.099316
35 0.221675 0.704170 0.043838 0.099219
35 0.617554 0.606343 0.045029 0.102334
34 0.203638 0.827397 0.031240 0.048174
34 0.877261 0.808291 0.031514 0.055801
35 0.155757 0.703423 0.044209 0.097842
35 0.007974 0.701597 0.015947 0.093154
35 0.418887 0.703325 0.043242 0.100342
35 0.087969 0.703892 0.042832 0.097256
35 0.895850 0.703892 0.043594 0.099404
34 0.122910 0.762998 0.046406 0.029063
35 0.688091 0.606094 0.044717 0.100469
35 0.474331 0.702920 0.043857 0.100488
35 0.343931 0.702886 0.044404 0.099561
35 0.839497 0.704180 0.042861 0.098945
34 0.455254 0.822808 0.032422 0.049951
34 0.137397 0.830669 0.031787 0.048682
34 0.547764 0.774985 0.104336 0.059756
35 0.953086 0.703408 0.043672 0.098438
34 0.754873 0.775571 0.103867 0.060068
34 0.598730 0.891563 0.033008 0.051777
34 0.819727 0.807710 0.031211 0.055107
34 0.669868 0.832798 0.031064 0.054736
34 0.400415 0.824229 0.031611 0.047871
34 0.986597 0.806753 0.026807 0.056006
34 0.933511 0.808042 0.031904 0.056475
34 0.268208 0.827407 0.032217 0.049189
34 0.324536 0.825479 0.030674 0.048809
0 0.617354 0.775693 0.026211 0.049375
0 0.687363 0.775264 0.026895 0.048027
