34 0.458442 0.191724 0.259893 0.054736
34 0.777593 0.460596 0.055908 0.030977
22 0.655576 0.864062 0.110625 0.116074
6 0.715400 0.317856 0.020898 0.024893
34 0.442314 0.386924 0.056602 0.029688
1 0.818818 0.603921 0.064355 0.036533
0 0.991064 0.685200 0.017715 0.023232
33 0.195303 0.420122 0.040371 0.041963
34 0.956011 0.412002 0.087979 0.061113
34 0.636802 0.501221 0.112236 0.055508
34 0.852031 0.433350 0.119004 0.060234
35 0.976172 0.220820 0.047656 0.041348
34 0.657886 0.751006 0.136475 0.107617
33 0.637847 0.557754 0.037939 0.055273
34 0.748521 0.176187 0.115107 0.060479
34 0.522661 0.502915 0.114678 0.054873
34 0.876699 0.202222 0.065449 0.034561
34 0.502744 0.983423 0.140469 0.033154
34 0.970967 0.644653 0.058066 0.057803
35 0.619185 0.986904 0.087295 0.026191
34 0.267236 0.422690 0.092148 0.049932
34 0.947017 0.545400 0.105967 0.061660
33 0.526611 0.562988 0.037578 0.065449
34 0.805059 0.762925 0.113047 0.060010
34 0.905039 0.798262 0.112031 0.057852
0 0.850308 0.477217 0.044092 0.023418
0 0.958931 0.925063 0.023369 0.042080
34 0.782397 0.370806 0.111787 0.060283
33 0.807056 0.829116 0.043447 0.067373
34 0.428120 0.128374 0.057490 0.033291
34 0.721514 0.514863 0.032930 0.059434
34 0.819170 0.559116 0.110273 0.054033
34 0.705889 0.957021 0.113984 0.057285
34 0.534565 0.777354 0.114893 0.059434
34 0.893057 0.924727 0.114355 0.058281
34 0.488892 0.042549 0.034229 0.058848
34 0.972207 0.762700 0.055586 0.059307
3 0.903989 0.855493 0.065928 0.057080
33 0.537783 0.835718 0.043262 0.054365
0 0.748926 0.222861 0.063184 0.032324
34 0.589517 0.379375 0.203818 0.050488
0 0.884556 0.546519 0.022432 0.042295
0 0.715464 0.370532 0.022412 0.042959
34 0.240146 0.665166 0.246367 0.182305
0 0.703164 0.992183 0.043262 0.015635
17 0.633877 0.036025 0.096777 0.072051
21 0.958608 0.985488 0.030107 0.029023
6 0.902158 0.459683 0.022578 0.026885
34 0.570977 0.437642 0.338711 0.034404
