34 0.878491 0.759541 0.031631 0.043555
34 0.757529 0.864526 0.120430 0.070967
5 0.896265 0.708989 0.041514 0.030439
5 0.533716 0.711763 0.045205 0.034131
5 0.209409 0.712681 0.042529 0.032295
34 0.573481 0.711470 0.038896 0.029033
34 0.932119 0.418076 0.135762 0.068965
34 0.887573 0.500005 0.108896 0.060674
34 0.935278 0.708979 0.034229 0.033701
34 0.744707 0.719609 0.117715 0.062227
34 0.591997 0.418853 0.184600 0.070518
34 0.523545 0.499487 0.112012 0.058604
34 0.516807 0.761094 0.028008 0.042520
34 0.190117 0.758501 0.029043 0.044600
34 0.246899 0.708203 0.036826 0.032148
34 0.418809 0.726094 0.116133 0.062754
34 0.434873 0.869990 0.114082 0.063262
34 0.068516 0.864028 0.120820 0.061709
34 0.054614 0.715981 0.109229 0.068447
34 0.196782 0.500542 0.117197 0.067744
34 0.265059 0.414521 0.195703 0.076348
