34 0.568374 0.018188 0.107979 0.036318
33 0.656479 0.013701 0.082236 0.027402
34 0.928027 0.493936 0.136621 0.028203
33 0.728730 0.190024 0.057988 0.040615
34 0.677827 0.162817 0.025322 0.043779
35 0.932915 0.525337 0.093564 0.041455
34 0.808755 0.191074 0.097197 0.057363
34 0.732891 0.400146 0.039141 0.025078
34 0.733330 0.510117 0.037344 0.023926
34 0.598267 0.669482 0.098936 0.060723
34 0.858403 0.980132 0.108037 0.039736
34 0.805396 0.366626 0.103877 0.056650
34 0.628354 0.468086 0.098115 0.057480
35 0.933862 0.414282 0.095830 0.040674
34 0.822295 0.066191 0.137305 0.114883
34 0.930864 0.383750 0.131924 0.027246
34 0.839517 0.686631 0.098916 0.057324
34 0.930464 0.213809 0.096670 0.055938
34 0.808008 0.480645 0.107539 0.056543
11 0.694307 0.060474 0.101934 0.096299
0 0.805518 0.412900 0.060176 0.034434
1 0.695322 0.466636 0.034648 0.060186
3 0.683149 0.666504 0.065264 0.058359
15 0.839556 0.749121 0.061846 0.054844
5 0.931504 0.269883 0.038789 0.060918
0 0.805391 0.524707 0.059199 0.032910
