0 0.661948 0.539839 0.032646 0.057354
13 0.739551 0.425571 0.048828 0.068330
17 0.444883 0.165879 0.098613 0.097441
17 0.245347 0.503472 0.093975 0.095127
17 0.028994 0.504048 0.057988 0.100928
17 0.663560 0.167041 0.095127 0.088164
17 0.664722 0.275513 0.092803 0.089326
17 0.446621 0.274346 0.092813 0.093965
17 0.884556 0.167041 0.087002 0.090488
17 0.884556 0.274351 0.089326 0.089326
13 0.522031 0.426323 0.046406 0.070771
13 0.961704 0.425742 0.046396 0.069609
17 0.448364 0.827134 0.091650 0.090479
17 0.663560 0.826553 0.092803 0.091641
17 0.883398 0.828296 0.096289 0.092803
21 0.136880 0.912979 0.037119 0.044082
0 0.882002 0.063613 0.034687 0.059473
0 0.662095 0.063901 0.034072 0.059639
0 0.882075 0.539653 0.033135 0.057666
0 0.882056 0.719199 0.033623 0.056719
0 0.445610 0.539863 0.033271 0.058203
0 0.445464 0.063804 0.033877 0.059170
0 0.661987 0.719033 0.033584 0.056914
34 0.220303 0.197603 0.040449 0.071592
34 0.972046 0.271079 0.055908 0.098604
34 0.531123 0.357700 0.104375 0.063779
34 0.184468 0.818203 0.110713 0.060703
34 0.990796 0.718828 0.018408 0.063535
34 0.957061 0.913135 0.085879 0.063398
34 0.588633 0.719351 0.105332 0.062510
34 0.558745 0.267842 0.121104 0.104980
34 0.956963 0.357388 0.086074 0.063662
34 0.340752 0.821025 0.122363 0.103750
34 0.531240 0.913203 0.105117 0.063047
34 0.588872 0.539634 0.105635 0.063838
34 0.972109 0.819370 0.055781 0.105186
34 0.808555 0.718613 0.105938 0.064258
34 0.971909 0.159683 0.056182 0.106025
34 0.746514 0.913350 0.107910 0.063496
34 0.372900 0.539478 0.104102 0.064756
34 0.588813 0.063560 0.105869 0.063838
34 0.144639 0.506035 0.112891 0.073086
34 0.990806 0.540132 0.018389 0.063701
34 0.808335 0.539399 0.106318 0.064385
34 0.558242 0.158823 0.122422 0.106006
34 0.780488 0.820684 0.120840 0.102988
34 0.746494 0.357427 0.107500 0.064619
34 0.340386 0.158975 0.123193 0.106035
34 0.372998 0.063511 0.103965 0.064385
34 0.780366 0.159004 0.120967 0.105957
34 0.990728 0.063447 0.018545 0.063125
34 0.808354 0.063418 0.105967 0.064297
34 0.340508 0.268735 0.122949 0.107275
34 0.558765 0.820576 0.120713 0.102539
34 0.373198 0.718628 0.103916 0.064053
34 0.780132 0.268008 0.121123 0.105156
21 0.793032 0.463164 0.033193 0.038574
13 0.521055 0.973398 0.057148 0.053203
13 0.737246 0.973359 0.058730 0.053281
13 0.956313 0.973213 0.059541 0.053574
13 0.187739 0.882354 0.051123 0.068105
21 0.577808 0.463066 0.032568 0.038926
0 0.445488 0.719082 0.034043 0.057266
