34 0.648506 0.834893 0.086426 0.044766
33 0.635488 0.164526 0.104297 0.049463
34 0.044360 0.682803 0.088721 0.034414
34 0.603232 0.684956 0.119355 0.030107
34 0.258608 0.694092 0.122588 0.035488
33 0.646245 0.778501 0.050537 0.066670
33 0.904268 0.569360 0.045469 0.073799
33 0.332305 0.830176 0.047988 0.066016
33 0.331851 0.568032 0.045986 0.071221
34 0.837720 0.690747 0.120791 0.036260
33 0.866313 0.989849 0.055205 0.020244
33 0.182881 0.829004 0.049336 0.069141
33 0.755811 0.828838 0.048008 0.068867
33 0.904448 0.831143 0.048369 0.065234
34 0.480151 0.685366 0.113564 0.027354
33 0.022949 0.262256 0.045898 0.046562
33 0.029878 0.186699 0.059658 0.052891
33 0.639922 0.247065 0.095508 0.046826
33 0.447402 0.101323 0.075000 0.046318
33 0.424707 0.466597 0.046055 0.047197
25 0.837939 0.698613 0.267793 0.208906
33 0.437612 0.340894 0.053936 0.047217
25 0.253931 0.697710 0.272256 0.216768
33 0.183145 0.569595 0.047324 0.071533
33 0.757329 0.569790 0.044932 0.070459
34 0.691772 0.928545 0.086377 0.044277
34 0.962803 0.931519 0.074395 0.047510
33 0.645669 0.326724 0.085967 0.046396
34 0.814243 0.125596 0.026709 0.060332
34 0.393433 0.930762 0.085107 0.045176
34 0.755981 0.884531 0.089385 0.043418
34 0.150947 0.943213 0.086270 0.046738
34 0.730498 0.165728 0.085586 0.047588
33 0.229219 0.396846 0.052637 0.046699
34 0.730728 0.489009 0.085107 0.045732
34 0.939287 0.989712 0.090723 0.020576
34 0.731270 0.247788 0.085000 0.047822
33 0.661016 0.489829 0.053945 0.045459
33 0.656382 0.407158 0.063994 0.045215
34 0.945415 0.183379 0.086279 0.047988
34 0.332305 0.884575 0.085957 0.043740
34 0.935879 0.466138 0.084023 0.047822
34 0.692139 0.981401 0.086289 0.036963
34 0.814932 0.856328 0.026992 0.060332
34 0.367969 0.340352 0.085547 0.047187
34 0.367324 0.183252 0.086289 0.047285
34 0.732090 0.407573 0.086309 0.047939
34 0.945098 0.101108 0.084551 0.047275
34 0.367837 0.261846 0.085283 0.046406
34 0.963169 0.553857 0.073662 0.046973
34 0.157163 0.397617 0.082666 0.048652
34 0.945947 0.261841 0.084785 0.046279
34 0.731919 0.327285 0.085889 0.047246
34 0.118345 0.556152 0.082197 0.046699
34 0.945605 0.340024 0.085273 0.046748
34 0.395801 0.553662 0.082207 0.045586
34 0.183418 0.884546 0.085625 0.043467
34 0.691758 0.556279 0.087031 0.046172
34 0.358701 0.466064 0.086992 0.048398
34 0.366895 0.101118 0.085078 0.046514
33 0.863657 0.403770 0.061221 0.046270
34 0.241421 0.136758 0.027119 0.061621
34 0.905659 0.884683 0.089795 0.044072
33 0.453232 0.183296 0.084629 0.045537
34 0.393066 0.982661 0.086387 0.034678
33 0.448657 0.261523 0.075518 0.046992
33 0.622344 0.930024 0.050098 0.044814
34 0.939224 0.403135 0.084834 0.046387
33 0.226235 0.943437 0.058682 0.046094
33 0.614224 0.982778 0.070400 0.034443
34 0.242910 0.854561 0.025547 0.060195
33 0.464912 0.930137 0.053535 0.045898
33 0.473291 0.982588 0.069141 0.034629
