0 0.579600 0.279756 0.017246 0.030000
0 0.580723 0.325503 0.016504 0.031494
0 0.642222 0.325879 0.013506 0.030742
0 0.734468 0.403501 0.027002 0.038994
0 0.831592 0.346880 0.023242 0.044248
0 0.830464 0.619497 0.027002 0.043506
0 0.732969 0.675742 0.025508 0.043496
0 0.948179 0.212124 0.014229 0.028447
6 0.946992 0.190015 0.015938 0.013135
34 0.646816 0.444487 0.134922 0.042393
34 0.809531 0.497173 0.045117 0.021787
34 0.736196 0.212959 0.067119 0.044082
34 0.774287 0.550083 0.044863 0.021221
34 0.776445 0.348086 0.073184 0.047383
34 0.829302 0.537793 0.058857 0.038887
34 0.734624 0.487334 0.058604 0.041055
34 0.687607 0.326479 0.074727 0.043975
34 0.784180 0.402832 0.076055 0.045723
34 0.830234 0.266143 0.058750 0.039004
34 0.358647 0.022549 0.079131 0.044863
34 0.686396 0.676680 0.074922 0.047461
34 0.800654 0.726392 0.039043 0.022998
34 0.805713 0.451074 0.030059 0.017187
34 0.577856 0.214233 0.047588 0.022666
34 0.814912 0.227593 0.045254 0.021631
34 0.608345 0.527554 0.047295 0.023584
34 0.769766 0.276499 0.044980 0.022900
34 0.782290 0.620747 0.077432 0.047080
34 0.648086 0.254248 0.045176 0.021699
34 0.530205 0.325459 0.082539 0.046699
34 0.531006 0.277759 0.083105 0.046357
34 0.855801 0.387222 0.037734 0.021592
34 0.356504 0.232285 0.075410 0.046172
34 0.772349 0.160107 0.044658 0.021484
34 0.356851 0.070884 0.074443 0.046299
34 0.357163 0.182671 0.075322 0.045498
34 0.910488 0.211890 0.091465 0.044521
34 0.854331 0.661777 0.036299 0.019609
0 0.404268 0.231929 0.018086 0.032197
0 0.403726 0.185635 0.019893 0.032910
0 0.403364 0.021978 0.019170 0.031104
21 0.581304 0.359346 0.026787 0.024688
21 0.403662 0.267280 0.031387 0.029717
21 0.402612 0.103237 0.030967 0.026357
35 0.640996 0.390435 0.034746 0.070518
34 0.948120 0.519360 0.103760 0.036553
0 0.403906 0.067905 0.018809 0.028213
