34 0.333552 0.507007 0.170741 0.059639
34 0.690918 0.262305 0.152980 0.058711
34 0.311178 0.268574 0.175387 0.056016
34 0.311178 0.068242 0.186195 0.052441
34 0.104503 0.071602 0.060253 0.050195
35 0.066919 0.659146 0.133838 0.047314
34 0.388981 0.640791 0.084933 0.029551
34 0.267854 0.610713 0.159108 0.056523
34 0.084756 0.610713 0.169512 0.056523
0 0.272652 0.658423 0.088704 0.026611
21 0.585943 0.344146 0.074242 0.053311
0 0.582660 0.261123 0.053973 0.059590
0 0.460774 0.508091 0.050505 0.050498
0 0.311886 0.317690 0.094040 0.027275
0 0.311019 0.119707 0.092306 0.033340
34 0.105606 0.269248 0.058114 0.048750
