3 0.406812 0.791133 0.095400 0.086621
34 0.552158 0.706997 0.135488 0.076338
34 0.394092 0.706460 0.141934 0.070967
34 0.800547 0.545166 0.062363 0.038711
34 0.951885 0.519897 0.096230 0.044092
34 0.926890 0.329575 0.074189 0.046240
34 0.681729 0.298394 0.125801 0.074189
33 0.174990 0.770493 0.056914 0.089717
0 0.679575 0.358672 0.074268 0.039824
3 0.666680 0.719858 0.075664 0.069072
4 0.406265 0.499468 0.063604 0.064697
1 0.688145 0.642231 0.031934 0.058877
3 0.542778 0.788936 0.088818 0.086621
3 0.571289 0.501655 0.062500 0.075654
35 0.959951 0.819897 0.080098 0.050537
34 0.566675 0.426890 0.130107 0.065596
34 0.403232 0.428501 0.134414 0.070967
34 0.279038 0.656997 0.043018 0.066670
34 0.177964 0.690327 0.135479 0.070967
34 0.680649 0.934419 0.134404 0.070967
34 0.775811 0.643018 0.137637 0.075273
34 0.776890 0.722588 0.133330 0.075273
34 0.967476 0.770439 0.065049 0.044082
34 0.913447 0.969360 0.075273 0.050537
35 0.947583 0.568286 0.104834 0.048389
