34 0.785220 0.226509 0.107959 0.056572
0 0.379761 0.982480 0.038643 0.023984
5 0.945713 0.119243 0.037930 0.059951
0 0.721909 0.659585 0.032920 0.058936
34 0.076841 0.213926 0.097061 0.056777
34 0.944907 0.066045 0.098760 0.054102
34 0.703877 0.046968 0.101016 0.057314
34 0.651597 0.657446 0.105439 0.059170
34 0.341255 0.197417 0.097627 0.057725
34 0.834473 0.077222 0.099531 0.054482
35 0.948486 0.218564 0.098691 0.036035
34 0.717129 0.484907 0.127637 0.050908
35 0.293066 0.933828 0.095020 0.043008
34 0.721509 0.865747 0.103838 0.054814
34 0.029072 0.981021 0.058145 0.037959
34 0.089761 0.381821 0.157881 0.033369
34 0.184502 0.983091 0.120879 0.033428
34 0.291660 0.729414 0.044063 0.024980
34 0.190205 0.225713 0.095742 0.057949
35 0.722734 0.558774 0.043555 0.097373
34 0.083169 0.490742 0.163018 0.035820
34 0.018652 0.686846 0.037305 0.058789
35 0.080986 0.525322 0.094590 0.043066
34 0.215952 0.935234 0.047842 0.028184
35 0.079687 0.414097 0.093867 0.041084
34 0.429741 0.920400 0.035518 0.027148
34 0.382402 0.794141 0.043145 0.024297
34 0.928384 0.188413 0.141729 0.028760
34 0.589595 0.156655 0.026357 0.037861
34 0.425776 0.971040 0.035322 0.023506
34 0.709150 0.708223 0.025293 0.038789
35 0.292920 0.980825 0.094004 0.038115
5 0.078086 0.270054 0.038672 0.061182
1 0.784297 0.269287 0.059902 0.034316
0 0.719819 0.909399 0.058135 0.033701
1 0.191631 0.268950 0.059434 0.034385
3 0.702856 0.105913 0.061826 0.059365
3 0.342773 0.256182 0.063008 0.061152
1 0.832627 0.119961 0.059688 0.034199
0 0.379634 0.936284 0.037803 0.018213
