34 0.954150 0.191381 0.091699 0.061725
34 0.847651 0.038861 0.131826 0.033078
34 0.255244 0.352644 0.176426 0.065152
35 0.848618 0.073579 0.074287 0.040124
34 0.701167 0.261404 0.104346 0.062717
34 0.171118 0.234132 0.104424 0.064025
34 0.954956 0.127435 0.090088 0.059808
34 0.232949 0.176832 0.029492 0.050327
0 0.898853 0.190051 0.019268 0.032864
0 0.898877 0.125913 0.020059 0.033517
0 0.251567 0.232632 0.031494 0.056877
0 0.772637 0.261347 0.040410 0.072954
21 0.898687 0.231731 0.029072 0.038027
3 0.940337 0.059848 0.050869 0.066392
21 0.251128 0.300395 0.029814 0.047734
