34 0.025347 0.724897 0.050693 0.049639
34 0.488096 0.702983 0.083574 0.084307
34 0.463413 0.574248 0.080752 0.057520
34 0.736235 0.525957 0.082393 0.054512
34 0.840918 0.510146 0.074531 0.050703
34 0.009902 0.111206 0.019727 0.045029
1 0.568940 0.250845 0.027139 0.048389
5 0.827490 0.454395 0.032422 0.044629
5 0.624438 0.496323 0.031846 0.048135
34 0.555161 0.636191 0.026670 0.044141
15 0.784951 0.305381 0.039785 0.040859
15 0.567207 0.305381 0.040859 0.040859
34 0.952793 0.256348 0.026855 0.048965
11 0.569639 0.709683 0.071406 0.071357
33 0.535029 0.574785 0.060840 0.040117
34 0.125742 0.011729 0.076426 0.023457
0 0.189751 0.010957 0.029775 0.021914
11 0.078931 0.965405 0.071592 0.069189
34 0.254146 0.840000 0.047412 0.028574
0 0.882012 0.976562 0.027812 0.046426
35 0.921709 0.030479 0.034043 0.060957
13 0.279053 0.113770 0.038125 0.052461
35 0.348164 0.515425 0.035957 0.078467
0 0.133071 0.765171 0.049717 0.027002
34 0.007974 0.838896 0.015928 0.024609
34 0.456367 0.426572 0.042422 0.024062
0 0.021548 0.010957 0.029385 0.021914
0 0.020166 0.765356 0.040332 0.034932
0 0.508975 0.444302 0.052227 0.030537
0 0.508794 0.365454 0.052471 0.031455
21 0.330957 0.374800 0.040039 0.047432
0 0.145889 0.582139 0.049863 0.028887
35 0.897891 0.580410 0.033906 0.075996
13 0.112642 0.114067 0.036924 0.052568
34 0.832939 0.904414 0.046855 0.027129
34 0.326934 0.270679 0.049688 0.029326
11 0.784785 0.709546 0.070742 0.069561
34 0.246060 0.748672 0.045850 0.028203
34 0.553896 0.538721 0.027109 0.049395
35 0.676348 0.622617 0.034629 0.074180
34 0.348813 0.462637 0.074639 0.027891
34 0.713291 0.350928 0.044648 0.026992
34 0.747578 0.122847 0.051016 0.027158
0 0.132563 0.858008 0.050537 0.029004
33 0.013979 0.944092 0.027803 0.044160
35 0.569312 0.079370 0.036318 0.076592
34 0.162339 0.961797 0.083115 0.075625
34 0.019897 0.566777 0.039795 0.028750
34 0.898120 0.639556 0.081748 0.048174
34 0.254663 0.566641 0.045596 0.028438
34 0.871890 0.711636 0.084756 0.081123
34 0.567148 0.021475 0.145703 0.042949
3 0.772256 0.189551 0.056836 0.048477
34 0.677559 0.068896 0.075488 0.052383
6 0.785884 0.606504 0.014736 0.017461
34 0.507598 0.408169 0.077090 0.046865
34 0.279854 0.063667 0.080039 0.049561
34 0.852471 0.070879 0.076973 0.049258
34 0.762183 0.891958 0.029209 0.044619
1 0.899209 0.509292 0.029687 0.049639
34 0.767173 0.432734 0.028037 0.052285
34 0.743081 0.822109 0.091064 0.074434
34 0.105928 0.063086 0.078477 0.050605
34 0.675552 0.682310 0.083662 0.050947
34 0.627788 0.304014 0.074619 0.052285
34 0.511914 0.251206 0.075215 0.050361
0 0.190083 0.218682 0.028975 0.048555
0 0.777759 0.976465 0.027314 0.046582
3 0.680698 0.124165 0.050166 0.055811
34 0.487471 0.191611 0.075117 0.049395
34 0.624468 0.449082 0.073115 0.048496
1 0.785337 0.250830 0.028096 0.049082
34 0.770425 0.638159 0.026885 0.046904
34 0.724385 0.975928 0.077734 0.047969
0 0.021411 0.218311 0.029404 0.049316
34 0.133271 0.728198 0.082637 0.050420
34 0.724141 0.249834 0.075020 0.051387
34 0.845020 0.303936 0.073867 0.053047
3 0.854512 0.124043 0.052285 0.056328
6 0.568887 0.606094 0.014746 0.017031
34 0.129907 0.217788 0.080166 0.050205
34 0.626289 0.551099 0.074063 0.049365
34 0.133096 0.819604 0.079492 0.051084
34 0.145229 0.541812 0.080713 0.050049
34 0.503301 0.324272 0.078125 0.051182
34 0.175552 0.109741 0.026943 0.045850
34 0.830039 0.407974 0.072891 0.048623
3 0.555737 0.189463 0.055479 0.047949
34 0.024180 0.896226 0.048301 0.050010
34 0.828867 0.976040 0.076660 0.047920
34 0.701274 0.190024 0.075654 0.049053
33 0.752554 0.574302 0.064521 0.040381
