13 0.086499 0.266299 0.070518 0.048906
33 0.276328 0.165483 0.066289 0.046533
33 0.815303 0.335396 0.047949 0.061396
33 0.392993 0.450205 0.065947 0.047539
34 0.127583 0.940615 0.138936 0.076641
34 0.330957 0.646567 0.076641 0.056025
34 0.501963 0.629312 0.080625 0.054678
34 0.504673 0.713115 0.080674 0.049297
34 0.877285 0.897764 0.100840 0.101289
34 0.980234 0.570376 0.039531 0.053330
14 0.985161 0.502705 0.029678 0.049746
34 0.977095 0.450488 0.045811 0.049297
34 0.909600 0.465723 0.076641 0.051094
34 0.817456 0.492837 0.046611 0.026436
34 0.942090 0.325674 0.074395 0.047949
34 0.810996 0.278838 0.075742 0.052891
34 0.667559 0.351216 0.061445 0.027334
34 0.512939 0.334185 0.072109 0.046162
34 0.315498 0.453623 0.074395 0.049297
34 0.312588 0.392676 0.074844 0.048398
34 0.295103 0.317378 0.029131 0.061846
34 0.240649 0.265840 0.079775 0.051094
34 0.063848 0.318052 0.027344 0.061396
34 0.024644 0.264717 0.049287 0.050645
34 0.195708 0.162910 0.084951 0.060215
34 0.309146 0.102695 0.073115 0.032266
34 0.055112 0.088179 0.110225 0.059131
21 0.382832 0.709736 0.038281 0.054336
0 0.382412 0.650220 0.019238 0.032803
6 0.429849 0.937036 0.025264 0.024268
6 0.844150 0.785762 0.018281 0.016621
6 0.357568 0.975918 0.020273 0.018945
0 0.913169 0.503413 0.035088 0.024131
1 0.943872 0.368545 0.059209 0.030703
33 0.393496 0.391118 0.064941 0.048545
34 0.887144 0.770039 0.055127 0.025996
6 0.809575 0.976650 0.017236 0.020391
34 0.960269 0.710430 0.079463 0.054668
13 0.317104 0.263726 0.071553 0.049932
33 0.045664 0.164810 0.066953 0.042510
35 0.133320 0.989521 0.093516 0.020957
3 0.958896 0.768105 0.061406 0.062500
3 0.577861 0.711089 0.069082 0.064697
35 0.879038 0.972314 0.034404 0.055371
1 0.513501 0.369639 0.053721 0.030703
4 0.577949 0.630117 0.063750 0.053496
