35 0.305361 0.057232 0.072949 0.042604
34 0.416860 0.110355 0.101729 0.060192
34 0.775386 0.171291 0.095479 0.035908
34 0.687773 0.257215 0.100000 0.061150
34 0.552632 0.216979 0.104404 0.061556
34 0.679790 0.167627 0.095654 0.059357
35 0.761377 0.208365 0.075977 0.039076
0 0.354736 0.110096 0.020410 0.035276
0 0.490845 0.152762 0.019814 0.034295
0 0.627993 0.100778 0.018213 0.033416
22 0.511304 0.056387 0.073682 0.095862
0 0.490986 0.216325 0.019648 0.035761
21 0.627324 0.297317 0.027559 0.036753
21 0.355225 0.215784 0.027773 0.038399
3 0.395381 0.043360 0.050332 0.066945
0 0.628726 0.255485 0.019600 0.035434
21 0.490464 0.258348 0.028662 0.037531
0 0.671729 0.209132 0.030742 0.022796
0 0.354766 0.173315 0.019688 0.033033
34 0.302974 0.021409 0.133838 0.036483
34 0.985254 0.234684 0.029316 0.069955
34 0.650620 0.031731 0.057549 0.033021
34 0.552700 0.152723 0.103271 0.061071
34 0.416763 0.175648 0.104092 0.062232
34 0.688066 0.100519 0.101309 0.061511
