34 0.565332 0.790996 0.082148 0.050215
20 0.619780 0.354937 0.538564 0.579189
6 0.230337 0.902993 0.026299 0.024404
35 0.033774 0.373345 0.043232 0.070029
34 0.823896 0.985005 0.105488 0.029990
35 0.826157 0.931758 0.043193 0.070117
34 0.956704 0.357847 0.051006 0.031025
35 0.657114 0.980303 0.044033 0.039238
33 0.610239 0.721260 0.039639 0.037637
34 0.423901 0.810610 0.050830 0.028584
34 0.607788 0.677998 0.082607 0.048496
35 0.452388 0.963672 0.048311 0.072656
34 0.270107 0.709375 0.026055 0.050820
34 0.129521 0.863809 0.078945 0.049316
34 0.020273 0.549224 0.040488 0.050205
0 0.566909 0.829663 0.054229 0.030576
0 0.033535 0.292305 0.020293 0.033945
0 0.452192 0.886343 0.025908 0.045166
34 0.393989 0.885884 0.086064 0.050732
0 0.656621 0.929746 0.017832 0.027969
34 0.878271 0.866206 0.082422 0.052373
34 0.975601 0.782451 0.048799 0.052812
34 0.069619 0.017583 0.077773 0.034873
34 0.085034 0.291533 0.084482 0.049531
34 0.708428 0.930215 0.083086 0.050156
3 0.764473 0.816099 0.058203 0.059658
34 0.767539 0.760449 0.084473 0.050273
34 0.057456 0.450723 0.114854 0.073047
33 0.827861 0.031025 0.047051 0.062051
0 0.826558 0.864399 0.015850 0.025752
0 0.131094 0.901914 0.046445 0.027344
34 0.636260 0.123809 0.192109 0.079004
0 0.019756 0.013975 0.018359 0.027949
34 0.116270 0.199878 0.115879 0.099736
