33 0.747988 0.596167 0.067676 0.045186
4 0.209717 0.814653 0.047891 0.051650
33 0.542725 0.330215 0.072949 0.046719
33 0.542466 0.252637 0.073252 0.047422
34 0.969292 0.119756 0.060869 0.048027
34 0.764902 0.392119 0.100977 0.055156
33 0.752114 0.330483 0.076084 0.046865
33 0.194717 0.209111 0.068613 0.046328
33 0.752017 0.253062 0.075107 0.046904
33 0.402056 0.059194 0.048896 0.046162
34 0.890791 0.529131 0.086816 0.046035
34 0.086006 0.149971 0.088926 0.047793
34 0.965010 0.197729 0.069980 0.046807
34 0.266665 0.865464 0.026768 0.049834
34 0.892285 0.443481 0.085645 0.047314
34 0.278345 0.227500 0.087900 0.046191
34 0.466851 0.137153 0.084346 0.047432
33 0.303823 0.694175 0.047451 0.071611
34 0.827036 0.108179 0.084717 0.044541
34 0.467266 0.058291 0.083848 0.047109
34 0.523047 0.399209 0.100117 0.055859
33 0.391504 0.138149 0.068926 0.046963
6 0.583242 0.637710 0.025039 0.022998
6 0.710479 0.636050 0.025059 0.025400
34 0.399043 0.529106 0.086152 0.045811
33 0.823247 0.043101 0.050225 0.086201
34 0.114346 0.210098 0.085449 0.046973
33 0.292529 0.018086 0.081172 0.036172
34 0.693809 0.147393 0.026055 0.052930
34 0.760229 0.014595 0.085088 0.029189
34 0.835513 0.329355 0.086338 0.047168
34 0.566162 0.147231 0.026387 0.053389
34 0.521694 0.494199 0.100869 0.054648
34 0.832681 0.250659 0.085928 0.046709
34 0.051460 0.030205 0.090732 0.047637
34 0.824536 0.596914 0.085811 0.047344
34 0.278604 0.057710 0.086602 0.045400
34 0.114575 0.077510 0.085166 0.046094
34 0.769517 0.494492 0.098408 0.054297
34 0.460889 0.329683 0.085371 0.045576
34 0.304121 0.632607 0.090996 0.047461
34 0.462173 0.253540 0.085244 0.046904
34 0.471958 0.596655 0.087002 0.046865
33 0.186953 0.076577 0.053437 0.046162
34 0.532031 0.013911 0.084961 0.027822
34 0.212568 0.767529 0.093535 0.048125
34 0.078545 0.769756 0.093887 0.047090
34 0.131948 0.673262 0.099131 0.050234
33 0.546519 0.596182 0.065342 0.045488
34 0.401343 0.442695 0.085752 0.046348
33 0.020732 0.149849 0.041445 0.048252
3 0.077349 0.815483 0.041650 0.047607
33 0.906167 0.196323 0.052666 0.047061
33 0.465054 0.442764 0.046045 0.045371
33 0.279897 0.017905 0.057197 0.035811
33 0.825684 0.528696 0.044180 0.044756
33 0.293994 0.181992 0.088711 0.045996
34 0.146509 0.810991 0.048564 0.027002
33 0.823032 0.443521 0.049229 0.044912
33 0.919023 0.120425 0.043906 0.046729
3 0.136025 0.897856 0.040859 0.047314
33 0.463423 0.528501 0.054795 0.046240
34 0.139990 0.945581 0.093164 0.048350
8 0.602158 0.528501 0.065586 0.048389
8 0.690869 0.529575 0.075273 0.054834
9 0.689253 0.444092 0.061299 0.038711
9 0.601621 0.439795 0.064512 0.040859
