0 0.346592 0.989834 0.040879 0.020332
34 0.020400 0.836006 0.040781 0.042246
34 0.814946 0.706704 0.065928 0.040537
34 0.281802 0.834458 0.061494 0.041689
34 0.143750 0.655923 0.123027 0.041826
34 0.902681 0.860586 0.026748 0.045020
35 0.411646 0.986621 0.071143 0.026562
34 0.347129 0.897988 0.064512 0.040293
3 0.911963 0.541484 0.043613 0.042695
34 0.670415 0.834258 0.061846 0.041777
34 0.142871 0.708188 0.066113 0.041729
0 0.605410 0.989805 0.040508 0.020391
35 0.539888 0.986279 0.072412 0.027207
0 0.605625 0.928379 0.040566 0.022012
34 0.857393 0.541963 0.060332 0.042363
2 0.723340 0.832954 0.045605 0.046201
35 0.756338 0.708765 0.033594 0.071396
34 0.605337 0.961343 0.063916 0.039893
34 0.281748 0.975718 0.039570 0.025576
34 0.345996 0.961455 0.065781 0.038477
34 0.815747 0.654468 0.124150 0.041670
34 0.672466 0.975825 0.038330 0.026123
0 0.346548 0.928252 0.040557 0.021973
34 0.605244 0.897974 0.062285 0.040928
35 0.084360 0.709961 0.033604 0.075000
35 0.197456 0.711758 0.030596 0.072598
34 0.475718 0.943315 0.053838 0.112939
3 0.229033 0.833940 0.043633 0.041768
35 0.868662 0.708408 0.031953 0.073145
34 0.180684 0.857827 0.039707 0.025049
35 0.412241 0.928301 0.070537 0.033027
3 0.970059 0.570063 0.042246 0.043154
34 0.942983 0.771719 0.025479 0.046992
34 0.771294 0.857021 0.039932 0.024609
34 0.283325 0.913457 0.040068 0.024512
34 0.670825 0.913501 0.038291 0.024072
35 0.540029 0.928569 0.071582 0.033936
