34 0.822183 0.121802 0.045811 0.024658
33 0.881865 0.527573 0.050527 0.044600
34 0.801353 0.430581 0.112158 0.082666
34 0.826226 0.616699 0.056436 0.083867
34 0.984063 0.383394 0.031211 0.078623
34 0.663901 0.252617 0.095381 0.027988
34 0.651387 0.644175 0.081055 0.028857
34 0.500820 0.533618 0.043613 0.025244
34 0.860220 0.271797 0.046709 0.024609
33 0.939331 0.381543 0.051299 0.044023
34 0.525942 0.121250 0.042998 0.023359
33 0.880806 0.618867 0.052549 0.044375
34 0.393794 0.734272 0.081787 0.051787
34 0.801729 0.855024 0.044063 0.025908
34 0.735879 0.586602 0.027422 0.043789
34 0.735776 0.043149 0.026768 0.044541
34 0.547407 0.979043 0.053408 0.026055
34 0.394658 0.788130 0.083184 0.049756
34 0.984097 0.579790 0.031396 0.083252
33 0.940332 0.582266 0.055918 0.046230
33 0.938716 0.481724 0.056982 0.051611
34 0.593164 0.208647 0.077949 0.051904
34 0.591978 0.060000 0.080928 0.051992
34 0.591382 0.471987 0.078721 0.052568
34 0.974746 0.901597 0.050137 0.024209
34 0.591597 0.598281 0.075693 0.051738
34 0.525039 0.662144 0.044004 0.022295
33 0.881870 0.433979 0.051006 0.044189
27 0.592349 0.117949 0.060244 0.067266
6 0.342139 0.708984 0.016914 0.016875
6 0.806157 0.287974 0.029053 0.026631
6 0.446763 0.636377 0.023018 0.028027
6 0.478569 0.674668 0.029717 0.024277
6 0.722959 0.676338 0.026367 0.023438
6 0.750786 0.636167 0.023428 0.027627
6 0.449307 0.094053 0.022266 0.025176
6 0.725776 0.134243 0.031963 0.026143
6 0.477388 0.134243 0.028076 0.026143
6 0.450029 0.289429 0.027598 0.024697
6 0.753374 0.094541 0.026143 0.028086
0 0.339844 0.746685 0.020078 0.035576
0 0.341099 0.787905 0.021768 0.033486
27 0.590840 0.660122 0.059238 0.069268
27 0.591846 0.533613 0.061250 0.071289
27 0.591846 0.270059 0.063262 0.068281
34 0.984385 0.484624 0.030918 0.083682
34 0.391958 0.117256 0.046982 0.028594
34 0.112349 0.108857 0.027178 0.055938
34 0.510010 0.274004 0.043867 0.025020
34 0.390254 0.662114 0.043887 0.022803
34 0.383345 0.272676 0.047510 0.025918
34 0.744146 0.804683 0.048174 0.029912
34 0.743452 0.272212 0.044346 0.024443
