34 0.719346 0.242095 0.095762 0.053936
0 0.544971 0.703569 0.023965 0.043662
0 0.446616 0.896079 0.030869 0.017295
34 0.027583 0.656899 0.028135 0.054990
34 0.447310 0.817329 0.057412 0.027236
0 0.662891 0.241040 0.016797 0.030420
33 0.180112 0.903232 0.032256 0.064512
34 0.814468 0.567866 0.035400 0.057666
34 0.617012 0.152368 0.035352 0.054072
35 0.530972 0.833457 0.068564 0.032051
35 0.033643 0.259380 0.031738 0.068408
3 0.376899 0.943350 0.077119 0.074473
34 0.959551 0.823486 0.080781 0.058574
34 0.553931 0.605752 0.031299 0.048086
6 0.664170 0.208198 0.014941 0.014951
34 0.447739 0.864922 0.094385 0.048574
34 0.021426 0.450557 0.042852 0.025664
20 0.630649 0.570977 0.070967 0.174199
20 0.123125 0.871514 0.062363 0.084941
21 0.501357 0.913628 0.025547 0.028682
34 0.037300 0.872900 0.056514 0.027344
34 0.290889 0.941284 0.093066 0.054170
34 0.305029 0.279067 0.028984 0.058779
22 0.321948 0.056685 0.075166 0.076143
34 0.670015 0.758242 0.097861 0.052070
34 0.717598 0.564941 0.106641 0.084453
34 0.482310 0.704102 0.096689 0.051777
0 0.608062 0.754624 0.016592 0.030420
34 0.653799 0.838623 0.183418 0.072129
34 0.223491 0.363696 0.061904 0.029971
34 0.058213 0.322441 0.116426 0.063730
34 0.263857 0.019917 0.089121 0.039834
34 0.236333 0.884111 0.096846 0.052480
34 0.179902 0.798018 0.101758 0.078066
22 0.036689 0.138945 0.073379 0.070840
34 0.283276 0.732471 0.057686 0.028945
21 0.608008 0.785166 0.027441 0.028789
34 0.523218 0.036665 0.064092 0.027686
0 0.122627 0.943452 0.017539 0.030713
21 0.122573 0.973486 0.029131 0.030625
34 0.075874 0.946367 0.075889 0.045586
34 0.017383 0.202017 0.027813 0.057061
34 0.102891 0.484321 0.028633 0.050654
