33 0.116758 0.814292 0.060664 0.044678
34 0.491909 0.764307 0.099150 0.058828
34 0.042827 0.807944 0.085654 0.061924
4 0.038638 0.123384 0.067959 0.078037
0 0.173901 0.953047 0.023760 0.039062
0 0.352466 0.952534 0.023643 0.038213
4 0.982012 0.130498 0.035977 0.082363
6 0.433516 0.625005 0.023848 0.020342
0 0.680249 0.387476 0.024424 0.040986
33 0.989673 0.827520 0.020654 0.075527
33 0.020029 0.984678 0.040000 0.030293
33 0.901084 0.984189 0.059434 0.031621
34 0.265005 0.574653 0.157197 0.127842
34 0.606846 0.389302 0.104805 0.060830
34 0.281421 0.465522 0.057881 0.031826
34 0.428374 0.124380 0.057393 0.033115
34 0.414487 0.950332 0.096846 0.058535
34 0.044736 0.054634 0.089434 0.057627
34 0.496821 0.677510 0.097627 0.059180
34 0.659863 0.747212 0.033652 0.050576
34 0.814365 0.980337 0.110137 0.039150
34 0.491904 0.843550 0.099199 0.056924
34 0.972720 0.054087 0.054561 0.057295
34 0.112446 0.951816 0.097119 0.059023
33 0.408125 0.763882 0.059922 0.045010
34 0.978457 0.951523 0.043086 0.058223
34 0.923091 0.807817 0.109053 0.061650
33 0.989707 0.814224 0.020586 0.047979
33 0.408569 0.843135 0.059580 0.044043
0 0.433984 0.679214 0.023379 0.039404
