34 0.093481 0.045415 0.065850 0.043779
34 0.200781 0.132373 0.099941 0.096836
34 0.036934 0.086865 0.067402 0.041445
21 0.245474 0.424258 0.035225 0.048027
0 0.779707 0.340293 0.022227 0.035781
0 0.672363 0.310337 0.021680 0.036045
0 0.673447 0.259380 0.022227 0.034971
0 0.779028 0.389893 0.019248 0.036328
0 0.386045 0.164648 0.014102 0.024668
0 0.243799 0.249316 0.021328 0.037637
0 0.097495 0.147080 0.014111 0.025723
0 0.245371 0.341997 0.021953 0.035439
0 0.029375 0.261426 0.022266 0.036074
0 0.913643 0.967285 0.019063 0.033125
0 0.943833 0.310366 0.020381 0.035850
0 0.943833 0.260347 0.021318 0.035146
35 0.944634 0.441401 0.032256 0.067744
35 0.833340 0.520991 0.037637 0.074229
35 0.779038 0.522603 0.034404 0.071006
35 0.673125 0.442480 0.035488 0.074199
33 0.857520 0.192881 0.043027 0.041680
33 0.661987 0.091860 0.067627 0.036494
33 0.662993 0.131201 0.064951 0.033477
33 0.490918 0.151953 0.037500 0.064941
33 0.386304 0.124004 0.043857 0.054570
33 0.098325 0.101504 0.041846 0.069297
33 0.038901 0.147368 0.042178 0.075322
34 0.070244 0.262134 0.065078 0.042607
34 0.202720 0.338828 0.063525 0.039512
34 0.232349 0.295640 0.022861 0.038350
34 0.200781 0.248579 0.064297 0.041064
34 0.735552 0.390737 0.065459 0.043389
34 0.734780 0.338057 0.066240 0.041836
34 0.658276 0.370205 0.024795 0.039512
34 0.627676 0.308423 0.064297 0.042998
34 0.628838 0.260200 0.065078 0.041064
34 0.670869 0.513696 0.104199 0.069385
34 0.765957 0.448447 0.025566 0.034863
34 0.802178 0.589639 0.101094 0.068555
34 0.821548 0.447480 0.026729 0.036797
34 0.939258 0.511201 0.098770 0.065078
34 0.878872 0.389185 0.066240 0.042607
34 0.879629 0.338643 0.066973 0.041465
3 0.886523 0.021387 0.048242 0.042773
0 0.834458 0.339341 0.020596 0.034424
0 0.834727 0.390298 0.019512 0.034971
34 0.930566 0.367495 0.025605 0.036416
34 0.977300 0.310166 0.045400 0.043379
34 0.977300 0.260781 0.045400 0.039121
34 0.864155 0.237910 0.089482 0.039082
34 0.965098 0.065557 0.069805 0.093359
34 0.944336 0.017964 0.063906 0.035928
34 0.806636 0.019126 0.021689 0.038252
34 0.584102 0.130435 0.087148 0.044932
34 0.582744 0.087441 0.089863 0.043379
34 0.488984 0.098638 0.072012 0.042607
34 0.389072 0.077368 0.069727 0.040283
