34 0.508249 0.758594 0.050236 0.049023
17 0.673258 0.798931 0.152003 0.086025
0 0.318569 0.173408 0.053468 0.053223
3 0.635480 0.231191 0.107357 0.052969
3 0.449781 0.964326 0.106869 0.052871
0 0.500269 0.317100 0.049158 0.049746
0 0.500379 0.204351 0.048636 0.049756
0 0.222551 0.964824 0.049411 0.048926
34 0.131860 0.904609 0.079209 0.027539
34 0.581507 0.124160 0.078098 0.029004
34 0.027424 0.011289 0.046566 0.022578
34 0.634773 0.036831 0.049646 0.057568
34 0.420210 0.246904 0.079108 0.025020
34 0.114958 0.783516 0.102980 0.028105
34 0.753519 0.230166 0.132020 0.052031
21 0.498763 0.385503 0.074899 0.045850
34 0.192601 0.858403 0.051128 0.049404
34 0.139714 0.228750 0.130673 0.051309
34 0.224150 0.169717 0.139377 0.051250
34 0.328830 0.963926 0.131229 0.052246
34 0.411372 0.316558 0.132508 0.051904
34 0.445345 0.865391 0.047761 0.049746
34 0.685513 0.713926 0.175572 0.082148
34 0.412896 0.202310 0.131852 0.051182
34 0.127374 0.965298 0.136633 0.052998
