34 0.528252 0.049541 0.021426 0.034980
34 0.155005 0.685176 0.087529 0.052656
34 0.900454 0.124683 0.024346 0.035400
34 0.601694 0.288228 0.090615 0.050029
34 0.464351 0.955254 0.074287 0.041621
34 0.234116 0.512764 0.083330 0.042930
34 0.816514 0.088940 0.057734 0.038662
34 0.611309 0.050112 0.026406 0.036475
34 0.870649 0.155244 0.021768 0.035488
34 0.026313 0.947705 0.052627 0.104590
34 0.012144 0.264121 0.024111 0.024062
34 0.008911 0.551802 0.017822 0.047217
34 0.933403 0.155742 0.024189 0.037227
34 0.177061 0.988877 0.077051 0.022246
34 0.985854 0.989438 0.027686 0.021045
0 0.855552 0.013965 0.019326 0.027930
0 0.698550 0.013945 0.020244 0.027676
0 0.540850 0.089478 0.020508 0.035303
0 0.181548 0.511431 0.021455 0.035342
0 0.776060 0.089624 0.019951 0.034697
0 0.621548 0.089634 0.020068 0.034170
0 0.698579 0.089736 0.019736 0.034258
0 0.856494 0.089458 0.021270 0.035635
34 0.933828 0.278989 0.100000 0.044092
6 0.058022 0.277915 0.025811 0.026885
33 0.661431 0.939980 0.044521 0.039512
33 0.785376 0.916553 0.044580 0.039121
33 0.784604 0.963223 0.041475 0.036406
34 0.935464 0.788130 0.129072 0.038701
0 0.518345 0.955757 0.034990 0.066748
0 0.120317 0.552549 0.020908 0.035410
0 0.152432 0.566001 0.020508 0.036729
8 0.693726 0.146626 0.259326 0.051377
0 0.621470 0.014106 0.021279 0.028076
8 0.489150 0.288740 0.136699 0.050469
8 0.154570 0.640894 0.176602 0.066670
0 0.540615 0.014043 0.020352 0.027988
0 0.776387 0.013936 0.019531 0.027871
34 0.844238 0.050298 0.022695 0.039404
34 0.816021 0.014834 0.056963 0.029551
34 0.711460 0.865864 0.055967 0.023115
34 0.581533 0.014077 0.059492 0.027979
34 0.685781 0.050107 0.019961 0.035840
34 0.762705 0.050225 0.021621 0.036270
34 0.659790 0.014224 0.057881 0.028369
34 0.501621 0.090430 0.057324 0.037051
34 0.501416 0.014844 0.056348 0.029453
34 0.737021 0.014829 0.056680 0.029658
34 0.659673 0.090229 0.056338 0.037236
34 0.208838 0.566646 0.087871 0.043506
34 0.736680 0.090273 0.055723 0.037441
34 0.582632 0.090610 0.060010 0.036709
34 0.070000 0.552261 0.078105 0.044912
34 0.586948 0.941406 0.102646 0.049355
34 0.453530 0.173247 0.025479 0.034502
34 0.697861 0.191147 0.078281 0.045088
