34 0.594125 0.659082 0.156498 0.050547
6 0.031204 0.402700 0.045101 0.021455
6 0.031860 0.350298 0.036919 0.017373
8 0.584646 0.613989 0.279865 0.066670
34 0.557811 0.113979 0.040572 0.036885
34 0.189933 0.101685 0.040976 0.037119
34 0.244874 0.389946 0.066717 0.025928
34 0.685253 0.542671 0.164276 0.046006
34 0.163249 0.983892 0.036633 0.031592
34 0.284141 0.526978 0.133468 0.045732
34 0.066886 0.075278 0.133199 0.043389
34 0.504411 0.017041 0.049394 0.033574
34 0.430463 0.076851 0.152475 0.042256
34 0.129268 0.014492 0.053182 0.028809
34 0.308704 0.025684 0.155320 0.044922
34 0.677567 0.026050 0.157593 0.044541
34 0.059621 0.557036 0.119242 0.045049
34 0.135918 0.659526 0.151162 0.050986
34 0.039369 0.501221 0.078737 0.042852
34 0.330623 0.335259 0.063939 0.022529
34 0.274200 0.712515 0.244394 0.046670
34 0.728544 0.464766 0.148603 0.043594
34 0.565168 0.796636 0.139057 0.044443
34 0.442146 0.527466 0.134024 0.045127
34 0.367264 0.213037 0.152104 0.037207
34 0.595303 0.201924 0.155286 0.052051
34 0.281044 0.943789 0.072727 0.023105
34 0.030816 0.728643 0.061633 0.072520
34 0.149899 0.201509 0.155286 0.051045
35 0.301675 0.753628 0.152609 0.038330
35 0.744402 0.961636 0.144125 0.037334
34 0.741086 0.932046 0.197054 0.025049
33 0.570017 0.841016 0.074781 0.045781
34 0.101313 0.736191 0.062323 0.025703
6 0.457685 0.350010 0.044495 0.020430
8 0.566128 0.146782 0.239125 0.069893
8 0.182172 0.146338 0.235724 0.071289
8 0.140707 0.614526 0.278047 0.067744
0 0.211835 0.025078 0.034882 0.036270
0 0.091566 0.502681 0.034983 0.035322
0 0.528535 0.528062 0.036330 0.037666
0 0.578822 0.025166 0.036128 0.035918
0 0.141625 0.556973 0.035539 0.035195
0 0.583981 0.541191 0.036077 0.037285
0 0.197424 0.528301 0.034646 0.036953
0 0.149234 0.074697 0.035707 0.035391
6 0.325699 0.402954 0.044731 0.021221
0 0.525867 0.075347 0.036279 0.036826
0 0.634520 0.463921 0.035572 0.034307
