34 0.311924 0.304081 0.101426 0.062300
34 0.674360 0.462672 0.055635 0.037632
34 0.862432 0.371009 0.057324 0.039200
34 0.750610 0.175175 0.034600 0.068997
34 0.361138 0.176764 0.032979 0.069312
34 0.109473 0.254662 0.100391 0.061139
34 0.499619 0.254983 0.100703 0.061736
34 0.890454 0.255079 0.100322 0.061432
34 0.701538 0.304059 0.102393 0.062300
34 0.106084 0.146573 0.101152 0.061669
34 0.496250 0.146821 0.100625 0.060338
34 0.887183 0.146708 0.100850 0.060541
34 0.153779 0.049183 0.032578 0.068264
34 0.545054 0.046212 0.030908 0.068884
34 0.934717 0.045163 0.032344 0.067238
0 0.954448 0.257024 0.030283 0.064081
0 0.380518 0.308557 0.032324 0.063698
2 0.173271 0.148850 0.032246 0.067441
2 0.563638 0.148337 0.033506 0.066618
2 0.953848 0.148698 0.030918 0.065423
0 0.770952 0.308788 0.033701 0.063912
0 0.173203 0.256956 0.030371 0.064014
0 0.563809 0.257001 0.031289 0.064262
