34 0.046431 0.023129 0.083291 0.046257
0 0.491177 0.126212 0.028252 0.056077
34 0.811816 0.175716 0.083398 0.062773
34 0.966240 0.016719 0.028613 0.033439
34 0.496333 0.308213 0.158838 0.060034
34 0.296455 0.263980 0.048066 0.032717
0 0.606978 0.125834 0.032783 0.064431
0 0.237764 0.025254 0.029805 0.050507
34 0.176641 0.022063 0.078711 0.044126
34 0.930474 0.059386 0.045557 0.032187
0 0.872261 0.175451 0.032510 0.064047
35 0.490688 0.231871 0.037920 0.091139
34 0.665332 0.263901 0.049180 0.032153
0 0.104844 0.023828 0.029590 0.047655
21 0.105010 0.137074 0.043008 0.053563
34 0.815166 0.265474 0.047988 0.031736
34 0.444741 0.015000 0.025088 0.030000
34 0.550210 0.028968 0.048076 0.031871
21 0.980420 0.220293 0.039160 0.053439
34 0.104795 0.179921 0.099551 0.035784
34 0.966934 0.262418 0.066133 0.037937
0 0.982646 0.128856 0.028809 0.057959
34 0.432373 0.124363 0.078691 0.061398
34 0.547422 0.124752 0.079473 0.058591
34 0.927319 0.128715 0.080752 0.062480
