34 0.175952 0.649951 0.030986 0.049199
34 0.937031 0.112388 0.125938 0.056475
32 0.343574 0.734985 0.065469 0.062705
34 0.058730 0.792104 0.117461 0.031377
0 0.637510 0.952778 0.058281 0.029131
33 0.947319 0.038174 0.059131 0.076348
33 0.955381 0.615063 0.062363 0.088174
33 0.153232 0.713447 0.077422 0.059141
34 0.324692 0.648979 0.034092 0.048037
34 0.939517 0.543750 0.120967 0.059609
34 0.914619 0.295464 0.170762 0.147451
34 0.056987 0.712119 0.113975 0.057324
34 0.153096 0.930430 0.059648 0.139141
34 0.281694 0.931357 0.047256 0.032539
34 0.633994 0.905405 0.149902 0.059658
34 0.606299 0.791719 0.051133 0.032148
34 0.478276 0.650146 0.029834 0.046484
