34 0.554868 0.010718 0.036396 0.021436
34 0.837085 0.757500 0.067100 0.047363
34 0.940210 0.787959 0.051826 0.069844
33 0.685073 0.887964 0.038877 0.041709
34 0.605195 0.525684 0.051133 0.074531
33 0.256274 0.349736 0.041592 0.038652
34 0.844932 0.681836 0.097910 0.086523
34 0.931216 0.694790 0.050381 0.068154
34 0.603838 0.808848 0.051973 0.073887
34 0.594629 0.701919 0.048281 0.066689
34 0.941250 0.523032 0.052715 0.072979
34 0.639687 0.247529 0.037363 0.026562
34 0.146855 0.984746 0.066523 0.026660
34 0.624512 0.006743 0.061172 0.013486
34 0.614014 0.181665 0.035977 0.027334
34 0.992070 0.927437 0.015859 0.049697
34 0.316812 0.612207 0.067080 0.048262
34 0.366602 0.940127 0.037891 0.026367
34 0.637642 0.928013 0.066943 0.048428
34 0.312759 0.317227 0.067607 0.047129
34 0.466992 0.984658 0.064551 0.029531
34 0.144644 0.598311 0.026494 0.038457
34 0.295669 0.708481 0.068623 0.049873
34 0.275488 0.916743 0.068652 0.047314
34 0.318608 0.416836 0.067490 0.049023
34 0.678530 0.610142 0.065225 0.048232
34 0.540361 0.435757 0.024824 0.038779
34 0.017285 0.718457 0.034512 0.049746
34 0.790898 0.888442 0.064453 0.048896
34 0.459390 0.504771 0.111826 0.062100
34 0.201113 0.349668 0.064668 0.050195
34 0.016846 0.365342 0.033613 0.047187
34 0.900308 0.006650 0.063486 0.013301
34 0.726577 0.408940 0.024346 0.038135
34 0.513940 0.640234 0.073037 0.050566
34 0.660498 0.343496 0.066152 0.049238
34 0.257012 0.790664 0.068164 0.048301
34 0.222734 0.512256 0.066836 0.050664
34 0.501431 0.342236 0.066963 0.050117
34 0.054229 0.593940 0.025625 0.047490
34 0.684678 0.842144 0.065859 0.048936
34 0.893667 0.856880 0.064619 0.049385
0 0.636821 0.526045 0.018369 0.034395
0 0.636797 0.809443 0.019121 0.037109
0 0.684277 0.927051 0.018359 0.035586
0 0.317920 0.577622 0.036543 0.020400
0 0.973643 0.522700 0.019141 0.036572
0 0.900996 0.022598 0.036289 0.018906
0 0.837046 0.790952 0.038037 0.020420
0 0.624810 0.022622 0.037275 0.019209
0 0.718364 0.611816 0.018506 0.035801
0 0.555581 0.343130 0.032627 0.057920
0 0.320825 0.449048 0.035732 0.018213
0 0.742515 0.888198 0.030576 0.056592
0 0.973608 0.788721 0.018994 0.036406
0 0.315337 0.349087 0.035830 0.018135
0 0.469038 0.634575 0.018252 0.033467
3 0.729844 0.344800 0.072949 0.067158
6 0.525542 0.022876 0.022393 0.015107
6 0.747046 0.023008 0.022939 0.013223
6 0.793047 0.021523 0.021582 0.017813
18 0.780728 0.618516 0.060322 0.025117
6 0.718232 0.575645 0.015723 0.015098
0 0.278457 0.956758 0.057871 0.033789
33 0.973125 0.695166 0.048379 0.054844
0 0.510464 0.988354 0.019951 0.022803
6 0.269712 0.197202 0.033643 0.030166
6 0.845254 0.023550 0.020234 0.018076
2 0.712241 0.023950 0.055850 0.031299
21 0.470332 0.677861 0.028047 0.032402
2 0.256948 0.831772 0.063799 0.037119
22 0.363672 0.510425 0.084687 0.083525
21 0.850659 0.899839 0.032822 0.037275
15 0.364687 0.703115 0.057090 0.057344
0 0.849971 0.855312 0.020098 0.035039
6 0.679326 0.021660 0.022930 0.016992
