34 0.763447 0.006963 0.230723 0.013926
34 0.539907 0.974849 0.392236 0.050303
35 0.733340 0.279502 0.132715 0.056094
34 0.521025 0.851699 0.037383 0.061523
35 0.737310 0.340615 0.132549 0.054219
34 0.519502 0.202632 0.039668 0.061377
34 0.523062 0.407759 0.037314 0.061182
34 0.901802 0.310703 0.196377 0.083789
34 0.516274 0.588188 0.039248 0.069092
34 0.046367 0.354468 0.092734 0.155068
33 0.592163 0.587373 0.090439 0.053613
34 0.703833 0.587197 0.124600 0.075820
34 0.458843 0.772793 0.121982 0.072187
34 0.754517 0.131724 0.232998 0.114287
17 0.544561 0.310454 0.120234 0.129482
6 0.544028 0.472666 0.027939 0.027949
6 0.543130 0.676426 0.030713 0.027344
0 0.543740 0.776016 0.039395 0.074043
6 0.544751 0.497964 0.030361 0.027471
6 0.543545 0.700581 0.030840 0.026982
