34 0.933560 0.706514 0.096240 0.054043
34 0.678457 0.875112 0.024668 0.047197
34 0.684106 0.228550 0.097529 0.061768
34 0.516929 0.850146 0.025459 0.048203
34 0.672930 0.459409 0.096523 0.058779
34 0.905552 0.227598 0.097041 0.059590
34 0.921958 0.295659 0.026475 0.038486
0 0.869517 0.705630 0.021143 0.037705
20 0.890317 0.486582 0.219365 0.367559
22 0.761953 0.222871 0.060664 0.057188
0 0.696104 0.983979 0.033711 0.032041
21 0.531880 0.916455 0.033721 0.037148
6 0.883975 0.270864 0.015137 0.018916
22 0.829058 0.222285 0.057178 0.056016
6 0.868213 0.269810 0.012188 0.015127
34 0.899199 0.387104 0.201602 0.090322
34 0.632803 0.979575 0.101074 0.040850
34 0.472583 0.781729 0.090322 0.043008
34 0.470435 0.715601 0.088174 0.046240
33 0.744092 0.453232 0.041934 0.063437
