31 0.040698 0.497202 0.081396 0.138877
34 0.879888 0.791816 0.188232 0.024199
34 0.678652 0.950698 0.183750 0.064092
34 0.386890 0.879214 0.129072 0.086943
34 0.164824 0.868682 0.032715 0.047949
34 0.246387 0.923584 0.050645 0.034063
34 0.128970 0.979717 0.073955 0.040566
34 0.121797 0.789580 0.047051 0.033164
33 0.216670 0.241401 0.077422 0.072041
33 0.215059 0.316138 0.061289 0.064521
33 0.220977 0.404844 0.060215 0.065586
35 0.524741 0.943560 0.108604 0.050537
34 0.350142 0.246392 0.147002 0.060947
34 0.348350 0.322803 0.138926 0.057812
34 0.352607 0.414009 0.144766 0.060947
0 0.381099 0.944038 0.051279 0.037295
34 0.897363 0.712715 0.141621 0.064082
17 0.036758 0.102891 0.069434 0.090937
10 0.653076 0.795386 0.076660 0.086670
34 0.656245 0.715850 0.137139 0.058711
34 0.046670 0.592153 0.093340 0.053330
33 0.314521 0.586006 0.064512 0.088223
34 0.347002 0.098716 0.143418 0.057822
34 0.056978 0.195298 0.113955 0.066338
34 0.322578 0.514844 0.142969 0.059160
33 0.211836 0.091938 0.065586 0.069893
