13 0.374478 0.345864 0.048193 0.065264
13 0.320762 0.215845 0.043164 0.070283
6 0.577539 0.250205 0.020918 0.015488
6 0.432324 0.305444 0.016738 0.014639
0 0.778872 0.897422 0.022686 0.042129
0 0.379946 0.219771 0.029385 0.049697
0 0.430742 0.349497 0.027187 0.051572
0 0.383906 0.518955 0.025527 0.045195
0 0.426592 0.621475 0.027207 0.045195
0 0.675483 0.812832 0.028525 0.045371
6 0.380229 0.176343 0.016318 0.014229
3 0.564385 0.372832 0.046035 0.040176
3 0.565356 0.640767 0.043135 0.039775
0 0.879663 0.813804 0.025928 0.043428
0 0.777900 0.609951 0.024629 0.047969
34 0.720752 0.392144 0.078887 0.049639
34 0.731377 0.511821 0.077578 0.050127
34 0.966104 0.171997 0.026836 0.054893
34 0.829590 0.901807 0.070391 0.051035
34 0.627598 0.308423 0.079863 0.051533
34 0.315942 0.624390 0.080400 0.051787
34 0.830845 0.611299 0.080322 0.050723
34 0.830527 0.813296 0.078398 0.051318
34 0.475532 0.622163 0.073428 0.050166
34 0.394976 0.163555 0.065303 0.040234
34 0.717603 0.645552 0.077061 0.051768
34 0.836318 0.391382 0.081543 0.052119
34 0.616602 0.702598 0.050137 0.025430
34 0.278887 0.527407 0.083418 0.054775
34 0.616655 0.446143 0.050186 0.026406
34 0.626216 0.814502 0.077490 0.052734
34 0.580356 0.237012 0.069502 0.039805
34 0.304102 0.159058 0.086191 0.052959
34 0.628799 0.375537 0.081504 0.051660
34 0.430391 0.511289 0.089746 0.073867
34 0.366533 0.290366 0.081406 0.049814
34 0.434771 0.219443 0.081729 0.052324
34 0.832383 0.757886 0.075566 0.051084
34 0.828896 0.512798 0.081602 0.050654
34 0.572930 0.520405 0.064980 0.028232
34 0.468940 0.289580 0.063779 0.030078
35 0.340015 0.719561 0.082803 0.037207
35 0.339082 0.463369 0.080938 0.031191
34 0.623892 0.644365 0.076729 0.049961
34 0.483042 0.348062 0.076182 0.051084
34 0.623306 0.591670 0.075166 0.051035
0 0.677427 0.510776 0.025928 0.042783
0 0.880962 0.510776 0.025928 0.042783
3 0.835952 0.701812 0.054326 0.066709
3 0.835947 0.446929 0.049863 0.066670
4 0.564512 0.311787 0.046328 0.037617
4 0.565830 0.589668 0.041953 0.032559
6 0.427305 0.583730 0.017578 0.012129
6 0.575864 0.537910 0.015068 0.017578
6 0.381904 0.481416 0.019668 0.015898
13 0.375483 0.614941 0.036143 0.059238
13 0.332808 0.518052 0.041162 0.062256
