34 0.702896 0.698887 0.058584 0.030625
21 0.748931 0.839253 0.045166 0.052686
34 0.471504 0.489209 0.031426 0.042637
5 0.702119 0.740854 0.034609 0.056807
34 0.636221 0.846958 0.030332 0.039131
34 0.564629 0.853228 0.092637 0.070986
34 0.207515 0.482549 0.030459 0.040605
33 0.563223 0.924355 0.043164 0.063867
34 0.474658 0.877842 0.031211 0.040547
34 0.035562 0.269111 0.041592 0.029277
34 0.208428 0.872100 0.031660 0.040742
34 0.367744 0.600547 0.231191 0.183867
34 0.101621 0.602158 0.182793 0.172051
