34 0.322349 0.712749 0.032432 0.042725
0 0.874580 0.702798 0.033828 0.058877
34 0.026372 0.406753 0.052686 0.074502
34 0.968545 0.314883 0.062910 0.126250
10 0.103232 0.507534 0.093555 0.058057
10 0.371509 0.506992 0.092471 0.059141
22 0.873110 0.372700 0.116553 0.111357
34 0.218804 0.508296 0.130791 0.139736
34 0.275410 0.404609 0.095410 0.070977
34 0.854814 0.131387 0.029766 0.040723
34 0.806958 0.200728 0.095635 0.070225
0 0.874692 0.200488 0.032607 0.058477
0 0.074199 0.404478 0.033613 0.058896
34 0.798516 0.703721 0.096680 0.072754
34 0.489224 0.507861 0.135186 0.139590
34 0.055083 0.156587 0.030244 0.040479
0 0.343730 0.404390 0.034102 0.058975
34 0.054448 0.712827 0.030498 0.042354
34 0.322979 0.156528 0.030977 0.041299
