34 0.386948 0.357100 0.037158 0.081680
34 0.297212 0.522256 0.116396 0.070762
34 0.830259 0.750718 0.146846 0.068252
34 0.810210 0.357388 0.037002 0.081455
34 0.408149 0.750283 0.143818 0.066016
35 0.410869 0.661162 0.055098 0.114785
35 0.833379 0.660918 0.056152 0.114941
34 0.725171 0.405435 0.063174 0.039131
34 0.301763 0.405239 0.063369 0.038994
34 0.287305 0.792949 0.062930 0.040996
34 0.167915 0.683540 0.039697 0.061533
34 0.968828 0.792661 0.062344 0.039990
34 0.718022 0.793149 0.063838 0.039756
34 0.718818 0.523398 0.119219 0.069258
34 0.528521 0.550327 0.122705 0.070244
35 0.410908 0.242002 0.054434 0.111738
34 0.402397 0.131694 0.230342 0.107393
3 0.817144 0.522720 0.078721 0.075225
0 0.191890 0.549790 0.039209 0.073701
0 0.614844 0.549868 0.039375 0.073643
3 0.395391 0.522959 0.079844 0.075742
34 0.824858 0.132261 0.233369 0.107822
35 0.833682 0.241982 0.056230 0.111855
34 0.590674 0.682246 0.039824 0.063633
34 0.946045 0.548955 0.107910 0.072227
34 0.107490 0.549004 0.119141 0.071328
