20 0.170884 0.077728 0.288330 0.150879
34 0.988975 0.384081 0.021738 0.051161
34 0.392041 0.105755 0.097988 0.092661
34 0.222305 0.413822 0.036172 0.028749
35 0.444331 0.323991 0.035596 0.097745
35 0.793071 0.296674 0.038545 0.098760
34 0.736538 0.413602 0.037041 0.028399
35 0.970181 0.297170 0.039150 0.101443
34 0.688652 0.356674 0.073984 0.051747
34 0.070215 0.383822 0.070254 0.053484
35 0.596978 0.271133 0.038428 0.105039
34 0.548862 0.363495 0.075322 0.054092
34 0.837764 0.383360 0.073398 0.054228
34 0.268970 0.231257 0.162861 0.089594
35 0.117441 0.288968 0.038008 0.097373
35 0.643877 0.270496 0.037070 0.101421
34 0.939541 0.213968 0.120645 0.069966
34 0.443716 0.231883 0.165537 0.090507
35 0.268823 0.324245 0.036553 0.098952
34 0.112588 0.207621 0.105547 0.069312
34 0.984883 0.081962 0.029863 0.051251
34 0.621880 0.186268 0.176982 0.073844
35 0.912739 0.121539 0.087432 0.042604
34 0.795703 0.208382 0.129766 0.092165
0 0.793877 0.385147 0.017539 0.038388
0 0.118140 0.381753 0.019951 0.038253
0 0.596489 0.361347 0.018564 0.037869
0 0.644175 0.358021 0.017041 0.038185
0 0.970933 0.384752 0.017236 0.037306
6 0.361143 0.430665 0.022168 0.026945
