0 0.634263 0.534766 0.032998 0.056875
34 0.067476 0.572588 0.134951 0.061289
34 0.066401 0.482803 0.132803 0.062363
34 0.065864 0.405381 0.131729 0.055918
34 0.489023 0.370562 0.206680 0.049365
34 0.491416 0.457427 0.209961 0.048604
34 0.874790 0.369399 0.216377 0.050225
34 0.876396 0.457573 0.218906 0.050049
34 0.630508 0.954614 0.218086 0.052861
34 0.952266 0.953437 0.095449 0.044824
33 0.315908 0.453677 0.120684 0.070557
34 0.352231 0.116660 0.069775 0.040547
34 0.544331 0.116060 0.071396 0.040752
33 0.315669 0.366821 0.119424 0.072490
33 0.450874 0.956309 0.122549 0.073652
34 0.364053 0.032998 0.078398 0.044473
33 0.835327 0.957104 0.122432 0.072803
33 0.697725 0.453574 0.120371 0.070059
33 0.698433 0.367129 0.120244 0.072422
0 0.633301 0.227627 0.034590 0.055820
0 0.252056 0.534893 0.032979 0.056445
0 0.172803 0.291523 0.058809 0.036660
0 0.251787 0.227622 0.032168 0.055244
21 0.633677 0.629868 0.055107 0.074189
0 0.922861 0.761509 0.057031 0.034873
21 0.251724 0.629917 0.051045 0.069600
6 0.784263 0.248140 0.034834 0.034482
21 0.608062 0.833291 0.054795 0.077207
21 0.174585 0.937920 0.056846 0.075410
21 0.982026 0.831934 0.035947 0.079824
0 0.106362 0.867622 0.055186 0.033408
0 0.848237 0.761826 0.055732 0.034219
0 0.539526 0.761768 0.054365 0.033770
6 0.101494 0.248682 0.035078 0.035254
0 0.032100 0.867041 0.056855 0.034121
0 0.464888 0.761787 0.056025 0.034277
0 0.713320 0.291655 0.057910 0.035264
