34 0.160586 0.240068 0.077480 0.041426
34 0.009531 0.523550 0.019043 0.053252
34 0.651025 0.955762 0.068301 0.027910
34 0.652114 0.828223 0.066592 0.030391
34 0.013320 0.313076 0.026641 0.056699
34 0.012837 0.597075 0.025674 0.053154
34 0.112217 0.962476 0.026738 0.055088
34 0.324390 0.781323 0.083428 0.052920
34 0.798291 0.451255 0.158770 0.080635
34 0.735410 0.897334 0.028145 0.045059
34 0.532134 0.843423 0.044424 0.026201
34 0.392173 0.970850 0.046787 0.027559
34 0.526196 0.974634 0.043525 0.023701
34 0.310454 0.511226 0.082881 0.052139
34 0.592002 0.912495 0.081504 0.052236
34 0.651875 0.427549 0.079668 0.050859
34 0.822622 0.974521 0.045654 0.024512
34 0.435337 0.499697 0.140166 0.055820
34 0.592764 0.782656 0.080156 0.053828
34 0.452222 0.768911 0.138662 0.053818
34 0.523198 0.541069 0.027275 0.044834
27 0.593853 0.967358 0.063252 0.065283
27 0.590840 0.843354 0.071289 0.080322
6 0.755054 0.948555 0.025771 0.028008
6 0.724800 0.989404 0.031377 0.021191
6 0.449170 0.949395 0.030254 0.025215
6 0.478579 0.987769 0.027451 0.023525
0 0.027881 0.717407 0.022402 0.044814
0 0.026763 0.434209 0.022412 0.044258
0 0.325781 0.820156 0.049199 0.029121
0 0.308677 0.550688 0.043135 0.025947
34 0.326650 0.239687 0.089570 0.044785
35 0.798174 0.517124 0.136855 0.047275
35 0.442974 0.550093 0.105752 0.043545
