33 0.595923 0.051483 0.067275 0.051894
0 0.848916 0.497604 0.054063 0.036020
0 0.069551 0.742063 0.021699 0.044239
0 0.155562 0.687542 0.038271 0.025479
0 0.606001 0.281939 0.035342 0.024239
21 0.230049 0.761122 0.060937 0.087497
0 0.199961 0.495023 0.055840 0.040056
0 0.245176 0.330304 0.055078 0.035761
35 0.336958 0.491905 0.092217 0.045163
35 0.397500 0.330079 0.095938 0.041939
35 0.721626 0.280614 0.094072 0.046234
35 0.962573 0.496206 0.074854 0.045152
35 0.071504 0.833839 0.047500 0.111826
34 0.065918 0.904267 0.088477 0.039786
34 0.155801 0.641905 0.098730 0.063450
34 0.343003 0.191437 0.046201 0.026888
34 0.370688 0.011815 0.046396 0.023630
34 0.848682 0.449566 0.093945 0.057711
34 0.768828 0.441426 0.028184 0.049188
34 0.449878 0.495434 0.123447 0.037204
34 0.086704 0.430671 0.032217 0.045716
34 0.198511 0.445237 0.090459 0.060507
34 0.809004 0.164735 0.054805 0.033145
34 0.678945 0.115023 0.094531 0.058253
34 0.683437 0.049239 0.096562 0.058591
34 0.312842 0.309887 0.041152 0.036302
34 0.241021 0.282103 0.086182 0.056020
33 0.596064 0.112244 0.065254 0.056911
34 0.507529 0.330727 0.126172 0.037644
34 0.516846 0.247368 0.030664 0.046618
34 0.605361 0.243782 0.094336 0.056471
34 0.833433 0.279639 0.124229 0.035851
