34 0.212437 0.547383 0.060537 0.032813
34 0.266099 0.771055 0.102432 0.053867
34 0.128169 0.701772 0.176318 0.128369
21 0.582837 0.964512 0.039971 0.044707
21 0.904092 0.966201 0.040059 0.044980
21 0.691758 0.964517 0.038262 0.044482
21 0.638691 0.964448 0.040176 0.044541
21 0.847554 0.964575 0.037939 0.044443
17 0.133398 0.836416 0.099766 0.102090
1 0.027471 0.976602 0.032695 0.046797
21 0.799453 0.964414 0.038867 0.044609
21 0.527773 0.964351 0.038672 0.044463
13 0.271377 0.848169 0.072012 0.099072
21 0.747944 0.964692 0.038604 0.044287
34 0.012476 0.899282 0.024951 0.058721
21 0.954165 0.965186 0.035967 0.046406
34 0.350176 0.257837 0.033379 0.057061
