35 0.769204 0.240850 0.054619 0.112383
34 0.221035 0.391396 0.063242 0.038301
34 0.654624 0.391255 0.063193 0.038389
34 0.520278 0.762705 0.038818 0.060176
34 0.754307 0.962798 0.229863 0.074072
34 0.312559 0.344424 0.035723 0.080957
34 0.951045 0.549175 0.097773 0.072783
4 0.319238 0.492041 0.077168 0.076270
3 0.753975 0.592329 0.078555 0.075205
4 0.754385 0.491958 0.089023 0.073994
3 0.320420 0.592407 0.079023 0.074893
0 0.109507 0.535767 0.041709 0.075889
0 0.543740 0.535864 0.040254 0.074658
34 0.327368 0.129473 0.140693 0.110859
34 0.761021 0.130015 0.142373 0.110967
34 0.458765 0.535957 0.123877 0.071055
34 0.220918 0.492231 0.117734 0.072568
34 0.220815 0.590903 0.116709 0.071338
34 0.757837 0.828804 0.226729 0.078408
34 0.324531 0.825684 0.225938 0.076270
35 0.769268 0.730859 0.055957 0.115918
35 0.335107 0.240937 0.054629 0.112637
34 0.653613 0.593164 0.120996 0.071367
35 0.335479 0.730698 0.054941 0.115381
34 0.654185 0.492778 0.122334 0.071494
34 0.042114 0.534702 0.084229 0.072842
34 0.746616 0.344482 0.037939 0.081152
34 0.085625 0.762700 0.039082 0.061006
