34 0.798340 0.112785 0.080156 0.053709
34 0.616782 0.121127 0.080049 0.054791
0 0.617759 0.164030 0.047959 0.033044
34 0.617261 0.017475 0.077314 0.034949
34 0.615371 0.223579 0.078262 0.057306
0 0.617817 0.050096 0.048779 0.031646
0 0.618267 0.268185 0.048408 0.031725
34 0.801504 0.011708 0.060371 0.023416
5 0.801323 0.163219 0.035342 0.055862
5 0.800771 0.267379 0.033242 0.055637
5 0.801011 0.049842 0.033682 0.054543
34 0.716270 0.031122 0.047422 0.032706
34 0.719180 0.249200 0.048281 0.032244
34 0.799165 0.216747 0.076787 0.054216
34 0.502676 0.030068 0.048730 0.034318
34 0.506025 0.144324 0.049277 0.032931
34 0.719063 0.145722 0.047617 0.032187
34 0.505996 0.247024 0.049336 0.032063
