30 0.158086 0.958438 0.097070 0.067832
34 0.309546 0.450503 0.041201 0.067393
34 0.027573 0.025483 0.055127 0.050967
34 0.372041 0.879644 0.112676 0.098232
34 0.396401 0.244839 0.213857 0.071475
34 0.160493 0.879414 0.114541 0.097910
34 0.621904 0.028174 0.183359 0.055645
35 0.333389 0.340625 0.052246 0.118301
34 0.441211 0.446172 0.040215 0.068047
34 0.538994 0.900776 0.110918 0.062725
34 0.892163 0.874355 0.100928 0.065977
34 0.776895 0.934731 0.093027 0.040635
35 0.463892 0.341357 0.053701 0.118066
6 0.610176 0.854043 0.020586 0.019570
30 0.374058 0.961919 0.060244 0.070967
3 0.897852 0.943096 0.073711 0.069082
0 0.611045 0.901934 0.019336 0.034844
