34 0.205381 0.359904 0.053965 0.034059
34 0.229038 0.497497 0.122334 0.033168
34 0.840498 0.340186 0.085020 0.060958
34 0.840498 0.401359 0.085020 0.056020
34 0.958198 0.235981 0.083604 0.053337
34 0.859521 0.195648 0.088906 0.058715
34 0.696860 0.209543 0.088896 0.059605
34 0.769263 0.207074 0.031064 0.048399
34 0.597866 0.172339 0.090459 0.059605
34 0.483340 0.333906 0.088125 0.056471
33 0.600039 0.243912 0.046191 0.072153
33 0.365996 0.114853 0.065098 0.051511
33 0.367173 0.053850 0.064756 0.048038
34 0.482764 0.394639 0.085410 0.053337
34 0.569722 0.010992 0.048135 0.021984
34 0.860688 0.094583 0.085791 0.059154
34 0.964019 0.093687 0.071963 0.054679
1 0.967236 0.283033 0.054004 0.036415
0 0.537070 0.391409 0.020391 0.043450
35 0.118076 0.495665 0.092207 0.046234
0 0.861460 0.137610 0.037451 0.024645
0 0.969434 0.137204 0.036055 0.024239
0 0.896660 0.402074 0.018828 0.043946
0 0.896665 0.341178 0.019639 0.040913
0 0.536440 0.333484 0.020381 0.042728
21 0.538076 0.473450 0.053301 0.071364
21 0.896777 0.478410 0.047461 0.071590
15 0.699614 0.286595 0.066982 0.087734
3 0.861313 0.262852 0.057002 0.078129
34 0.280693 0.046409 0.098223 0.059605
34 0.279531 0.114081 0.100547 0.060496
34 0.159380 0.165620 0.052803 0.032706
34 0.248862 0.261753 0.052412 0.036742
34 0.022427 0.277886 0.044854 0.038546
34 0.020981 0.450214 0.041533 0.054228
