34 0.442114 0.191885 0.085557 0.045000
34 0.481279 0.435830 0.088691 0.087617
34 0.412231 0.316611 0.078799 0.047383
34 0.196504 0.215000 0.033516 0.024258
34 0.193369 0.437358 0.041328 0.023701
34 0.064844 0.415811 0.085762 0.042617
34 0.264868 0.465820 0.032646 0.019492
34 0.243696 0.342036 0.085107 0.043037
34 0.442910 0.694771 0.083770 0.047295
34 0.347017 0.798765 0.022256 0.042646
34 0.413057 0.588462 0.079570 0.045947
34 0.380508 0.097349 0.043906 0.022920
34 0.309321 0.962466 0.024150 0.034795
34 0.453345 0.367417 0.036865 0.022900
34 0.451533 0.893970 0.132617 0.060869
34 0.451255 0.790215 0.082783 0.044941
34 0.147988 0.753018 0.024551 0.034023
0 0.063599 0.452798 0.054580 0.032021
17 0.361143 0.425903 0.141191 0.145850
0 0.978320 0.154185 0.018223 0.031865
21 0.977036 0.194868 0.033135 0.032119
0 0.441362 0.229478 0.055029 0.031533
0 0.243428 0.380137 0.054766 0.030312
4 0.372603 0.695776 0.055303 0.053818
6 0.488330 0.337222 0.022168 0.026846
0 0.400005 0.790356 0.018193 0.032900
21 0.399316 0.829292 0.030059 0.031611
0 0.360215 0.588594 0.022305 0.036816
0 0.360693 0.315942 0.030566 0.052939
