34 0.094848 0.495054 0.189697 0.058896
34 0.228763 0.724536 0.144091 0.047393
34 0.047357 0.813916 0.040370 0.042402
34 0.756397 0.912241 0.206835 0.043369
21 0.139099 0.764619 0.050960 0.030762
6 0.112997 0.850210 0.027609 0.012900
0 0.139251 0.724824 0.030724 0.031426
0 0.285934 0.918047 0.030690 0.032734
0 0.112609 0.880122 0.032155 0.032061
21 0.581187 0.836538 0.053081 0.031338
17 0.077121 0.946787 0.154242 0.080645
13 0.465135 0.807002 0.098013 0.078027
6 0.288258 0.888101 0.025269 0.012959
0 0.551515 0.950884 0.087576 0.028838
35 0.765311 0.950581 0.148266 0.035420
35 0.070774 0.566772 0.063939 0.085869
34 0.202062 0.936689 0.066212 0.020859
34 0.552854 0.915527 0.141801 0.043340
34 0.197054 0.879390 0.130135 0.044854
34 0.538333 0.767769 0.141616 0.047295
34 0.370867 0.917529 0.137222 0.043828
