34 0.820132 0.119028 0.171475 0.061807
34 0.086074 0.290981 0.168691 0.060107
34 0.025151 0.751182 0.049951 0.041660
34 0.145884 0.540308 0.169248 0.062139
34 0.145820 0.136128 0.171797 0.060596
34 0.430854 0.293291 0.173154 0.062461
34 0.903945 0.629668 0.192109 0.116738
34 0.099653 0.406592 0.184385 0.100508
34 0.492314 0.545205 0.171855 0.061582
34 0.443652 0.410166 0.187754 0.105215
34 0.730591 0.315527 0.173311 0.059922
33 0.868926 0.315557 0.099609 0.065059
0 0.599878 0.546563 0.041162 0.079316
0 0.251484 0.545557 0.045176 0.079316
0 0.256001 0.139385 0.048193 0.084434
0 0.189233 0.294058 0.029111 0.048193
34 0.823975 0.222686 0.155469 0.057852
6 0.189736 0.209316 0.032129 0.029121
0 0.921162 0.112432 0.049199 0.084336
6 0.530601 0.211323 0.039150 0.029111
0 0.534619 0.296567 0.029121 0.051201
1 0.918657 0.223369 0.058232 0.089355
22 0.596362 0.395562 0.112451 0.120479
11 0.920161 0.507510 0.127510 0.135547
22 0.257007 0.400078 0.128506 0.117461
0 0.925181 0.115342 0.053213 0.084336
0 0.601387 0.142852 0.052207 0.081328
34 0.480303 0.141973 0.191504 0.060488
