35 0.374053 0.590391 0.042637 0.094453
34 0.281675 0.263398 0.169893 0.043008
33 0.799727 0.968257 0.041484 0.059111
34 0.040044 0.268784 0.079072 0.028994
34 0.119233 0.270664 0.074385 0.027734
35 0.294639 0.326187 0.038086 0.088643
35 0.142456 0.771401 0.041338 0.092646
34 0.205342 0.699937 0.096172 0.054697
33 0.900913 0.968926 0.043916 0.060605
34 0.406616 0.960615 0.104033 0.048633
34 0.181533 0.987129 0.093496 0.025527
34 0.510869 0.984873 0.056855 0.028613
34 0.624883 0.780024 0.088691 0.052900
34 0.204702 0.644023 0.095908 0.052070
34 0.437578 0.462930 0.096426 0.050645
34 0.965723 0.827705 0.068555 0.108594
34 0.183281 0.939917 0.092461 0.053760
35 0.052158 0.326133 0.040488 0.090137
34 0.797524 0.913340 0.091826 0.052812
34 0.699829 0.925156 0.093076 0.049512
34 0.870781 0.607881 0.090645 0.055801
34 0.373071 0.187578 0.091279 0.050918
33 0.261079 0.937827 0.058135 0.044951
34 0.818477 0.269746 0.092480 0.051777
34 0.770225 0.681875 0.090332 0.051562
34 0.149609 0.854331 0.142871 0.080479
34 0.224961 0.319526 0.091426 0.053389
34 0.972529 0.915229 0.054941 0.055186
34 0.879438 0.675347 0.089736 0.052627
34 0.233188 0.141138 0.093662 0.054248
34 0.089297 0.141255 0.094043 0.051650
34 0.569570 0.884600 0.093535 0.053613
34 0.433813 0.293540 0.091279 0.052236
34 0.687607 0.272622 0.092676 0.054287
34 0.380869 0.671885 0.141387 0.076328
34 0.641997 0.109014 0.091904 0.052305
34 0.567593 0.941777 0.091631 0.054902
34 0.438921 0.516997 0.095869 0.052705
34 0.823105 0.447310 0.092871 0.054189
34 0.171089 0.523423 0.091475 0.053018
34 0.894565 0.914209 0.091904 0.051543
34 0.435337 0.351196 0.093252 0.052783
34 0.169736 0.465723 0.090820 0.053203
34 0.562021 0.271328 0.092559 0.052852
3 0.092969 0.205161 0.073945 0.073271
4 0.236821 0.204883 0.073994 0.073984
21 0.760435 0.319697 0.030674 0.040664
21 0.505679 0.322695 0.030068 0.039375
0 0.109985 0.525483 0.021768 0.037646
21 0.630405 0.322500 0.030498 0.039980
0 0.374468 0.460479 0.020947 0.037070
0 0.374409 0.352715 0.021494 0.038457
0 0.824863 0.488579 0.043145 0.024990
0 0.143071 0.642637 0.020967 0.037754
0 0.681353 0.779067 0.022334 0.038955
0 0.505552 0.273027 0.021436 0.039727
0 0.110737 0.469995 0.020459 0.038115
6 0.919492 0.515747 0.019883 0.026904
6 0.374990 0.258677 0.013164 0.013154
6 0.110850 0.432412 0.015586 0.014746
6 0.432368 0.154790 0.014619 0.016084
0 0.374668 0.296626 0.021035 0.036631
0 0.626123 0.885068 0.020801 0.038066
0 0.630010 0.272988 0.021113 0.039258
0 0.625825 0.944609 0.022080 0.038887
21 0.681274 0.833047 0.030479 0.040156
0 0.760356 0.270640 0.022295 0.038486
5 0.885571 0.725107 0.038604 0.050293
0 0.431821 0.188301 0.023643 0.038262
0 0.167915 0.319063 0.020986 0.038652
0 0.770117 0.724683 0.058848 0.032939
1 0.374380 0.514219 0.022393 0.039062
13 0.967769 0.607705 0.052959 0.075488
6 0.625161 0.846821 0.018799 0.019990
1 0.142715 0.696479 0.021621 0.036963
5 0.573291 0.108726 0.043281 0.033916
21 0.168779 0.368755 0.029609 0.037842
