0 0.394731 0.288281 0.045732 0.081836
0 0.694814 0.288384 0.046543 0.081455
34 0.540146 0.066743 0.167031 0.051963
34 0.472368 0.293076 0.118701 0.065410
33 0.795918 0.168271 0.103340 0.063105
34 0.972642 0.105674 0.054717 0.062500
25 0.544341 0.098892 0.411904 0.197783
34 0.273809 0.107021 0.120879 0.061074
33 0.295000 0.168086 0.102246 0.060938
34 0.818354 0.393750 0.067373 0.035527
34 0.034761 0.287720 0.069521 0.067764
34 0.969180 0.826563 0.061641 0.035020
34 0.058794 0.105039 0.117588 0.063770
34 0.775342 0.287046 0.118379 0.063994
33 0.041685 0.167710 0.082275 0.062939
34 0.817041 0.106138 0.124688 0.061553
