34 0.985981 0.760801 0.028018 0.028789
34 0.874766 0.920366 0.043652 0.030400
34 0.117593 0.220708 0.067119 0.032314
34 0.644038 0.709009 0.107568 0.093760
15 0.902178 0.774341 0.070195 0.072080
34 0.899443 0.703950 0.176582 0.063721
34 0.039961 0.841021 0.079922 0.099287
34 0.979019 0.552046 0.041963 0.095088
1 0.435635 0.147437 0.041406 0.080947
34 0.877803 0.552490 0.105469 0.094082
34 0.515317 0.142104 0.107178 0.095400
33 0.085225 0.353730 0.059160 0.072285
21 0.754058 0.199116 0.043721 0.054736
34 0.068223 0.594575 0.065273 0.036162
34 0.104248 0.966948 0.208496 0.066104
34 0.194873 0.859502 0.107090 0.094453
34 0.079019 0.285015 0.145010 0.063330
0 0.194409 0.926851 0.047197 0.026748
34 0.167622 0.370244 0.076006 0.035645
0 0.645195 0.773721 0.079238 0.041523
34 0.616602 0.386357 0.108652 0.093457
34 0.193887 0.705034 0.108301 0.094561
0 0.194888 0.769619 0.046807 0.025996
34 0.758135 0.497529 0.138945 0.160098
0 0.876318 0.616436 0.079180 0.040684
34 0.412324 0.333091 0.237070 0.123662
0 0.615674 0.449912 0.078652 0.040293
0 0.459453 0.616626 0.037852 0.022822
6 0.962910 0.070435 0.043008 0.046240
33 0.097305 0.824736 0.060234 0.113984
22 0.759146 0.618286 0.084951 0.083877
20 0.411299 0.599468 0.273125 0.801064
