35 0.427002 0.939941 0.054980 0.115371
34 0.979673 0.792002 0.040654 0.114062
35 0.683340 0.641313 0.132207 0.056592
34 0.849595 0.820747 0.037197 0.062061
34 0.967407 0.354409 0.064736 0.039814
34 0.080049 0.311470 0.160098 0.077959
35 0.679429 0.703027 0.130107 0.054883
34 0.507280 0.673218 0.211924 0.081963
34 0.849463 0.167661 0.037578 0.061943
34 0.793833 0.458062 0.121299 0.073936
34 0.770830 0.905371 0.122480 0.073262
34 0.421553 0.826094 0.150996 0.112441
0 0.871963 0.460063 0.038809 0.075029
5 0.872490 0.904155 0.085273 0.059658
17 0.873462 0.674038 0.119072 0.121396
