34 0.774028 0.262368 0.033623 0.054268
17 0.633877 0.877427 0.092480 0.096768
33 0.290869 0.168823 0.043008 0.045166
34 0.275112 0.555747 0.092529 0.044600
33 0.206543 0.552280 0.038027 0.040264
34 0.905547 0.302598 0.031660 0.054277
34 0.519736 0.445444 0.116250 0.058662
33 0.291943 0.011499 0.040527 0.022998
33 0.291885 0.055317 0.039160 0.039756
34 0.277207 0.790200 0.093437 0.042041
33 0.208901 0.836211 0.039033 0.039434
34 0.713936 0.109541 0.116016 0.063379
34 0.679658 0.366040 0.063301 0.035967
34 0.149824 0.178262 0.091641 0.048164
34 0.342583 0.453062 0.060049 0.033330
34 0.427583 0.982563 0.058994 0.034150
34 0.359331 0.014380 0.093486 0.028760
34 0.050972 0.362568 0.101943 0.060156
34 0.703516 0.661016 0.114766 0.061035
34 0.969883 0.162476 0.060234 0.061299
34 0.371885 0.340015 0.114727 0.059150
33 0.134985 0.465493 0.067861 0.038135
34 0.229146 0.741768 0.092354 0.044785
21 0.402666 0.583540 0.035332 0.042080
34 0.442920 0.723179 0.113281 0.059619
34 0.488989 0.896313 0.034893 0.058467
34 0.500933 0.604531 0.113252 0.060781
33 0.708584 0.723691 0.042969 0.062324
34 0.552451 0.669502 0.033242 0.058184
34 0.370562 0.058667 0.122549 0.048818
34 0.049927 0.465854 0.099854 0.061553
34 0.287056 0.838247 0.116162 0.045674
34 0.361597 0.117251 0.091904 0.046084
0 0.793774 0.110776 0.033330 0.065791
34 0.052827 0.844883 0.105459 0.052969
33 0.156440 0.739595 0.040342 0.041787
34 0.163911 0.231768 0.123994 0.048457
33 0.081021 0.228345 0.038955 0.039170
33 0.207603 0.788853 0.038955 0.039541
33 0.081060 0.175610 0.040967 0.042861
0 0.923711 0.164390 0.034492 0.064307
33 0.208442 0.648071 0.038545 0.037686
34 0.742119 0.814312 0.138750 0.106885
33 0.208330 0.693950 0.039238 0.038701
34 0.370967 0.170117 0.122188 0.049570
0 0.570713 0.605176 0.023203 0.041680
33 0.291978 0.114678 0.040381 0.038672
33 0.467358 0.777397 0.075186 0.042432
33 0.205625 0.599053 0.038945 0.038906
0 0.518008 0.493184 0.064316 0.035020
6 0.570913 0.544624 0.019912 0.020049
0 0.370254 0.386729 0.065586 0.034727
