0 0.653330 0.678950 0.021758 0.041416
0 0.923252 0.071660 0.020508 0.034316
8 0.922607 0.655513 0.154785 0.072510
34 0.946650 0.097603 0.023848 0.036748
34 0.694961 0.887539 0.072969 0.040352
34 0.870479 0.598965 0.089492 0.043730
34 0.846831 0.543545 0.084971 0.043887
34 0.868735 0.071519 0.085869 0.044990
34 0.984897 0.021787 0.030205 0.042969
34 0.602520 0.677041 0.076426 0.041621
34 0.601987 0.787061 0.076162 0.042187
34 0.921519 0.190317 0.089014 0.050244
34 0.835815 0.866372 0.074912 0.038447
34 0.987314 0.568271 0.025098 0.043750
34 0.908638 0.011953 0.024404 0.023906
34 0.929063 0.697080 0.082012 0.050488
6 0.768687 0.912705 0.012236 0.011836
1 0.653403 0.785923 0.025732 0.047959
8 0.930210 0.141475 0.139580 0.069004
21 0.767744 0.922344 0.029473 0.032852
0 0.789048 0.868760 0.014658 0.028262
21 0.788398 0.969614 0.031055 0.033057
0 0.902407 0.544546 0.020654 0.036787
0 0.930347 0.599282 0.021221 0.035771
0 0.962949 0.570151 0.021348 0.036025
0 0.959565 0.022295 0.020518 0.034922
0 0.741748 0.889438 0.013809 0.027822
