34 0.916753 0.596611 0.029053 0.048809
35 0.936562 0.965059 0.037637 0.069883
35 0.723125 0.943555 0.036563 0.097852
35 0.581191 0.812373 0.040859 0.087090
35 0.334414 0.104844 0.084941 0.037637
5 0.581416 0.469956 0.072520 0.032490
33 0.542461 0.583169 0.064297 0.040674
3 0.781265 0.635430 0.050439 0.049336
21 0.689141 0.199395 0.029219 0.043066
21 0.606855 0.197280 0.031523 0.041143
3 0.953525 0.738242 0.066523 0.054980
0 0.606646 0.141616 0.019424 0.029580
0 0.579565 0.406772 0.025107 0.046572
0 0.787769 0.862319 0.036572 0.022568
0 0.830117 0.734482 0.021523 0.037793
4 0.560869 0.658452 0.072363 0.058115
4 0.770449 0.016260 0.051348 0.032520
0 0.885669 0.534331 0.030771 0.020654
3 0.464927 0.082798 0.053721 0.069072
0 0.688105 0.141265 0.017500 0.029229
34 0.330698 0.062114 0.129639 0.052842
34 0.463706 0.023291 0.081416 0.046582
34 0.648569 0.084438 0.048740 0.029033
34 0.557046 0.138369 0.075186 0.050820
34 0.737759 0.143555 0.080889 0.052891
34 0.960405 0.060068 0.079189 0.051855
33 0.961772 0.117109 0.048740 0.062227
34 0.526309 0.405068 0.080957 0.051523
34 0.505776 0.471304 0.079404 0.052295
34 0.566206 0.527280 0.025947 0.058877
34 0.464917 0.583828 0.079795 0.052676
34 0.482148 0.658779 0.078633 0.057715
34 0.581509 0.877637 0.169658 0.055391
34 0.706445 0.750581 0.026758 0.045322
34 0.788154 0.826699 0.087930 0.048027
34 0.893125 0.829409 0.022852 0.039502
34 0.881313 0.737607 0.083662 0.048809
34 0.776924 0.732764 0.087148 0.049961
34 0.906685 0.677764 0.039131 0.025176
34 0.782734 0.586929 0.090254 0.049580
34 0.781182 0.504038 0.125117 0.030986
34 0.886157 0.498418 0.084053 0.053848
