24 0.134773 0.961294 0.131599 0.077412
34 0.789655 0.567915 0.161397 0.060615
0 0.348148 0.207954 0.047811 0.047822
0 0.682626 0.565571 0.061818 0.065908
34 0.126919 0.679927 0.141549 0.043604
34 0.680825 0.886035 0.145421 0.048281
33 0.549604 0.882573 0.109310 0.043838
33 0.551591 0.480332 0.109781 0.043281
34 0.505505 0.081191 0.242828 0.035488
34 0.314579 0.357534 0.183502 0.035479
12 0.502727 0.651079 0.181650 0.106455
33 0.125505 0.625273 0.090842 0.054844
34 0.312778 0.648921 0.199529 0.092314
34 0.590160 0.434966 0.143855 0.044521
34 0.420766 0.935195 0.088367 0.027402
6 0.507374 0.113618 0.039360 0.028877
34 0.136439 0.871724 0.217357 0.102217
