35 0.127617 0.862710 0.072187 0.034346
33 0.474038 0.026367 0.036943 0.031445
34 0.327012 0.133135 0.038984 0.020977
35 0.010122 0.356519 0.020244 0.074287
34 0.929087 0.935083 0.021338 0.044248
34 0.048037 0.838638 0.071250 0.040518
34 0.299409 0.392446 0.020459 0.043760
34 0.620796 0.782129 0.069932 0.038066
34 0.641621 0.250317 0.072676 0.042549
34 0.099692 0.027769 0.019385 0.044092
34 0.818008 0.116958 0.064941 0.040693
35 0.382915 0.134268 0.070518 0.030078
35 0.202729 0.693564 0.032256 0.072793
34 0.263833 0.481240 0.071553 0.044160
34 0.811187 0.346514 0.069873 0.042852
34 0.673452 0.048784 0.065342 0.040166
34 0.050605 0.970605 0.050469 0.024258
34 0.149121 0.591470 0.072539 0.043428
34 0.782720 0.030176 0.073447 0.041426
34 0.876948 0.895698 0.022529 0.042178
34 0.045898 0.290244 0.068516 0.042031
34 0.314575 0.068467 0.044170 0.018418
34 0.620103 0.822158 0.071514 0.038418
34 0.592627 0.568682 0.064004 0.040039
34 0.625581 0.393086 0.070479 0.041836
34 0.592402 0.652280 0.064238 0.043291
34 0.451294 0.106860 0.070928 0.037471
34 0.033188 0.420405 0.066377 0.058838
34 0.272036 0.576450 0.034033 0.020107
34 0.392642 0.716069 0.074932 0.065752
34 0.530591 0.486426 0.019971 0.038848
34 0.217036 0.922280 0.069346 0.037705
34 0.046968 0.245757 0.067588 0.039932
34 0.186206 0.107715 0.072021 0.039746
34 0.981782 0.030962 0.036436 0.042471
34 0.199893 0.750952 0.117598 0.046865
34 0.416104 0.025347 0.070762 0.043838
34 0.212783 0.860962 0.096992 0.059170
34 0.142354 0.922788 0.067930 0.039326
34 0.625708 0.437480 0.070693 0.042539
34 0.361724 0.810317 0.070830 0.042021
34 0.588745 0.043550 0.064502 0.040283
6 0.578223 0.754790 0.014531 0.013408
0 0.578696 0.390518 0.014463 0.028477
21 0.578716 0.468423 0.030830 0.035830
4 0.643643 0.299902 0.057207 0.057207
3 0.990581 0.073721 0.018838 0.044883
0 0.231426 0.104756 0.017695 0.028945
0 0.763730 0.342705 0.016035 0.027090
0 0.143809 0.949385 0.027910 0.016016
0 0.452339 0.133130 0.026924 0.015010
0 0.714912 0.050825 0.014961 0.028857
0 0.214365 0.949004 0.027051 0.015527
5 0.543677 0.569395 0.033682 0.023730
0 0.312017 0.810923 0.025811 0.047217
0 0.005396 0.245044 0.010791 0.026240
0 0.578188 0.781802 0.014502 0.028076
0 0.312192 0.482764 0.025244 0.045820
21 0.231812 0.139272 0.030479 0.033975
0 0.860811 0.118784 0.015723 0.027998
0 0.578652 0.433281 0.014551 0.027871
0 0.578149 0.819688 0.015146 0.028242
21 0.762866 0.377666 0.032393 0.035977
0 0.005449 0.291792 0.010879 0.025752
5 0.543052 0.651680 0.032881 0.024238
21 0.860625 0.154390 0.031523 0.037607
4 0.787417 0.072012 0.045830 0.044082
6 0.715132 0.023257 0.010557 0.012021
6 0.084268 0.081440 0.016426 0.010107
0 0.043887 0.864087 0.023887 0.013154
21 0.252168 0.968267 0.032227 0.030713
17 0.314170 0.718672 0.081992 0.081875
13 0.208901 0.585923 0.035205 0.054971
6 0.544790 0.009316 0.017842 0.017480
5 0.543867 0.045249 0.031602 0.021748
