6 0.027734 0.320801 0.018105 0.016543
6 0.110591 0.147061 0.021592 0.016191
0 0.197207 0.157690 0.023359 0.039736
3 0.809463 0.582427 0.072012 0.066924
0 0.368076 0.514512 0.022363 0.038594
6 0.966606 0.546470 0.031826 0.023291
4 0.808931 0.677007 0.070029 0.070244
0 0.645513 0.757593 0.025186 0.040088
6 0.645483 0.696753 0.024951 0.021904
34 0.719561 0.597314 0.101289 0.057910
34 0.765327 0.779248 0.051514 0.033574
34 0.351440 0.464702 0.030908 0.048955
33 0.841240 0.935117 0.072598 0.043398
35 0.281831 0.874868 0.105693 0.044912
34 0.465459 0.986226 0.058164 0.027393
34 0.579912 0.758579 0.098184 0.059287
34 0.724619 0.677295 0.098594 0.058984
6 0.940576 0.546499 0.027559 0.022998
21 0.111001 0.162339 0.041514 0.054658
34 0.865210 0.528618 0.061689 0.032646
34 0.156045 0.100698 0.048281 0.030713
34 0.841821 0.125522 0.196904 0.065186
34 0.273560 0.822881 0.236572 0.064219
34 0.272793 0.957881 0.219648 0.060898
33 0.705430 0.971860 0.045137 0.042744
34 0.858838 0.404741 0.057891 0.032725
35 0.685938 0.121567 0.102676 0.048389
34 0.865605 0.722119 0.060254 0.030547
33 0.704678 0.900215 0.043418 0.041914
34 0.642534 0.972041 0.080986 0.043887
34 0.462563 0.855029 0.058623 0.032910
34 0.435420 0.514761 0.103809 0.058623
34 0.642588 0.901152 0.080664 0.043242
34 0.261470 0.152959 0.103564 0.057500
34 0.764365 0.935039 0.079902 0.044141
34 0.978340 0.687925 0.030742 0.056143
21 0.370054 0.578877 0.039443 0.055684
6 0.913677 0.546973 0.027080 0.023691
6 0.913438 0.738447 0.031426 0.023691
6 0.940518 0.740625 0.025625 0.019336
6 0.965898 0.741592 0.029980 0.020312
3 0.975698 0.621675 0.048604 0.061885
21 0.029482 0.335254 0.038457 0.048730
