34 0.867285 0.715947 0.123984 0.096484
34 0.920942 0.905874 0.039463 0.081045
34 0.480161 0.931611 0.119346 0.102109
34 0.183403 0.721475 0.135811 0.103105
34 0.726309 0.713223 0.123457 0.098379
34 0.115420 0.864946 0.041055 0.077998
34 0.594805 0.630503 0.038516 0.059053
34 0.920215 0.636411 0.039531 0.082666
34 0.319316 0.636191 0.037734 0.060508
34 0.244854 0.643403 0.038691 0.082998
34 0.389014 0.660757 0.040762 0.082295
22 0.269780 0.792939 0.074854 0.073691
34 0.122539 0.374150 0.043008 0.184941
34 0.351572 0.385977 0.165586 0.281719
34 0.592969 0.382749 0.140859 0.268818
34 0.801567 0.368237 0.186025 0.237627
34 0.969849 0.376304 0.053760 0.167744
34 0.633828 0.640815 0.029023 0.092471
34 0.967700 0.628452 0.030107 0.069893
34 0.545103 0.644102 0.039111 0.080801
22 0.652822 0.788262 0.090059 0.076016
22 0.412471 0.811655 0.081875 0.076025
22 0.568613 0.892939 0.083047 0.072520
22 0.937617 0.787095 0.091230 0.073682
34 0.049307 0.950459 0.098594 0.098086
34 0.491436 0.748745 0.130762 0.102881
