34 0.746338 0.810840 0.088496 0.044063
33 0.842969 0.810620 0.097012 0.058896
34 0.745444 0.457261 0.087236 0.044873
34 0.252612 0.268247 0.086279 0.047881
34 0.254033 0.019248 0.089082 0.038496
34 0.076094 0.022642 0.087656 0.045205
34 0.461313 0.242681 0.092295 0.047744
34 0.857026 0.965371 0.087725 0.047129
34 0.976943 0.390444 0.046113 0.053701
34 0.074902 0.276104 0.085215 0.045234
34 0.976982 0.742944 0.046035 0.051221
33 0.841904 0.456904 0.098945 0.060957
0 0.919429 0.964067 0.021885 0.039014
1 0.077476 0.320620 0.058408 0.033330
1 0.077153 0.066553 0.057354 0.034785
6 0.740708 0.096274 0.047568 0.046396
6 0.740708 0.343955 0.056846 0.073086
34 0.590552 0.219585 0.115068 0.052314
34 0.463613 0.006001 0.081230 0.012002
33 0.972700 0.811729 0.054600 0.055977
