5 0.918862 0.720986 0.033213 0.039668
34 0.799707 0.574810 0.099492 0.089189
34 0.959683 0.502437 0.080635 0.054678
34 0.954307 0.567192 0.091387 0.059600
34 0.946909 0.665566 0.106182 0.055566
34 0.952534 0.706572 0.036748 0.026445
34 0.992178 0.842368 0.015645 0.046162
34 0.937744 0.785903 0.107559 0.056025
34 0.804863 0.832959 0.176133 0.056016
34 0.568003 0.847974 0.030479 0.045713
34 0.422568 0.865229 0.028242 0.044365
34 0.475005 0.817271 0.035400 0.030029
34 0.665703 0.780298 0.107559 0.055576
34 0.685869 0.706353 0.030469 0.029580
34 0.650239 0.668706 0.110693 0.051982
34 0.567549 0.666235 0.033164 0.029131
34 0.638364 0.561367 0.112041 0.057813
34 0.639038 0.497949 0.112490 0.052891
34 0.478364 0.562266 0.112939 0.058711
34 0.475679 0.498623 0.114736 0.062305
34 0.348843 0.519688 0.112939 0.061406
34 0.333828 0.607080 0.114277 0.064980
34 0.321504 0.710605 0.112051 0.057813
34 0.337642 0.776489 0.172998 0.060498
34 0.060220 0.865898 0.028682 0.041230
34 0.042964 0.817051 0.030928 0.030469
34 0.061704 0.735034 0.123408 0.060947
34 0.059102 0.660190 0.108906 0.056475
34 0.062686 0.584448 0.110703 0.058271
34 0.074561 0.502656 0.112051 0.067676
5 0.654561 0.721904 0.032285 0.039668
5 0.438955 0.814409 0.045273 0.042666
5 0.076611 0.815542 0.040586 0.033213
5 0.584912 0.693770 0.040586 0.027676
