0 0.117539 0.292542 0.028574 0.056449
0 0.261587 0.291702 0.029053 0.057024
35 0.628486 0.217711 0.127598 0.054837
35 0.753296 0.652655 0.107119 0.053766
35 0.755161 0.814481 0.107119 0.056990
35 0.629888 0.347818 0.132256 0.054848
0 0.263037 0.603050 0.026152 0.057012
0 0.263281 0.477565 0.029531 0.056460
34 0.587437 0.411933 0.068330 0.034825
34 0.452114 0.412830 0.068779 0.031116
34 0.555596 0.722018 0.085742 0.052266
34 0.446206 0.323574 0.041865 0.032649
34 0.755796 0.598241 0.154619 0.059865
34 0.758760 0.766026 0.158320 0.060034
34 0.205537 0.604250 0.084375 0.054295
34 0.189414 0.333331 0.044805 0.033360
34 0.372363 0.542948 0.084121 0.057193
34 0.556118 0.560710 0.084893 0.054070
34 0.317529 0.293585 0.084121 0.053596
34 0.023110 0.117480 0.046221 0.054352
34 0.291299 0.413692 0.042305 0.031330
34 0.635728 0.153726 0.173799 0.084814
34 0.187095 0.125902 0.087080 0.054690
34 0.474565 0.198861 0.040205 0.029673
34 0.062720 0.292080 0.077334 0.053134
34 0.194238 0.541855 0.082715 0.053405
34 0.205273 0.478619 0.082305 0.054194
34 0.043105 0.177368 0.029785 0.052165
0 0.317266 0.542120 0.028086 0.055896
3 0.559619 0.790474 0.081328 0.098512
3 0.190239 0.195163 0.077314 0.088095
6 0.439233 0.220090 0.021084 0.031297
6 0.416641 0.221246 0.032129 0.033608
0 0.058228 0.119538 0.029053 0.057024
14 0.263027 0.542317 0.052207 0.055637
3 0.562129 0.632260 0.084336 0.095051
