34 0.576709 0.480406 0.124832 0.050462
0 0.074226 0.006347 0.033569 0.012649
34 0.350429 0.013140 0.145269 0.026167
21 0.247652 0.036618 0.048569 0.038331
34 0.647525 0.012931 0.058855 0.025862
21 0.073350 0.036325 0.051751 0.037091
0 0.249192 0.006347 0.031852 0.012604
34 0.397424 0.538196 0.144444 0.055175
0 0.060833 0.582221 0.099613 0.037632
34 0.747012 0.510395 0.235909 0.084171
0 0.404613 0.582880 0.100202 0.036471
0 0.190345 0.439386 0.101498 0.037486
4 0.228872 0.564938 0.107138 0.074679
0 0.439588 0.259763 0.060084 0.068298
33 0.579024 0.544250 0.074714 0.072514
34 0.322281 0.258715 0.144091 0.057384
34 0.768636 0.272830 0.235253 0.086697
34 0.562938 0.241195 0.125808 0.052063
34 0.056557 0.096556 0.113114 0.057892
34 0.225042 0.502063 0.146448 0.056460
34 0.066128 0.535209 0.132256 0.055986
33 0.565985 0.305203 0.075168 0.072029
34 0.404554 0.084899 0.053754 0.064205
34 0.190438 0.392012 0.145354 0.056336
35 0.766498 0.583326 0.165387 0.066719
35 0.770530 0.345400 0.163249 0.067779
