34 0.414702 0.096768 0.096670 0.058867
34 0.491245 0.009160 0.101885 0.018301
34 0.390073 0.564229 0.058135 0.032129
34 0.008560 0.294883 0.017119 0.027363
33 0.519258 0.206758 0.059590 0.045293
34 0.774580 0.634795 0.032773 0.050312
33 0.901187 0.138140 0.058486 0.045029
34 0.978403 0.098052 0.043193 0.058369
34 0.814082 0.138188 0.110547 0.061533
34 0.112290 0.098428 0.097783 0.058320
34 0.602334 0.207388 0.098496 0.059971
34 0.858682 0.695918 0.099160 0.059609
34 0.910649 0.453110 0.033115 0.057432
34 0.265073 0.494043 0.103721 0.058359
33 0.019888 0.138057 0.039736 0.045449
34 0.020586 0.430327 0.032441 0.057549
34 0.466357 0.261724 0.033750 0.058467
4 0.263740 0.564482 0.070547 0.078672
0 0.173662 0.099854 0.023633 0.039277
0 0.352261 0.099194 0.023369 0.038115
0 0.791519 0.697363 0.022842 0.040098
21 0.173477 0.165117 0.040781 0.049922
21 0.791426 0.784482 0.036328 0.039805
21 0.352261 0.165332 0.042354 0.051406
