34 0.703857 0.239014 0.023047 0.034766
34 0.312920 0.234414 0.019805 0.033828
34 0.673760 0.062739 0.019648 0.035674
34 0.503716 0.122881 0.117529 0.093262
34 0.537104 0.031929 0.021182 0.032471
34 0.554180 0.238281 0.021113 0.036230
34 0.287803 0.033071 0.018965 0.031943
34 0.313149 0.083237 0.019971 0.035459
34 0.708457 0.064775 0.020859 0.034023
34 0.233154 0.131631 0.128320 0.102148
34 0.960508 0.127188 0.078887 0.094570
34 0.313179 0.030117 0.019600 0.031719
34 0.740146 0.053765 0.020176 0.032646
34 0.634077 0.143872 0.120986 0.101924
6 0.720020 0.123750 0.015879 0.017969
0 0.496021 0.059395 0.043467 0.024648
0 0.960581 0.059575 0.055127 0.034814
6 0.325747 0.122720 0.019111 0.020693
0 0.252798 0.058765 0.054326 0.030928
