0 0.902261 0.106781 0.020381 0.035817
3 0.940366 0.034724 0.051162 0.066110
0 0.803818 0.278337 0.039395 0.071646
0 0.251494 0.232717 0.030586 0.056415
21 0.251211 0.300349 0.029805 0.047756
34 0.728306 0.277035 0.104697 0.062413
34 0.317979 0.229786 0.102031 0.062931
35 0.848994 0.049391 0.070410 0.041353
34 0.232725 0.177091 0.030449 0.050891
34 0.955796 0.172193 0.088408 0.062627
34 0.846997 0.013083 0.067158 0.026167
34 0.956831 0.107593 0.086338 0.059763
21 0.902422 0.212847 0.028516 0.036719
0 0.902441 0.170643 0.021172 0.036528
34 0.255083 0.352277 0.177041 0.066110
