6 0.140142 0.712168 0.038193 0.023301
6 0.357275 0.712490 0.035020 0.023945
6 0.401328 0.714111 0.037539 0.022012
6 0.401328 0.811528 0.033652 0.026533
6 0.358608 0.811206 0.034951 0.025889
6 0.139492 0.813149 0.040781 0.029775
6 0.136577 0.606655 0.037549 0.024600
6 0.147319 0.007202 0.015459 0.014209
0 0.148872 0.232588 0.037725 0.022266
0 0.149062 0.308906 0.037812 0.021563
0 0.146802 0.045132 0.022412 0.039580
0 0.555537 0.809170 0.036484 0.020352
14 0.654043 0.427466 0.056406 0.058232
0 0.197969 0.809263 0.036758 0.020107
0 0.148750 0.471533 0.038457 0.022871
18 0.566733 0.277495 0.016260 0.035752
0 0.197954 0.606948 0.036338 0.020713
0 0.555146 0.711909 0.036641 0.022920
0 0.197637 0.711816 0.035879 0.022227
0 0.148535 0.383540 0.037773 0.023525
6 0.257627 0.809590 0.038848 0.022656
6 0.259077 0.711523 0.040439 0.027188
6 0.257764 0.606011 0.041699 0.020713
0 0.555449 0.606821 0.036953 0.021709
26 0.309072 0.810786 0.056094 0.034326
26 0.307866 0.711904 0.056572 0.031914
26 0.308589 0.607700 0.056084 0.032393
6 0.482563 0.808291 0.038193 0.022656
6 0.483862 0.709902 0.034307 0.027832
6 0.483213 0.606655 0.035605 0.024600
6 0.400356 0.606006 0.035596 0.022012
6 0.358286 0.607949 0.038193 0.027188
34 0.149692 0.275059 0.085205 0.046602
34 0.273369 0.233403 0.094629 0.052627
34 0.235664 0.142886 0.094395 0.053174
34 0.905869 0.417202 0.044395 0.024326
34 0.441323 0.669067 0.085615 0.048428
34 0.441128 0.564673 0.086572 0.049072
34 0.273472 0.309795 0.093975 0.051641
34 0.198555 0.571538 0.088398 0.048291
34 0.441172 0.768379 0.086406 0.047422
34 0.150366 0.198589 0.086924 0.047510
34 0.556206 0.571665 0.088018 0.048232
34 0.310693 0.672617 0.088516 0.050020
34 0.273247 0.383066 0.094053 0.051953
34 0.402168 0.924971 0.052813 0.027832
34 0.150020 0.436221 0.085508 0.047754
34 0.086611 0.311699 0.023945 0.058203
34 0.149800 0.348521 0.084756 0.047100
34 0.198687 0.774736 0.087900 0.048809
34 0.556606 0.774775 0.088955 0.049043
34 0.205474 0.043970 0.095107 0.052197
34 0.273438 0.470703 0.093984 0.051758
34 0.310308 0.770073 0.087275 0.048506
34 0.894492 0.100537 0.044473 0.024473
34 0.310547 0.566611 0.087949 0.050020
34 0.556460 0.676978 0.087842 0.047881
34 0.198286 0.676992 0.087256 0.047930
33 0.147153 0.143662 0.082979 0.042695
33 0.206465 0.383569 0.038555 0.039307
33 0.205923 0.234038 0.039912 0.039541
34 0.024424 0.548564 0.048848 0.029609
34 0.684717 0.213838 0.037344 0.020977
33 0.205508 0.471338 0.041172 0.039805
34 0.021426 0.427832 0.042773 0.102539
34 0.688638 0.342729 0.037998 0.021455
34 0.792168 0.518916 0.415664 0.077773
33 0.206626 0.309575 0.039404 0.040615
33 0.443569 0.608096 0.042549 0.037930
34 0.877964 0.143555 0.236553 0.039785
33 0.442446 0.712061 0.038740 0.041016
33 0.441479 0.810083 0.040674 0.037959
34 0.038979 0.612373 0.077959 0.044082
34 0.045435 0.722588 0.090869 0.077422
34 0.044897 0.803770 0.089795 0.054844
