34 0.500308 0.958169 0.040596 0.067510
3 0.711963 0.761558 0.083437 0.080205
3 0.385884 0.761719 0.083916 0.080645
11 0.402378 0.599668 0.147510 0.145254
3 0.058433 0.761162 0.084639 0.081602
11 0.077388 0.599687 0.151221 0.145313
11 0.726934 0.599043 0.148438 0.144492
34 0.927847 0.763569 0.130752 0.077451
34 0.600996 0.763755 0.130000 0.075967
34 0.916123 0.595781 0.129590 0.077871
34 0.275854 0.763975 0.128896 0.075996
34 0.590117 0.595620 0.130000 0.077861
34 0.264448 0.595776 0.129502 0.077959
34 0.397979 0.261519 0.200176 0.163701
34 0.723413 0.261587 0.201865 0.161748
34 0.067383 0.240249 0.111406 0.117217
35 0.728003 0.401084 0.058643 0.124375
35 0.401772 0.400708 0.056963 0.124072
35 0.075933 0.400991 0.058525 0.123662
34 0.085234 0.322329 0.170410 0.039639
