33 0.194370 0.470781 0.075811 0.044746
34 0.006279 0.550566 0.012520 0.045527
34 0.983975 0.658872 0.032051 0.068154
33 0.195435 0.384043 0.075713 0.044785
34 0.098203 0.389038 0.110801 0.065576
34 0.146558 0.556279 0.111260 0.067363
34 0.961089 0.524746 0.077822 0.066934
34 0.098237 0.464482 0.110498 0.064121
34 0.147979 0.960630 0.112090 0.064424
34 0.961958 0.433208 0.076084 0.069385
34 0.212061 0.749951 0.109316 0.066328
34 0.401245 0.890825 0.108330 0.064053
34 0.709458 0.570742 0.112021 0.065508
34 0.860181 0.890786 0.108330 0.064326
34 0.626665 0.890884 0.109697 0.064404
34 0.437388 0.749858 0.109150 0.066221
34 0.670151 0.749688 0.110596 0.066191
6 0.027212 0.737275 0.019639 0.030508
0 0.508086 0.747495 0.032930 0.057725
21 0.792144 0.936812 0.028623 0.036631
15 0.236606 0.557578 0.068447 0.065293
6 0.079458 0.920801 0.021611 0.020273
21 0.332871 0.936499 0.029277 0.036338
21 0.559053 0.936665 0.028867 0.036494
6 0.027842 0.760352 0.022578 0.023359
0 0.028086 0.883276 0.033477 0.058838
0 0.741792 0.747588 0.031748 0.057461
0 0.792139 0.888770 0.026387 0.045801
0 0.079150 0.963379 0.024336 0.043555
0 0.333188 0.888901 0.025557 0.045205
0 0.639795 0.571763 0.025820 0.043975
0 0.282529 0.747793 0.033125 0.058281
0 0.558828 0.888569 0.026055 0.046221
6 0.640513 0.530640 0.029092 0.024619
