34 0.825444 0.682632 0.021299 0.033936
0 0.138130 0.678984 0.042627 0.024238
0 0.402456 0.678560 0.056416 0.030928
0 0.748071 0.679312 0.053193 0.031904
6 0.877173 0.740718 0.017412 0.021279
6 0.327886 0.698091 0.020732 0.021865
34 0.956450 0.660176 0.087100 0.099863
34 0.080986 0.656011 0.021641 0.035596
34 0.963125 0.510444 0.064707 0.037354
33 0.964092 0.557207 0.034082 0.054258
34 0.029692 0.671685 0.059385 0.100322
34 0.141143 0.744614 0.115312 0.101631
34 0.020381 0.573965 0.032832 0.018359
34 0.314976 0.311440 0.021709 0.035049
34 0.892822 0.683750 0.019258 0.034082
34 0.009429 0.511328 0.018857 0.042500
34 0.689761 0.657324 0.019443 0.033730
34 0.648428 0.507695 0.020859 0.034668
34 0.791465 0.310835 0.021328 0.035225
34 0.829131 0.499346 0.021836 0.034180
34 0.729419 0.424297 0.033564 0.019980
34 0.314302 0.755405 0.021143 0.034443
34 0.344707 0.657114 0.020117 0.033916
34 0.750454 0.747549 0.112100 0.098477
34 0.316064 0.647207 0.020469 0.034219
34 0.615610 0.311162 0.022275 0.034785
34 0.048760 0.311143 0.022754 0.035391
34 0.908750 0.453403 0.033145 0.018662
34 0.401216 0.750400 0.120146 0.104121
34 0.660566 0.755117 0.019805 0.034199
34 0.862305 0.815981 0.022012 0.036104
34 0.673779 0.205024 0.032422 0.021084
34 0.989434 0.572476 0.020977 0.021865
34 0.863066 0.683794 0.019980 0.033447
34 0.724810 0.252427 0.034014 0.021572
34 0.050879 0.786597 0.021445 0.033643
