0 0.993760 0.113848 0.012480 0.048574
3 0.016992 0.563853 0.033926 0.060947
3 0.388203 0.129468 0.063398 0.054854
1 0.874785 0.849971 0.030215 0.051172
13 0.797056 0.967090 0.036963 0.051738
0 0.524492 0.020000 0.029023 0.040000
13 0.966016 0.967173 0.037617 0.051611
34 0.173726 0.537295 0.031807 0.053672
34 0.970195 0.257808 0.059609 0.073428
34 0.524805 0.111846 0.100117 0.029863
13 0.460410 0.967544 0.037051 0.050830
13 0.149077 0.967017 0.035479 0.051787
34 0.470791 0.735410 0.047852 0.028008
34 0.046211 0.157437 0.092227 0.059092
35 0.992583 0.187583 0.014834 0.077705
34 0.961069 0.062695 0.043584 0.025742
0 0.993760 0.044922 0.012480 0.048320
34 0.417212 0.364536 0.050439 0.029346
1 0.227358 0.850249 0.029092 0.050166
35 0.065557 0.769268 0.033770 0.077598
0 0.191138 0.483745 0.021221 0.037822
13 0.314443 0.967148 0.036875 0.051777
35 0.542485 0.508135 0.073721 0.036445
29 0.128228 0.144634 0.256455 0.131182
35 0.226816 0.772041 0.034668 0.075918
0 0.009814 0.318765 0.019629 0.028096
34 0.018745 0.282275 0.037354 0.049199
3 0.451641 0.492754 0.056777 0.063359
34 0.051104 0.965806 0.026543 0.046885
34 0.634614 0.578672 0.072041 0.056797
34 0.323013 0.848149 0.079033 0.051104
35 0.561152 0.579419 0.075234 0.035850
34 0.023994 0.505479 0.047988 0.053672
34 0.588110 0.695713 0.048584 0.028164
21 0.241333 0.482983 0.044189 0.048877
34 0.022744 0.850415 0.045488 0.052568
34 0.649468 0.850566 0.078779 0.051953
34 0.605518 0.015850 0.032187 0.031641
34 0.307827 0.617695 0.029971 0.052617
34 0.631021 0.510107 0.096025 0.055195
34 0.170210 0.849492 0.079014 0.051406
34 0.013022 0.914521 0.025791 0.049902
34 0.563237 0.191206 0.084932 0.053799
34 0.265103 0.674795 0.078486 0.051426
34 0.317026 0.125552 0.084443 0.055107
34 0.693989 0.962983 0.024600 0.044873
1 0.064771 0.850205 0.030107 0.051367
34 0.814409 0.850649 0.078584 0.052256
34 0.065381 0.716919 0.075078 0.027471
34 0.283091 0.340479 0.079111 0.049785
34 0.971929 0.850376 0.056143 0.052998
3 0.388159 0.027690 0.064111 0.055381
34 0.137578 0.482202 0.085879 0.055225
0 0.623330 0.191333 0.028496 0.052139
34 0.624272 0.913257 0.079932 0.049150
34 0.860244 0.964351 0.026895 0.045752
21 0.524419 0.074722 0.043877 0.046924
34 0.227305 0.720464 0.073301 0.026357
34 0.466670 0.918921 0.078379 0.048135
34 0.146089 0.915249 0.080342 0.050225
34 0.311738 0.915483 0.079297 0.050107
34 0.479453 0.849712 0.078867 0.051162
34 0.971274 0.367524 0.057451 0.049404
34 0.876328 0.147070 0.076348 0.049395
34 0.465732 0.020933 0.081953 0.041865
34 0.959292 0.916406 0.077646 0.050703
34 0.447798 0.562178 0.065127 0.031172
34 0.449751 0.431001 0.089854 0.055225
34 0.790420 0.916533 0.079434 0.049902
34 0.523374 0.963125 0.026084 0.044707
34 0.316040 0.026064 0.081729 0.052090
34 0.367275 0.963091 0.025820 0.045010
34 0.604414 0.271553 0.032676 0.052656
34 0.212339 0.965527 0.027061 0.047480
34 0.080181 0.561685 0.064424 0.031416
1 0.381294 0.850298 0.029951 0.050732
13 0.633340 0.968286 0.044082 0.052686
0 0.325107 0.677900 0.034004 0.057324
34 0.386484 0.489565 0.063281 0.030869
1 0.709097 0.850054 0.030029 0.050752
0 0.282632 0.381025 0.055303 0.035371
0 0.538506 0.850078 0.029082 0.050762
0 0.928530 0.146929 0.029756 0.051064
