34 0.606304 0.019419 0.125479 0.038838
34 0.334297 0.020269 0.130684 0.040537
34 0.032090 0.541265 0.064180 0.075537
34 0.186953 0.348921 0.040156 0.061494
34 0.391953 0.348955 0.038828 0.061602
34 0.128301 0.125718 0.123457 0.073564
34 0.916777 0.559155 0.166172 0.121904
34 0.332437 0.125610 0.122393 0.073506
34 0.660728 0.348857 0.038135 0.061992
34 0.330796 0.503916 0.119424 0.070801
34 0.569380 0.258657 0.121338 0.072471
34 0.807251 0.125776 0.121611 0.073271
34 0.775093 0.258130 0.119814 0.070713
34 0.602031 0.125708 0.122246 0.073623
34 0.301851 0.258311 0.119170 0.071035
34 0.866436 0.349043 0.038945 0.061387
34 0.096528 0.257969 0.121279 0.071074
1 0.212612 0.128950 0.037725 0.074775
3 0.670454 0.257949 0.079717 0.077734
1 0.418008 0.129238 0.037910 0.074141
3 0.401606 0.258320 0.080869 0.078730
3 0.197417 0.258135 0.080596 0.078887
3 0.875356 0.258101 0.079756 0.078018
0 0.332383 0.560942 0.072520 0.037197
1 0.685850 0.128779 0.038301 0.074199
1 0.890913 0.128735 0.037939 0.074424
34 0.461875 0.695229 0.039355 0.060947
35 0.124453 0.560923 0.114609 0.059482
34 0.129106 0.019453 0.123330 0.038906
34 0.807988 0.019639 0.129551 0.039277
