34 0.161294 0.275811 0.231182 0.059141
0 0.849907 0.754839 0.080068 0.047568
21 0.620952 0.961743 0.054795 0.076514
5 0.136392 0.753613 0.048604 0.071094
34 0.346357 0.683125 0.136543 0.084609
34 0.849634 0.682402 0.137178 0.082539
34 0.136084 0.674165 0.136934 0.082783
34 0.536289 0.832500 0.132148 0.083652
33 0.021318 0.194902 0.042637 0.072578
34 0.990288 0.650835 0.019424 0.071826
33 0.021401 0.280703 0.042588 0.072383
34 0.164351 0.101240 0.225518 0.055195
33 0.021450 0.366929 0.042861 0.074385
34 0.159155 0.194351 0.214932 0.052510
6 0.067622 0.439834 0.035518 0.038242
0 0.620708 0.844312 0.032842 0.056846
0 0.346240 0.754404 0.081504 0.048242
34 0.163989 0.366138 0.230107 0.048389
