34 0.343828 0.284023 0.085625 0.052148
34 0.239956 0.362290 0.025791 0.033525
34 0.727871 0.477983 0.096250 0.056592
34 0.890557 0.761675 0.095020 0.057686
33 0.887881 0.637461 0.046582 0.057891
33 0.726299 0.355801 0.043965 0.058574
34 0.172817 0.248105 0.028936 0.042949
34 0.171372 0.756338 0.028740 0.043848
34 0.725244 0.296709 0.093145 0.056758
34 0.616665 0.366753 0.061709 0.031885
34 0.240464 0.646963 0.026377 0.035879
0 0.344800 0.616846 0.042021 0.036973
0 0.343398 0.329453 0.048184 0.030254
35 0.493555 0.616138 0.108594 0.051611
35 0.490869 0.331187 0.103223 0.047314
34 0.886934 0.579170 0.094648 0.057891
34 0.345898 0.568530 0.083555 0.052002
