33 0.336582 0.082134 0.061348 0.096689
34 0.959912 0.977812 0.079941 0.044375
34 0.601621 0.720034 0.174570 0.061826
34 0.848677 0.035654 0.214678 0.070762
34 0.126929 0.066602 0.158311 0.081992
34 0.039565 0.547690 0.079111 0.141670
34 0.647900 0.940034 0.189727 0.045303
34 0.320254 0.903853 0.182813 0.058525
34 0.173198 0.246934 0.168135 0.055898
34 0.319854 0.271802 0.063906 0.040146
34 0.334502 0.478457 0.174375 0.062813
34 0.427656 0.619409 0.173867 0.061865
34 0.472363 0.105024 0.066895 0.038096
34 0.190181 0.922393 0.062510 0.038242
34 0.336704 0.015967 0.124365 0.031563
35 0.483408 0.941992 0.119434 0.053496
0 0.167148 0.293052 0.081328 0.046182
24 0.844355 0.128496 0.110449 0.096387
0 0.906602 0.978906 0.030117 0.042188
34 0.588950 0.295640 0.154561 0.042158
0 0.130498 0.133311 0.084336 0.044180
0 0.318755 0.942549 0.051201 0.028105
33 0.187026 0.475874 0.101904 0.065322
