34 0.179604 0.108574 0.080029 0.060000
34 0.263237 0.055317 0.029756 0.058193
34 0.133877 0.211299 0.081719 0.063438
34 0.134419 0.266675 0.091396 0.066670
11 0.284263 0.237593 0.089033 0.088877
34 0.131113 0.384629 0.049902 0.031621
35 0.374814 0.416797 0.042480 0.068828
33 0.250190 0.108901 0.058311 0.041318
0 0.182979 0.009370 0.045996 0.018701
34 0.031084 0.275625 0.062109 0.054785
34 0.375728 0.482725 0.156865 0.071270
33 0.213511 0.207896 0.073447 0.049795
34 0.071538 0.523296 0.082529 0.051045
0 0.375400 0.349473 0.015820 0.027695
33 0.211899 0.264985 0.070518 0.047236
34 0.398281 0.241201 0.117891 0.105273
34 0.426274 0.353184 0.082842 0.050098
0 0.073911 0.561455 0.047002 0.027246
