34 0.827734 0.883174 0.102520 0.065664
34 0.740410 0.437305 0.111074 0.064648
34 0.960605 0.884053 0.078789 0.065762
34 0.173389 0.439795 0.106582 0.065215
3 0.729766 0.884756 0.085488 0.081699
1 0.710615 0.973608 0.041113 0.052783
3 0.599375 0.884653 0.087383 0.083193
35 0.620464 0.765259 0.047158 0.111318
34 0.503203 0.882300 0.102520 0.064736
3 0.277549 0.439561 0.087578 0.084805
35 0.129907 0.271631 0.049463 0.109180
34 0.110220 0.123584 0.029697 0.063457
34 0.579136 0.362397 0.274600 0.055986
34 0.846001 0.318896 0.029697 0.053457
34 0.688535 0.124521 0.028965 0.064199
34 0.065684 0.362471 0.130762 0.047559
35 0.712886 0.764731 0.046689 0.110381
1 0.619922 0.973311 0.041543 0.053379
35 0.709492 0.273140 0.048984 0.107002
35 0.464307 0.273506 0.050801 0.106484
34 0.277593 0.318955 0.029307 0.053242
3 0.846104 0.439321 0.090723 0.084736
34 0.662979 0.680073 0.232109 0.056689
34 0.542827 0.976699 0.102471 0.046602
34 0.979863 0.977495 0.040176 0.045010
34 0.786191 0.975718 0.101758 0.048564
34 0.443359 0.125039 0.029980 0.061855
