34 0.181743 0.916904 0.105518 0.064512
34 0.378130 0.979434 0.128135 0.041133
34 0.151748 0.979229 0.125332 0.041543
34 0.881895 0.876704 0.233711 0.078076
34 0.416016 0.431523 0.079590 0.041094
34 0.673354 0.410947 0.038740 0.078672
34 0.323901 0.768491 0.443721 0.113643
35 0.887607 0.954531 0.060078 0.090938
33 0.602095 0.809785 0.045713 0.073711
35 0.329810 0.640786 0.063994 0.146729
34 0.602671 0.738066 0.104424 0.065605
34 0.256421 0.516221 0.108799 0.063984
34 0.406494 0.916763 0.107383 0.063916
35 0.492026 0.641040 0.063799 0.147412
35 0.166826 0.641353 0.063340 0.146807
34 0.093745 0.515913 0.106436 0.064971
34 0.419629 0.516074 0.109414 0.064277
0 0.028901 0.917188 0.033584 0.057520
0 0.481528 0.917178 0.033994 0.058047
0 0.330908 0.515762 0.032539 0.057461
0 0.167119 0.515732 0.030625 0.057344
0 0.255820 0.917100 0.033125 0.058203
0 0.492524 0.515898 0.030244 0.056797
