34 0.771558 0.007388 0.044189 0.014756
34 0.604551 0.107861 0.064121 0.039590
0 0.294224 0.326484 0.028350 0.016211
5 0.503623 0.921484 0.036133 0.053535
34 0.346826 0.225273 0.063379 0.038984
34 0.347212 0.044546 0.063994 0.039678
34 0.346484 0.107920 0.066426 0.039727
34 0.605220 0.044238 0.061982 0.039961
0 0.294233 0.386807 0.028955 0.016367
3 0.736445 0.928892 0.043438 0.042490
0 0.657549 0.326938 0.029668 0.016826
0 0.346064 0.195146 0.037734 0.020801
34 0.295845 0.476768 0.066123 0.040371
0 0.657002 0.386553 0.029277 0.016426
34 0.681016 0.856768 0.064277 0.041953
34 0.296401 0.417876 0.066104 0.041338
34 0.655903 0.476875 0.066064 0.040762
34 0.825513 0.922349 0.071162 0.043193
0 0.605591 0.074771 0.040557 0.022236
34 0.655996 0.417813 0.065293 0.041523
34 0.681777 0.928730 0.063262 0.041172
34 0.881016 0.973208 0.027578 0.050107
34 0.943672 0.238521 0.112656 0.111084
0 0.345991 0.074800 0.038936 0.021162
0 0.605225 0.254341 0.039883 0.021104
34 0.571738 0.893809 0.067344 0.039121
34 0.606265 0.225093 0.066982 0.039365
34 0.656074 0.358115 0.065332 0.040000
34 0.296240 0.297300 0.065957 0.041064
0 0.572310 0.920615 0.026104 0.015273
0 0.605435 0.194810 0.038369 0.020518
35 0.581475 0.446250 0.071699 0.033555
34 0.255571 0.986934 0.072354 0.026133
35 0.368574 0.505679 0.073711 0.034990
34 0.676172 0.240625 0.039902 0.024707
34 0.478706 0.410029 0.125850 0.083926
0 0.605151 0.136670 0.039131 0.020020
0 0.345757 0.136982 0.038604 0.020059
35 0.581494 0.505923 0.072969 0.035107
34 0.296318 0.358560 0.065703 0.039971
34 0.346650 0.166294 0.061602 0.039912
35 0.412085 0.253560 0.072568 0.035166
34 0.655669 0.297212 0.066475 0.041748
34 0.501357 0.874668 0.066387 0.041309
0 0.656831 0.446450 0.029170 0.015850
0 0.657373 0.506553 0.029102 0.017324
34 0.397192 0.851177 0.063174 0.041826
35 0.412090 0.194639 0.070684 0.033984
34 0.606880 0.166328 0.063057 0.037402
34 0.283384 0.060068 0.039268 0.024863
34 0.903057 0.014673 0.027520 0.029033
34 0.283306 0.239619 0.039443 0.024141
34 0.426831 0.806089 0.025928 0.039209
34 0.037749 0.242358 0.075498 0.108838
21 0.780298 0.957837 0.031865 0.035732
35 0.369243 0.385967 0.073135 0.034551
0 0.294224 0.506704 0.029404 0.017510
35 0.581152 0.386050 0.072656 0.034111
35 0.581167 0.325874 0.072939 0.034404
34 0.283389 0.180835 0.039941 0.025420
0 0.346147 0.254746 0.039971 0.021152
35 0.369233 0.446689 0.072236 0.033945
35 0.539414 0.253970 0.071738 0.035303
35 0.369033 0.325347 0.073770 0.034424
35 0.441294 0.972051 0.033076 0.055898
35 0.412056 0.135869 0.070967 0.033711
0 0.780024 0.923330 0.015225 0.026934
34 0.675820 0.180747 0.039160 0.025010
0 0.441938 0.854458 0.022412 0.039971
0 0.294268 0.446782 0.029355 0.016318
35 0.411602 0.074556 0.071191 0.033193
34 0.281636 0.122070 0.039404 0.025020
35 0.539580 0.135850 0.072363 0.033164
35 0.539556 0.195376 0.071494 0.033232
35 0.540063 0.074790 0.071514 0.032822
34 0.181797 0.007817 0.038828 0.015576
34 0.670659 0.060317 0.038408 0.024814
3 0.736089 0.856128 0.044189 0.042646
34 0.672451 0.122148 0.038145 0.025254
21 0.602871 0.935850 0.021953 0.024531
34 0.473662 0.159150 0.053770 0.258066
5 0.188179 0.988711 0.052686 0.022578
