34 0.415244 0.017505 0.069062 0.034912
34 0.664253 0.655972 0.072979 0.046865
34 0.482271 0.233594 0.116025 0.047656
34 0.509492 0.354951 0.073086 0.045840
3 0.472881 0.017227 0.053008 0.034453
0 0.559102 0.351582 0.027617 0.052246
34 0.546660 0.077480 0.028828 0.051387
6 0.953633 0.821978 0.026113 0.025439
34 0.674385 0.206953 0.027168 0.050996
4 0.344229 0.043726 0.056914 0.045264
6 0.955923 0.868823 0.029033 0.027959
0 0.843428 0.352612 0.025840 0.049443
34 0.280742 0.041694 0.069277 0.056455
0 0.714839 0.654146 0.026045 0.050791
35 0.483149 0.165898 0.037314 0.085391
34 0.890068 0.352036 0.071074 0.046709
