34 0.701851 0.692905 0.112490 0.058369
34 0.556943 0.532803 0.091504 0.054844
34 0.571997 0.900547 0.078604 0.059141
34 0.573071 0.804307 0.076455 0.058066
33 0.143843 0.126079 0.080928 0.043779
34 0.421782 0.013477 0.051787 0.026953
34 0.423628 0.477681 0.027725 0.045146
34 0.561748 0.487568 0.031738 0.027305
34 0.566562 0.756504 0.028281 0.026582
33 0.329487 0.127671 0.050439 0.044385
34 0.013569 0.600044 0.027139 0.061768
34 0.564761 0.361567 0.036709 0.027119
34 0.060781 0.599351 0.029902 0.026006
35 0.144072 0.874707 0.047090 0.132148
34 0.685347 0.607690 0.028447 0.027002
34 0.390347 0.460293 0.029053 0.045000
34 0.127646 0.784868 0.027715 0.053037
34 0.174521 0.455415 0.029199 0.045029
34 0.601123 0.606616 0.106504 0.084150
34 0.144087 0.963496 0.175439 0.054980
34 0.123804 0.072749 0.114092 0.062686
34 0.477417 0.270171 0.111494 0.062939
34 0.263208 0.271484 0.109951 0.061191
34 0.080269 0.530186 0.112100 0.062012
34 0.448203 0.763779 0.029961 0.045430
34 0.286812 0.190215 0.112178 0.061934
34 0.390151 0.952261 0.113838 0.063193
34 0.064292 0.187432 0.112646 0.062539
34 0.214268 0.721914 0.105977 0.061387
34 0.329741 0.074624 0.113291 0.061553
34 0.610269 0.717349 0.044502 0.029365
34 0.797759 0.199058 0.031904 0.055986
34 0.290083 0.520547 0.111924 0.061621
34 0.119868 0.354424 0.112158 0.063262
34 0.054897 0.271836 0.109795 0.061484
34 0.263711 0.599629 0.111328 0.059336
34 0.334780 0.354551 0.112236 0.063379
6 0.438091 0.582432 0.021182 0.031777
6 0.189995 0.584941 0.022295 0.032344
21 0.357349 0.233779 0.035322 0.039492
0 0.144307 0.722241 0.035977 0.061436
0 0.192168 0.354575 0.035840 0.063916
0 0.136226 0.183071 0.020908 0.035166
0 0.408467 0.357100 0.035117 0.063242
0 0.356333 0.188833 0.019482 0.035205
0 0.702881 0.733296 0.035937 0.022295
0 0.358276 0.517192 0.020771 0.035557
0 0.260127 0.645361 0.060938 0.034609
0 0.149312 0.528921 0.020557 0.035771
6 0.225356 0.082402 0.017021 0.015293
6 0.440225 0.085337 0.019043 0.016221
0 0.464780 0.950996 0.021318 0.036016
6 0.167607 0.644922 0.028203 0.023047
3 0.175210 0.270029 0.072646 0.068555
21 0.137349 0.228218 0.036299 0.039346
3 0.390728 0.271475 0.071650 0.068437
6 0.357881 0.478740 0.017285 0.016895
6 0.149180 0.488667 0.017793 0.016865
6 0.120254 0.645454 0.029785 0.023916
6 0.660249 0.645361 0.020713 0.015898
6 0.541055 0.890254 0.020820 0.014570
6 0.538765 0.795718 0.015400 0.014580
6 0.514780 0.525522 0.019990 0.017490
6 0.535391 0.400996 0.017070 0.014160
6 0.036118 0.636787 0.017842 0.014492
6 0.463457 0.698394 0.023965 0.034014
6 0.408267 0.583545 0.023975 0.031777
