6 0.565361 0.308491 0.019668 0.017510
0 0.704185 0.510225 0.029951 0.020098
21 0.302866 0.157153 0.028389 0.032393
34 0.663398 0.263398 0.326875 0.053770
34 0.703721 0.470928 0.100000 0.055918
34 0.638130 0.489741 0.050537 0.029033
34 0.416597 0.987339 0.097764 0.025322
34 0.776260 0.989551 0.092910 0.020898
34 0.658828 0.183428 0.305137 0.052832
34 0.383789 0.471401 0.044844 0.028096
34 0.712959 0.360581 0.231230 0.050889
35 0.292998 0.599590 0.075781 0.036777
34 0.577734 0.494775 0.029570 0.046680
33 0.710698 0.861670 0.036553 0.058223
35 0.775488 0.690347 0.073418 0.034580
33 0.507324 0.778633 0.035410 0.037383
34 0.436597 0.040176 0.031865 0.046719
33 0.568633 0.648799 0.048027 0.036426
34 0.395679 0.825791 0.099326 0.052832
34 0.429268 0.420278 0.101660 0.052100
34 0.509448 0.824814 0.088564 0.051719
34 0.555308 0.580898 0.056182 0.028613
34 0.965571 0.589380 0.068857 0.108799
35 0.327476 0.292788 0.090361 0.038154
35 0.305078 0.896533 0.072969 0.038301
34 0.701152 0.732275 0.097207 0.052441
34 0.370425 0.365977 0.059658 0.031914
34 0.450889 0.248711 0.098789 0.052227
34 0.790420 0.500522 0.089258 0.053271
34 0.591035 0.010879 0.030508 0.021758
34 0.416289 0.945498 0.098301 0.050820
34 0.680601 0.556201 0.100322 0.051484
34 0.492114 0.650879 0.098467 0.054004
34 0.504878 0.733623 0.088955 0.052188
34 0.365054 0.121685 0.105596 0.054229
34 0.708862 0.804844 0.089697 0.052793
34 0.500645 0.352183 0.099629 0.052920
34 0.299839 0.545093 0.131104 0.076689
34 0.428916 0.531689 0.100781 0.052344
34 0.299453 0.852485 0.065820 0.051748
34 0.687324 0.933643 0.098887 0.055645
34 0.551768 0.976274 0.098809 0.047393
33 0.790620 0.562163 0.036768 0.067549
34 0.693804 0.655581 0.096416 0.051006
34 0.650566 0.873218 0.057637 0.031494
34 0.789316 0.658677 0.094316 0.029131
34 0.548862 0.403540 0.027920 0.045049
34 0.327822 0.656294 0.097051 0.053838
34 0.364302 0.065928 0.103350 0.052852
34 0.333564 0.246421 0.124883 0.054248
34 0.679883 0.982949 0.099141 0.033770
22 0.513057 0.895278 0.070176 0.081865
1 0.681479 0.599766 0.051533 0.035586
3 0.395024 0.883833 0.049346 0.055928
21 0.642007 0.767476 0.025889 0.032314
0 0.451133 0.293271 0.048730 0.033828
0 0.641904 0.730498 0.019844 0.030586
0 0.491104 0.978105 0.020332 0.031133
0 0.565103 0.354092 0.024775 0.037852
21 0.388237 0.690161 0.029072 0.032373
0 0.628037 0.933491 0.019062 0.029502
0 0.354775 0.945166 0.019941 0.029648
0 0.686641 0.690874 0.030859 0.019209
0 0.302134 0.120908 0.019287 0.030918
3 0.428027 0.476479 0.050312 0.057842
0 0.387148 0.654175 0.019375 0.030127
0 0.302031 0.065928 0.019316 0.029316
3 0.427949 0.588462 0.051719 0.056533
