34 0.187769 0.685708 0.092822 0.039756
22 0.441123 0.819839 0.078359 0.069014
22 0.558086 0.711064 0.071348 0.071348
22 0.783232 0.972471 0.077187 0.053809
34 0.312808 0.898848 0.126709 0.100527
34 0.759448 0.727144 0.039697 0.080205
22 0.555747 0.812241 0.078369 0.065498
34 0.358384 0.764063 0.130889 0.095820
34 0.655679 0.693457 0.129248 0.101582
34 0.536401 0.389385 0.138467 0.302031
34 0.761768 0.387988 0.124531 0.286230
34 0.977837 0.374048 0.036240 0.161709
34 0.969414 0.864927 0.043086 0.077588
22 0.442295 0.924517 0.071348 0.067842
34 0.883550 0.951172 0.136924 0.097656
34 0.158198 0.797324 0.092295 0.043105
34 0.663882 0.806455 0.137900 0.110000
