34 0.982358 0.086466 0.034873 0.051511
3 0.653306 0.206370 0.040244 0.045209
3 0.804858 0.036432 0.073018 0.072864
35 0.661450 0.332869 0.047529 0.123551
34 0.990200 0.285474 0.019521 0.065513
34 0.644336 0.043377 0.033516 0.057170
34 0.799961 0.301404 0.153691 0.042807
34 0.596997 0.202886 0.076631 0.051319
35 0.792896 0.223585 0.041182 0.108816
34 0.661909 0.430462 0.149756 0.066945
34 0.899526 0.036764 0.103623 0.072559
34 0.497671 0.121505 0.150029 0.065671
35 0.499458 0.045958 0.041807 0.091917
