34 0.050867 0.921968 0.101734 0.052764
21 0.224689 0.799805 0.101465 0.063477
0 0.041886 0.598496 0.083771 0.034336
35 0.657508 0.595703 0.164983 0.038711
0 0.224823 0.706577 0.059209 0.052529
34 0.654722 0.563447 0.152003 0.036563
34 0.123460 0.109683 0.246919 0.051611
0 0.270101 0.964150 0.094040 0.028281
34 0.066423 0.551958 0.132845 0.056924
34 0.383157 0.643555 0.120488 0.035488
35 0.580581 0.963447 0.166818 0.043008
35 0.112525 0.188716 0.068586 0.091396
0 0.038409 0.964658 0.076818 0.029297
34 0.136431 0.947305 0.083771 0.035410
34 0.269747 0.920581 0.159158 0.056924
34 0.585808 0.885869 0.436801 0.124961
34 0.330311 0.708501 0.153182 0.059014
34 0.598190 0.644629 0.124192 0.033340
34 0.198064 0.647412 0.061044 0.049297
