34 0.550898 0.793350 0.060234 0.040078
35 0.019683 0.781787 0.039365 0.055312
35 0.018022 0.721670 0.035908 0.053887
34 0.432500 0.988438 0.059902 0.023125
34 0.971836 0.547544 0.056094 0.039658
34 0.551880 0.897563 0.060693 0.037139
34 0.520884 0.014351 0.036318 0.028701
34 0.075313 0.830117 0.062109 0.037578
34 0.272583 0.762358 0.039092 0.067002
34 0.516938 0.313096 0.038623 0.068457
34 0.950078 0.793384 0.063887 0.039209
35 0.543623 0.431177 0.055156 0.115654
34 0.031587 0.345181 0.063115 0.150146
34 0.143989 0.751777 0.206416 0.078945
34 0.276118 0.966572 0.036963 0.066855
34 0.846367 0.501807 0.125430 0.074688
34 0.969829 0.709990 0.060342 0.072715
34 0.147549 0.395605 0.123945 0.072715
34 0.971230 0.451870 0.057520 0.074717
34 0.542588 0.171108 0.390605 0.151084
34 0.670142 0.693125 0.122354 0.073828
34 0.272852 0.637646 0.038945 0.060684
34 0.538672 0.546152 0.210137 0.117148
34 0.045298 0.604956 0.090596 0.105146
34 0.176982 0.560444 0.120234 0.069990
5 0.154922 0.466533 0.062090 0.077324
5 0.845991 0.574619 0.062705 0.077734
6 0.299214 0.705698 0.031533 0.027549
