35 0.179868 0.183594 0.069990 0.029512
34 0.675303 0.716484 0.066133 0.038906
34 0.226733 0.809775 0.066104 0.040469
34 0.211182 0.018574 0.089531 0.036875
34 0.152939 0.973662 0.034375 0.020977
34 0.260229 0.177964 0.093447 0.055928
34 0.636348 0.290122 0.134707 0.069600
6 0.069399 0.140586 0.010928 0.014199
6 0.728823 0.698638 0.012021 0.012021
6 0.126084 0.898975 0.015234 0.011699
0 0.112676 0.184780 0.021719 0.012588
21 0.252729 0.113403 0.029248 0.032666
34 0.042451 0.009038 0.024219 0.013936
34 0.661338 0.830576 0.060273 0.023730
34 0.297344 0.465947 0.023086 0.043008
34 0.038086 0.008687 0.032168 0.015439
35 0.529653 0.289351 0.070713 0.033721
34 0.968633 0.347339 0.039512 0.019111
34 0.579429 0.830640 0.061475 0.023525
34 0.698394 0.623535 0.132217 0.029102
34 0.028604 0.962412 0.057207 0.042871
34 0.425210 0.371113 0.076221 0.043535
34 0.117256 0.161538 0.071504 0.037939
35 0.530254 0.406431 0.072832 0.033994
34 0.085352 0.241182 0.070410 0.040586
34 0.177627 0.720186 0.070332 0.043086
34 0.216318 0.068135 0.067852 0.038379
34 0.506753 0.803813 0.068564 0.038193
34 0.770874 0.727925 0.066006 0.041357
34 0.084199 0.286265 0.070742 0.039385
33 0.326587 0.827798 0.032412 0.045908
34 0.395903 0.783940 0.067197 0.040967
34 0.361050 0.392378 0.042275 0.024131
34 0.089263 0.912690 0.019111 0.035830
34 0.168804 0.926055 0.068545 0.038789
34 0.024771 0.895376 0.049365 0.041533
34 0.039082 0.161592 0.078164 0.041895
34 0.877236 0.041538 0.022363 0.041826
34 0.613921 0.405313 0.085713 0.066777
34 0.425503 0.255161 0.068877 0.040127
34 0.988804 0.308457 0.022197 0.041406
34 0.785166 0.887705 0.067871 0.043223
34 0.329360 0.889399 0.066084 0.041787
35 0.592026 0.622944 0.071104 0.033076
34 0.431040 0.195542 0.051924 0.024736
34 0.370400 0.608848 0.048809 0.023828
34 0.928984 0.081709 0.021582 0.043633
34 0.502969 0.718306 0.068867 0.041240
34 0.485859 0.560850 0.073145 0.041211
35 0.582563 0.855122 0.068818 0.028623
4 0.501655 0.759155 0.043506 0.043545
34 0.360630 0.275054 0.041240 0.023525
0 0.125283 0.925957 0.015195 0.027969
0 0.552061 0.725283 0.016621 0.028027
0 0.282729 0.886362 0.015381 0.028838
0 0.042300 0.287783 0.013467 0.026172
21 0.043472 0.323052 0.032275 0.036553
0 0.417261 0.654712 0.018018 0.027881
0 0.130610 0.716113 0.015400 0.028223
21 0.417144 0.688687 0.034756 0.036396
21 0.282480 0.921729 0.032012 0.035215
0 0.042466 0.242158 0.014033 0.028984
0 0.214683 0.095459 0.027900 0.016074
15 0.227778 0.856392 0.044717 0.047100
6 0.552842 0.696934 0.014531 0.013320
0 0.143735 0.095688 0.028564 0.016006
0 0.068926 0.164634 0.013535 0.018252
34 0.100493 0.568774 0.175264 0.034404
34 0.121460 0.608022 0.210752 0.033330
34 0.112861 0.643506 0.197852 0.029023
33 0.395054 0.827266 0.031631 0.044590
0 0.425381 0.289038 0.053750 0.028408
0 0.727944 0.725410 0.016553 0.027949
3 0.486768 0.609116 0.057031 0.055088
0 0.829976 0.886396 0.016025 0.028516
21 0.830063 0.920791 0.033428 0.036504
3 0.507778 0.844463 0.041748 0.043184
0 0.425620 0.407124 0.054092 0.028857
3 0.676567 0.758740 0.043604 0.042598
21 0.129224 0.751104 0.034600 0.034492
3 0.736294 0.844858 0.044365 0.043232
34 0.142222 0.069111 0.069834 0.039766
34 0.594937 0.724580 0.064678 0.039824
34 0.325220 0.783813 0.067061 0.040264
34 0.050747 0.117705 0.051104 0.023691
35 0.663477 0.855078 0.065742 0.028691
34 0.736245 0.802930 0.068740 0.040449
34 0.368481 0.655498 0.071650 0.040410
