0 0.930093 0.188853 0.052256 0.030850
33 0.944629 0.884414 0.064512 0.087090
33 0.634414 0.634419 0.082793 0.070967
33 0.633877 0.329038 0.088164 0.066670
33 0.633340 0.188179 0.091406 0.064521
22 0.682886 0.466309 0.111006 0.113145
6 0.831733 0.775874 0.042529 0.033213
6 0.831729 0.720063 0.044375 0.028604
34 0.936685 0.967368 0.126631 0.065264
34 0.508223 0.850742 0.033320 0.054141
34 0.437417 0.816724 0.036104 0.058311
34 0.530786 0.638315 0.127041 0.120791
34 0.567231 0.475527 0.091631 0.122871
34 0.538076 0.333569 0.086074 0.120791
34 0.540503 0.186050 0.093721 0.111768
34 0.786597 0.062485 0.055537 0.031240
34 0.824780 0.167651 0.058311 0.036104
34 0.929604 0.109341 0.086084 0.118018
