0 0.285562 0.204517 0.013213 0.028330
0 0.192559 0.802002 0.027949 0.015762
0 0.285366 0.248682 0.013564 0.027344
0 0.083984 0.839531 0.015195 0.026895
0 0.292085 0.071777 0.014697 0.026953
0 0.804966 0.028887 0.015420 0.029004
0 0.804839 0.071362 0.015088 0.026631
3 0.989956 0.469272 0.020088 0.028291
3 0.585513 0.978052 0.043076 0.042197
3 0.584990 0.898838 0.031465 0.031719
6 0.285449 0.177339 0.014766 0.012646
6 0.917114 0.171338 0.014502 0.013027
1 0.451982 0.986694 0.049863 0.026611
3 0.724927 0.532764 0.043369 0.042617
3 0.570059 0.568926 0.044258 0.043848
21 0.969756 0.378169 0.030781 0.035342
3 0.807012 0.266079 0.043945 0.042119
3 0.383003 0.266250 0.042627 0.041523
0 0.831445 0.573979 0.015371 0.028643
0 0.453350 0.570815 0.015547 0.028545
34 0.442866 0.236240 0.020283 0.036699
33 0.546372 0.310825 0.043623 0.036025
34 0.720508 0.606851 0.018223 0.042607
34 0.993247 0.773086 0.013506 0.045684
34 0.192427 0.774971 0.068174 0.039902
35 0.941914 0.545581 0.068242 0.027939
33 0.709912 0.245786 0.033887 0.048506
34 0.378604 0.227568 0.072715 0.038438
33 0.486509 0.213613 0.032217 0.059609
34 0.542808 0.200972 0.071436 0.038818
34 0.950864 0.686465 0.048857 0.023730
34 0.943564 0.521367 0.059941 0.021680
34 0.464092 0.008530 0.057109 0.017021
33 0.541626 0.245747 0.032100 0.048623
34 0.923896 0.348506 0.073555 0.044648
34 0.486724 0.160264 0.070459 0.039219
34 0.637979 0.050313 0.073398 0.039141
34 0.179834 0.973677 0.042461 0.020049
34 0.651304 0.973760 0.041631 0.019102
34 0.116831 0.352280 0.071436 0.041162
34 0.536191 0.953862 0.019707 0.033721
34 0.458306 0.678530 0.144014 0.040869
34 0.415874 0.166860 0.070264 0.040146
34 0.980088 0.260674 0.038906 0.020371
34 0.193076 0.853345 0.035234 0.020283
34 0.874385 0.198354 0.071152 0.040498
34 0.662979 0.459111 0.071465 0.042832
34 0.765195 0.157222 0.070547 0.040928
35 0.830884 0.627007 0.031729 0.073838
34 0.847446 0.072334 0.062119 0.039492
34 0.584048 0.936641 0.061357 0.040859
34 0.449761 0.955342 0.060654 0.038633
34 0.805601 0.225737 0.069346 0.037822
34 0.255874 0.086108 0.044287 0.022705
34 0.040430 0.447251 0.024063 0.050439
34 0.943481 0.592178 0.071201 0.040527
34 0.511260 0.459600 0.071055 0.042676
34 0.335781 0.073945 0.063477 0.041113
33 0.017485 0.885654 0.034561 0.046016
34 0.581953 0.864097 0.061699 0.038877
34 0.666128 0.531514 0.070654 0.041348
34 0.241675 0.203477 0.072646 0.042324
34 0.847871 0.028740 0.068711 0.038164
35 0.452832 0.623809 0.031504 0.069805
34 0.107495 0.634248 0.067334 0.041875
34 0.118916 0.306343 0.074238 0.040498
34 0.076606 0.789639 0.036260 0.021191
34 0.386138 0.906484 0.069521 0.041621
34 0.835313 0.679087 0.141797 0.038330
34 0.511289 0.569536 0.070762 0.042900
34 0.407510 0.573750 0.073750 0.039336
34 0.624751 0.180352 0.083096 0.068906
34 0.335342 0.028555 0.069336 0.039238
34 0.924980 0.868721 0.064883 0.042031
34 0.566431 0.646196 0.020713 0.042490
34 0.922471 0.305488 0.072773 0.038301
34 0.787305 0.518887 0.071152 0.040742
34 0.944326 0.470508 0.071250 0.041270
34 0.127183 0.840688 0.066221 0.040459
34 0.488218 0.311831 0.066846 0.042803
34 0.115894 0.895571 0.071006 0.040986
34 0.343486 0.166680 0.072383 0.039980
34 0.875054 0.517236 0.064131 0.040488
34 0.786021 0.573994 0.070732 0.041895
34 0.406582 0.529058 0.073164 0.040518
34 0.246753 0.248716 0.063154 0.040498
34 0.800835 0.387285 0.050830 0.024121
34 0.711006 0.201558 0.071152 0.039775
34 0.025776 0.934692 0.051553 0.039463
34 0.874863 0.242944 0.062930 0.040869
34 0.025332 0.842363 0.050391 0.041484
34 0.333022 0.942212 0.078193 0.066924
0 0.164629 0.304063 0.016426 0.028770
21 0.164482 0.382461 0.033438 0.035723
0 0.292349 0.028979 0.015166 0.028545
0 0.453281 0.527754 0.015605 0.027305
3 0.641470 0.090640 0.044834 0.043818
0 0.969229 0.344360 0.015352 0.026748
5 0.871499 0.868862 0.036396 0.024697
0 0.916870 0.243076 0.017119 0.028867
0 0.873008 0.544976 0.029336 0.016162
0 0.917007 0.199102 0.016572 0.028594
0 0.831284 0.518296 0.014346 0.028037
0 0.387622 0.970791 0.014795 0.017930
33 0.387847 0.945693 0.029580 0.033164
33 0.115132 0.938745 0.030928 0.043467
22 0.019873 0.981162 0.039746 0.037676
33 0.765928 0.207593 0.028242 0.054229
17 0.627100 0.274951 0.124121 0.126465
3 0.990410 0.591919 0.019180 0.026982
0 0.485542 0.255293 0.013467 0.019668
0 0.765254 0.254990 0.012246 0.017676
4 0.569404 0.462544 0.044004 0.042920
4 0.724795 0.458896 0.045684 0.040020
6 0.083042 0.811685 0.011377 0.013057
0 0.056499 0.967788 0.010537 0.022744
0 0.115908 0.968838 0.019805 0.020645
1 0.417446 0.194658 0.028037 0.016387
0 0.345161 0.194658 0.028408 0.016387
11 0.287324 0.979219 0.051465 0.041562
0 0.969087 0.304756 0.015439 0.027109
0 0.164751 0.347344 0.016553 0.030508
5 0.054448 0.634546 0.035400 0.023994
