34 0.951406 0.359111 0.045117 0.034746
34 0.522095 0.485122 0.361436 0.028525
34 0.616211 0.403447 0.209492 0.063262
34 0.902456 0.140024 0.087119 0.118232
34 0.693477 0.143911 0.091270 0.114600
34 0.708252 0.036836 0.046152 0.034219
34 0.560991 0.091543 0.083486 0.118750
34 0.074561 0.110986 0.085508 0.113047
0 0.617949 0.102925 0.026484 0.047529
0 0.619399 0.215229 0.030850 0.052979
33 0.727964 0.600005 0.063447 0.053760
33 0.092480 0.886030 0.078496 0.088174
34 0.555449 0.225596 0.092324 0.117422
34 0.091904 0.964365 0.144766 0.055566
34 0.279907 0.761250 0.255596 0.028008
34 0.323726 0.705249 0.263369 0.027998
34 0.634619 0.755547 0.050293 0.029043
34 0.634106 0.701099 0.052373 0.033193
6 0.989834 0.520645 0.020332 0.023848
0 0.989834 0.442080 0.020332 0.058594
34 0.647065 0.604390 0.121865 0.116670
35 0.617749 0.321509 0.045166 0.111826
0 0.840205 0.144146 0.026484 0.051885
0 0.077080 0.188418 0.055195 0.032617
21 0.984570 0.534526 0.030859 0.055127
1 0.763618 0.143955 0.039678 0.080215
