34 0.365527 0.214321 0.081426 0.050303
34 0.280244 0.448213 0.086914 0.053516
34 0.309565 0.575137 0.082471 0.052070
34 0.965962 0.962627 0.026553 0.055723
34 0.720923 0.597847 0.082197 0.050947
34 0.829668 0.720391 0.079844 0.050254
34 0.622441 0.718145 0.082090 0.052109
34 0.829927 0.438198 0.083018 0.052080
34 0.304312 0.086372 0.087607 0.051924
34 0.472910 0.572197 0.075508 0.050977
34 0.836592 0.595967 0.082578 0.051914
34 0.837241 0.312681 0.084326 0.051963
34 0.830249 0.522217 0.079990 0.051816
34 0.630332 0.298271 0.078887 0.050840
34 0.829868 0.785176 0.081572 0.051758
34 0.720146 0.315605 0.084297 0.048867
34 0.728013 0.438247 0.080479 0.051709
34 0.484712 0.270283 0.078428 0.051484
34 0.633989 0.237144 0.081670 0.051826
34 0.609746 0.369375 0.050176 0.028242
34 0.610903 0.654004 0.049951 0.026914
34 0.609136 0.598740 0.079814 0.051074
34 0.436465 0.142393 0.084258 0.052773
34 0.432021 0.470151 0.079199 0.051768
34 0.608662 0.544678 0.082012 0.051641
0 0.778535 0.782046 0.026406 0.043037
35 0.349043 0.669531 0.087090 0.038574
35 0.349668 0.388984 0.088340 0.037324
0 0.880894 0.718032 0.022783 0.039424
0 0.677446 0.718389 0.023154 0.043047
0 0.778755 0.519175 0.026768 0.043760
0 0.880386 0.434360 0.023154 0.044854
0 0.676943 0.434541 0.024238 0.043770
0 0.422573 0.571343 0.025107 0.043525
6 0.555488 0.489409 0.013809 0.013389
6 0.577788 0.176685 0.025107 0.028115
13 0.320679 0.139521 0.044775 0.056914
13 0.373403 0.269038 0.040596 0.061514
3 0.567837 0.295801 0.044521 0.037246
3 0.545513 0.593228 0.040049 0.030010
3 0.836030 0.653579 0.048115 0.065283
3 0.836216 0.372148 0.046826 0.066543
13 0.328794 0.470361 0.035146 0.059238
13 0.373472 0.567749 0.042178 0.057236
4 0.566875 0.235684 0.049707 0.042207
4 0.547944 0.543447 0.044248 0.037500
6 0.432241 0.227734 0.014229 0.016328
6 0.422173 0.535234 0.013018 0.014824
6 0.378594 0.434507 0.013379 0.013740
0 0.378633 0.469443 0.021758 0.047285
0 0.431323 0.271548 0.028037 0.052314
0 0.380059 0.142451 0.025938 0.056074
6 0.380361 0.099336 0.014824 0.015918
34 0.448569 0.216138 0.068408 0.036201
34 0.558315 0.475273 0.066104 0.040801
