34 0.636748 0.338062 0.065723 0.049053
33 0.595703 0.265596 0.102148 0.040859
33 0.596782 0.606992 0.106455 0.041934
33 0.593018 0.973125 0.118281 0.043008
33 0.155171 0.272861 0.040049 0.047617
34 0.983066 0.984585 0.033711 0.026904
33 0.056152 0.272461 0.038652 0.045723
34 0.413799 0.043350 0.068301 0.047754
34 0.777129 0.389453 0.045312 0.023145
34 0.037944 0.574907 0.040420 0.023994
34 0.595229 0.042344 0.068896 0.048301
33 0.045254 0.415288 0.057246 0.041611
34 0.506182 0.020415 0.069531 0.040830
34 0.908027 0.593872 0.026523 0.047275
34 0.387783 0.739570 0.044902 0.026445
34 0.301050 0.367559 0.067041 0.047695
34 0.301704 0.720576 0.066982 0.046797
34 0.399346 0.671357 0.065996 0.048242
34 0.854150 0.365869 0.067246 0.047637
34 0.020977 0.314277 0.041953 0.048125
34 0.639077 0.832896 0.066553 0.049619
34 0.157871 0.223945 0.066836 0.047422
34 0.395566 0.317905 0.066562 0.049326
34 0.190376 0.558535 0.025947 0.047012
34 0.782939 0.315713 0.066211 0.050078
33 0.045063 0.483418 0.056846 0.040859
34 0.058613 0.223828 0.067051 0.048086
34 0.109912 0.316802 0.065430 0.048623
34 0.593423 0.927046 0.065850 0.047959
34 0.854385 0.718262 0.066602 0.047871
34 0.107192 0.415049 0.065479 0.050645
34 0.518042 0.349478 0.116729 0.085049
34 0.376030 0.390425 0.043213 0.022627
34 0.638760 0.478521 0.066152 0.049443
34 0.522500 0.701978 0.115137 0.084658
34 0.992344 0.598750 0.015312 0.039512
34 0.636909 0.690820 0.066182 0.048301
34 0.589951 0.221040 0.067246 0.048545
34 0.101108 0.621753 0.065986 0.048486
34 0.056948 0.068257 0.044365 0.022861
34 0.591528 0.563125 0.066377 0.047813
34 0.777656 0.739746 0.044492 0.026367
34 0.783198 0.669087 0.065576 0.049873
34 0.106050 0.482109 0.064854 0.048203
2 0.595225 0.082827 0.058027 0.034814
22 0.593535 0.403359 0.087031 0.083652
21 0.592056 0.870337 0.034268 0.037197
0 0.853022 0.405674 0.057490 0.031953
21 0.590952 0.517104 0.031865 0.035166
0 0.300000 0.758062 0.056895 0.030986
0 0.852920 0.757461 0.057187 0.032168
0 0.443560 0.314966 0.019893 0.035889
0 0.738813 0.314941 0.020049 0.035391
0 0.590483 0.335386 0.019053 0.035068
0 0.590576 0.686846 0.019277 0.035273
0 0.590415 0.824590 0.019600 0.035488
0 0.155122 0.314966 0.019736 0.035107
0 0.443789 0.666890 0.019687 0.034834
0 0.590376 0.473911 0.020498 0.037217
0 0.055557 0.314771 0.019668 0.035068
6 0.591128 0.300928 0.017412 0.015625
3 0.505010 0.068174 0.060020 0.059434
22 0.589316 0.754629 0.076562 0.084688
0 0.738823 0.666680 0.020752 0.035176
6 0.590518 0.653252 0.016895 0.016797
0 0.412158 0.083296 0.057734 0.033389
0 0.299746 0.405825 0.057930 0.031377
21 0.059028 0.667749 0.031631 0.034814
0 0.058481 0.623540 0.017666 0.032861
