0 0.552866 0.899966 0.019932 0.032900
34 0.213398 0.956411 0.123652 0.052686
34 0.046216 0.843506 0.092432 0.039785
33 0.587959 0.549966 0.040332 0.060479
33 0.705601 0.549058 0.044365 0.064092
1 0.389536 0.649419 0.050615 0.032100
1 0.363965 0.507930 0.069512 0.041582
3 0.777544 0.943579 0.072217 0.067686
3 0.131548 0.332500 0.077021 0.072090
30 0.226650 0.508867 0.058320 0.066484
6 0.553120 0.853120 0.029639 0.024697
34 0.046953 0.407744 0.093906 0.064551
34 0.045024 0.327969 0.090049 0.063711
34 0.703325 0.615122 0.106807 0.060850
34 0.361890 0.457378 0.119170 0.063408
34 0.700078 0.405801 0.107949 0.065625
34 0.487695 0.903291 0.104687 0.061973
34 0.276704 0.827383 0.183760 0.068828
34 0.256812 0.586045 0.037725 0.069844
33 0.037905 0.473774 0.043057 0.063604
34 0.391611 0.697544 0.125488 0.065244
34 0.585928 0.615420 0.117383 0.066055
35 0.338628 0.960820 0.117588 0.053652
34 0.891436 0.483940 0.083105 0.040381
34 0.972451 0.793447 0.055078 0.069512
34 0.779199 0.878804 0.108145 0.063252
34 0.424351 0.581372 0.039443 0.066885
34 0.228452 0.428950 0.107666 0.097158
34 0.069390 0.591582 0.122666 0.065391
35 0.279990 0.733828 0.055879 0.119434
35 0.145986 0.223462 0.052988 0.119404
33 0.703008 0.473018 0.044004 0.062930
34 0.515225 0.402749 0.131426 0.102217
34 0.141528 0.138369 0.129775 0.042207
34 0.124312 0.430586 0.039229 0.078555
34 0.495820 0.581646 0.039551 0.066455
