5 0.190806 0.142612 0.056533 0.035947
5 0.503364 0.067534 0.037119 0.054268
34 0.751133 0.348047 0.167148 0.065566
21 0.780801 0.104224 0.032070 0.035479
34 0.558374 0.568970 0.072217 0.041416
3 0.735933 0.075498 0.044189 0.041738
34 0.964492 0.320479 0.063867 0.040605
34 0.879263 0.450068 0.069873 0.042637
34 0.681704 0.075278 0.063018 0.042061
34 0.825410 0.172422 0.070684 0.040820
34 0.879268 0.405854 0.068906 0.040732
34 0.825659 0.069185 0.070928 0.042158
21 0.607417 0.603096 0.033467 0.036895
21 0.921685 0.486211 0.024053 0.026484
34 0.880874 0.119277 0.026748 0.050605
34 0.396470 0.009429 0.057646 0.018857
0 0.150498 0.798579 0.016504 0.028525
0 0.605923 0.568477 0.015029 0.028809
34 0.446733 0.197646 0.159893 0.065996
34 0.571572 0.040234 0.068184 0.039473
34 0.729956 0.174995 0.026084 0.046182
0 0.780161 0.173267 0.015381 0.028428
0 0.572173 0.067144 0.025107 0.014951
35 0.441377 0.127646 0.034297 0.073516
34 0.501260 0.021045 0.068262 0.042090
34 0.104648 0.191489 0.070937 0.043115
34 0.103276 0.798955 0.069697 0.042070
0 0.923066 0.405654 0.013633 0.025898
34 0.255933 0.140815 0.072041 0.040713
3 0.735161 0.011538 0.045850 0.023076
0 0.780005 0.069883 0.014561 0.026875
34 0.155020 0.911396 0.041855 0.021699
5 0.039341 0.193154 0.057197 0.038613
0 0.442310 0.010581 0.021064 0.020713
35 0.746797 0.277393 0.034199 0.073867
35 0.150791 0.864312 0.034121 0.071123
4 0.966655 0.361948 0.045010 0.044150
34 0.776768 0.750796 0.048320 0.023604
21 0.780347 0.207959 0.031533 0.035820
34 0.681206 0.012314 0.062861 0.024629
0 0.922666 0.449570 0.013789 0.026465
21 0.603315 0.082944 0.022666 0.024834
