34 0.254512 0.983511 0.059746 0.032979
34 0.015630 0.862700 0.031240 0.039521
34 0.076694 0.988066 0.121846 0.023867
34 0.795845 0.723315 0.124561 0.114951
34 0.367720 0.550664 0.060361 0.034590
35 0.676396 0.724229 0.115371 0.057363
35 0.906201 0.285381 0.053223 0.104863
35 0.977407 0.667769 0.045186 0.135635
34 0.079536 0.700942 0.093135 0.038057
35 0.541699 0.849531 0.116289 0.058320
34 0.155024 0.940596 0.038740 0.060293
34 0.561797 0.702700 0.092520 0.036416
34 0.933867 0.769902 0.132266 0.076680
0 0.341094 0.635894 0.038887 0.072900
3 0.889854 0.407021 0.078359 0.074492
6 0.491855 0.724790 0.027070 0.030518
0 0.277437 0.887715 0.072412 0.038184
34 0.704336 0.888511 0.234746 0.186787
34 0.904717 0.160190 0.145586 0.149170
34 0.179575 0.226890 0.106455 0.030107
34 0.433877 0.227427 0.105371 0.035479
34 0.788955 0.408462 0.117812 0.071299
34 0.279082 0.834170 0.123828 0.070957
34 0.969346 0.407148 0.061309 0.070820
34 0.256377 0.633613 0.120586 0.071895
34 0.343140 0.956816 0.121689 0.072070
34 0.960332 0.549531 0.037285 0.081855
