6 0.854185 0.596509 0.029873 0.024834
6 0.854551 0.574556 0.027715 0.025557
6 0.854185 0.435796 0.034189 0.022314
6 0.854365 0.390088 0.031680 0.025195
17 0.853809 0.175771 0.121387 0.114453
6 0.854365 0.414565 0.031680 0.023037
34 0.358789 0.257134 0.038926 0.061729
34 0.093691 0.177319 0.185488 0.079756
34 0.827017 0.506035 0.038193 0.068691
34 0.832632 0.305454 0.036670 0.062588
34 0.828555 0.029912 0.038965 0.059824
34 0.975610 0.506577 0.048779 0.075166
35 0.853716 0.732432 0.056260 0.118398
33 0.901343 0.504858 0.091729 0.053760
34 0.851226 0.883872 0.241084 0.193799
34 0.661431 0.095195 0.233096 0.116777
6 0.854907 0.618105 0.032041 0.024121
