11 0.531411 0.416733 0.068037 0.065947
11 0.530024 0.571885 0.070811 0.065254
34 0.751309 0.708794 0.092012 0.025557
34 0.937944 0.793125 0.056240 0.029082
34 0.523906 0.497163 0.087949 0.076064
0 0.750210 0.630654 0.026494 0.047988
34 0.719370 0.578628 0.042451 0.026943
34 0.526323 0.339229 0.087549 0.080469
0 0.616211 0.416479 0.049668 0.028564
0 0.614346 0.733789 0.048477 0.028477
34 0.524927 0.658799 0.085850 0.079609
0 0.731650 0.872588 0.028242 0.050273
34 0.678618 0.871987 0.077314 0.050088
0 0.682461 0.504604 0.026836 0.048486
34 0.799819 0.629990 0.074951 0.049258
34 0.616821 0.376055 0.075283 0.048770
34 0.615684 0.696064 0.073301 0.047578
34 0.617598 0.529927 0.076445 0.048604
34 0.803755 0.346533 0.079580 0.075195
34 0.730298 0.504160 0.070850 0.050020
0 0.614604 0.570264 0.048584 0.028848
34 0.808984 0.748643 0.059434 0.028652
34 0.938901 0.876309 0.057920 0.029219
34 0.715537 0.809487 0.029473 0.048193
11 0.527593 0.735020 0.070107 0.069414
21 0.750361 0.681758 0.026445 0.026445
