35 0.989180 0.395435 0.021641 0.103037
35 0.718042 0.392603 0.045186 0.099561
34 0.846304 0.524956 0.030146 0.041045
35 0.630771 0.875479 0.044082 0.099199
34 0.596025 0.413433 0.106563 0.058994
35 0.528623 0.304492 0.044355 0.100156
35 0.091011 0.304585 0.046436 0.100498
34 0.775142 0.474805 0.091221 0.045781
34 0.829600 0.010781 0.033691 0.021562
34 0.444268 0.413306 0.100469 0.058311
34 0.359136 0.470269 0.030967 0.054150
34 0.919326 0.474761 0.090352 0.045420
34 0.623818 0.958960 0.211250 0.059854
34 0.036665 0.413643 0.073330 0.059121
34 0.555259 0.753076 0.113896 0.058398
34 0.700850 0.524761 0.030293 0.041768
34 0.862046 0.293442 0.255889 0.091572
34 0.982046 0.525117 0.030752 0.041582
34 0.510488 0.470376 0.031309 0.053721
34 0.454629 0.192378 0.322910 0.120146
34 0.125381 0.195400 0.250762 0.116973
0 0.862070 0.476162 0.022070 0.037715
0 0.376440 0.415786 0.027646 0.049346
0 0.717778 0.476270 0.021162 0.037207
0 0.629937 0.753516 0.028330 0.046816
0 0.994233 0.476294 0.011533 0.036924
35 0.863096 0.392866 0.045078 0.098369
0 0.090151 0.415952 0.027197 0.049678
34 0.379541 0.623936 0.052988 0.031758
0 0.527559 0.415776 0.028203 0.049502
35 0.376689 0.303813 0.045566 0.100420
