3 0.856460 0.358608 0.086025 0.093545
3 0.740332 0.889253 0.081719 0.094619
3 0.632266 0.361299 0.087090 0.094629
3 0.418828 0.361836 0.079570 0.093555
6 0.101616 0.175576 0.019541 0.020410
6 0.100430 0.706294 0.021426 0.020303
6 0.582290 0.175283 0.020400 0.020840
0 0.100957 0.219614 0.022129 0.044697
6 0.895166 0.710220 0.023652 0.029033
6 0.799351 0.175464 0.019541 0.019854
0 0.914521 0.219805 0.022520 0.044590
34 0.456377 0.058354 0.032344 0.047334
34 0.758623 0.633457 0.029668 0.047754
0 0.893149 0.752769 0.023525 0.043975
0 0.100635 0.750942 0.023047 0.043252
0 0.800181 0.219873 0.022861 0.044063
34 0.419868 0.220903 0.087490 0.055166
34 0.857681 0.220000 0.086768 0.055156
34 0.638613 0.220752 0.086152 0.057070
34 0.746836 0.219189 0.086191 0.056699
0 0.582114 0.220239 0.023350 0.046045
34 0.044961 0.750498 0.086426 0.055723
34 0.414385 0.446167 0.108379 0.065986
0 0.474771 0.219741 0.023975 0.045244
0 0.692393 0.219917 0.022656 0.045264
34 0.723501 0.752588 0.088154 0.054375
34 0.529658 0.220547 0.086035 0.053340
34 0.050957 0.218267 0.084512 0.054971
34 0.735117 0.970449 0.108359 0.059102
34 0.671387 0.154971 0.030664 0.046738
34 0.961387 0.218330 0.077227 0.055332
34 0.630938 0.444888 0.110332 0.065791
34 0.832856 0.751826 0.087041 0.056035
34 0.895991 0.160635 0.029385 0.046953
34 0.851338 0.442910 0.111250 0.065469
0 0.777852 0.751284 0.021934 0.043799
