34 0.150542 0.728345 0.213975 0.035791
30 0.717207 0.537642 0.059141 0.064521
34 0.354780 0.666685 0.030557 0.016025
34 0.375073 0.827017 0.077744 0.046514
34 0.008096 0.873018 0.016055 0.017402
34 0.305854 0.872310 0.027510 0.017861
34 0.347070 0.719609 0.032227 0.016113
34 0.327651 0.474648 0.056182 0.037539
33 0.684717 0.825679 0.052344 0.037256
34 0.306636 0.599678 0.028936 0.014297
34 0.329629 0.756738 0.054766 0.037715
34 0.380430 0.488940 0.034082 0.016162
34 0.358110 0.440605 0.033486 0.016348
33 0.352734 0.353853 0.035352 0.035518
33 0.301753 0.353525 0.034854 0.035781
6 0.096729 0.387759 0.022227 0.011709
0 0.326611 0.827793 0.025664 0.046484
34 0.635117 0.537441 0.109473 0.049082
34 0.352720 0.938242 0.028857 0.019160
34 0.616855 0.883662 0.072070 0.047090
34 0.372388 0.554316 0.073799 0.045293
34 0.513574 0.467964 0.035215 0.017021
34 0.544141 0.351216 0.073672 0.043857
34 0.974336 0.989380 0.051133 0.021143
34 0.512456 0.521875 0.073096 0.043242
34 0.617432 0.824897 0.073145 0.047158
34 0.463101 0.636260 0.075771 0.045312
34 0.512427 0.566587 0.073857 0.045166
34 0.426387 0.703467 0.057363 0.044863
34 0.049043 0.416172 0.072578 0.045117
34 0.247144 0.347422 0.069736 0.045586
34 0.415479 0.425474 0.058926 0.039756
34 0.853667 0.656064 0.073760 0.046523
33 0.683770 0.876987 0.051406 0.037412
34 0.427510 0.390190 0.042480 0.016064
34 0.615552 0.943184 0.072998 0.047461
33 0.685430 0.941313 0.055488 0.037334
34 0.473950 0.882261 0.080596 0.047002
34 0.614106 0.740435 0.036025 0.016689
34 0.149492 0.364858 0.033535 0.017314
34 0.404521 0.347207 0.072246 0.046699
0 0.423936 0.884448 0.023730 0.045518
0 0.326772 0.301138 0.013447 0.027197
0 0.093804 0.416963 0.015557 0.029297
0 0.560020 0.523706 0.018906 0.031338
0 0.559614 0.562344 0.018643 0.030254
0 0.807451 0.658745 0.017188 0.032197
0 0.325273 0.556279 0.023125 0.043770
0 0.411826 0.635332 0.027598 0.045996
21 0.562227 0.596865 0.028105 0.033125
5 0.812227 0.594854 0.042168 0.027109
