34 0.485008 0.077075 0.475337 0.107295
5 0.272172 0.617158 0.053434 0.044082
34 0.530867 0.566299 0.175606 0.062461
34 0.066212 0.552964 0.132424 0.093271
34 0.115884 0.704863 0.231768 0.061973
34 0.482609 0.762773 0.263603 0.097969
35 0.734705 0.618179 0.181364 0.048428
34 0.241481 0.760146 0.076801 0.026289
34 0.387340 0.599565 0.074545 0.027842
6 0.186675 0.075273 0.072306 0.058066
34 0.619806 0.927529 0.322273 0.144941
34 0.036675 0.921079 0.073350 0.030928
34 0.273636 0.550747 0.184175 0.094287
15 0.073981 0.774487 0.147963 0.073428
0 0.054015 0.615835 0.108030 0.038506
34 0.751044 0.548130 0.242323 0.097314
0 0.529579 0.617275 0.134646 0.042012
