0 0.231616 0.958423 0.018096 0.028447
33 0.096729 0.338354 0.056152 0.036416
33 0.108154 0.463467 0.057324 0.027891
33 0.569482 0.463467 0.057324 0.026348
33 0.658989 0.709233 0.037197 0.051533
35 0.381606 0.985278 0.072197 0.029443
34 0.123911 0.382539 0.066025 0.038516
0 0.667300 0.607427 0.023174 0.012646
0 0.639072 0.624702 0.020645 0.013486
0 0.638647 0.751523 0.020654 0.011797
0 0.666875 0.767319 0.020645 0.015596
34 0.262705 0.590879 0.122539 0.059727
34 0.704531 0.652520 0.075039 0.043496
34 0.008896 0.283936 0.017793 0.035156
34 0.386812 0.375342 0.065869 0.043008
34 0.818428 0.970562 0.064941 0.040439
33 0.560220 0.293755 0.056162 0.039639
34 0.485923 0.843477 0.020732 0.044727
34 0.673008 0.902871 0.065234 0.038906
34 0.620654 0.214922 0.049922 0.023027
34 0.531548 0.835718 0.019990 0.037705
34 0.657119 0.448828 0.064414 0.040957
33 0.450894 0.330815 0.055596 0.038584
34 0.828936 0.475908 0.125469 0.063887
34 0.588774 0.897036 0.063857 0.039854
34 0.387827 0.329375 0.066104 0.041582
34 0.782798 0.884302 0.073193 0.041826
6 0.546797 0.358848 0.010527 0.011797
34 0.717178 0.713789 0.074336 0.040742
34 0.436260 0.536802 0.066348 0.041318
34 0.054136 0.632720 0.108076 0.098818
34 0.472056 0.284141 0.018896 0.035156
33 0.097187 0.294497 0.056387 0.039834
35 0.235063 0.526040 0.031807 0.072197
34 0.622212 0.294185 0.065693 0.039658
34 0.981362 0.884668 0.036846 0.041973
34 0.588042 0.383325 0.065283 0.039072
34 0.416504 0.879219 0.069824 0.043789
34 0.159263 0.294165 0.064463 0.039463
33 0.450620 0.373711 0.057061 0.036484
34 0.493359 0.631958 0.155234 0.097920
34 0.164111 0.800889 0.070645 0.041777
34 0.452236 0.960557 0.073281 0.037598
33 0.499771 0.766416 0.036553 0.035156
33 0.444590 0.496978 0.044570 0.036279
34 0.050117 0.363286 0.019355 0.035518
34 0.137012 0.113672 0.068926 0.040273
34 0.194185 0.448745 0.065869 0.040518
34 0.621016 0.158687 0.049414 0.019775
34 0.332578 0.448452 0.066133 0.039814
35 0.289419 0.525918 0.031006 0.072168
34 0.327144 0.986650 0.039404 0.019199
34 0.186025 0.961060 0.071660 0.039209
34 0.496563 0.722407 0.080098 0.048896
33 0.475679 0.880151 0.040127 0.030732
33 0.559517 0.337881 0.055928 0.037617
34 0.099678 0.881035 0.019805 0.043262
34 0.621572 0.337998 0.065137 0.039902
34 0.584360 0.431206 0.062490 0.038799
34 0.158633 0.337671 0.064805 0.040264
34 0.849048 0.556299 0.035596 0.019043
34 0.514160 0.371440 0.017695 0.036533
33 0.761831 0.665762 0.036240 0.064609
34 0.314819 0.921660 0.044385 0.018027
35 0.729785 0.477329 0.070449 0.033623
34 0.121685 0.431694 0.062354 0.038311
34 0.499287 0.127544 0.047852 0.021377
6 0.083213 0.934209 0.014746 0.013477
6 0.544775 0.861274 0.015586 0.018955
6 0.715415 0.874551 0.012217 0.012637
6 0.084873 0.358379 0.010566 0.013105
6 0.095615 0.087275 0.011660 0.012012
5 0.543569 0.898223 0.031631 0.022813
0 0.714683 0.904575 0.014561 0.028486
0 0.860845 0.972749 0.015947 0.027666
0 0.095278 0.115376 0.014014 0.026006
5 0.111807 0.800068 0.036289 0.025820
0 0.195063 0.477261 0.025557 0.017666
0 0.084736 0.383906 0.014980 0.024551
0 0.329419 0.477334 0.025049 0.017344
0 0.547778 0.384331 0.015010 0.023857
3 0.990962 0.927041 0.018076 0.047188
0 0.658433 0.476929 0.023994 0.016514
0 0.452271 0.987187 0.028096 0.016406
4 0.787231 0.925952 0.046924 0.044404
21 0.231812 0.988125 0.031572 0.023750
