21 0.027725 0.414014 0.036289 0.049102
3 0.738926 0.927163 0.064668 0.057197
34 0.249619 0.103735 0.066328 0.028232
34 0.410288 0.105308 0.064092 0.029580
34 0.568047 0.105532 0.066777 0.029131
34 0.461826 0.165361 0.077539 0.052891
34 0.304067 0.166235 0.077529 0.050146
34 0.139814 0.165132 0.077988 0.054229
34 0.177910 0.265977 0.077988 0.052441
34 0.233706 0.317739 0.028232 0.060049
34 0.341265 0.267319 0.080225 0.055127
34 0.394600 0.318188 0.024648 0.060049
34 0.498579 0.265952 0.080225 0.049697
34 0.552134 0.317739 0.028682 0.058271
34 0.664629 0.339028 0.059160 0.027334
34 0.742383 0.276509 0.023750 0.061846
34 0.820815 0.167598 0.079326 0.058262
34 0.763223 0.071914 0.368398 0.026445
34 0.933530 0.104185 0.068115 0.027334
34 0.648164 0.469551 0.060000 0.030000
34 0.274976 0.656143 0.077998 0.054004
34 0.273179 0.904839 0.143994 0.054600
34 0.408472 0.884731 0.107393 0.077998
34 0.672461 0.924634 0.077402 0.055791
6 0.620864 0.975034 0.021006 0.018604
34 0.826084 0.958394 0.084277 0.053018
34 0.955239 0.940518 0.089521 0.078770
34 0.863379 0.265352 0.079414 0.049199
34 0.917607 0.317642 0.025957 0.059268
35 0.756997 0.129038 0.035479 0.088174
35 0.429038 0.960757 0.033330 0.078486
35 0.278501 0.966133 0.035479 0.067734
33 0.215112 0.164424 0.066631 0.042246
33 0.375669 0.165376 0.063916 0.044932
33 0.533516 0.164600 0.066621 0.046484
33 0.898975 0.163857 0.067227 0.046211
13 0.257031 0.265991 0.071543 0.054561
6 0.146260 0.785518 0.018242 0.017793
6 0.169395 0.546167 0.022695 0.026689
21 0.221987 0.711274 0.038428 0.048037
13 0.576196 0.265967 0.068506 0.048340
0 0.028525 0.354102 0.014746 0.031641
13 0.417632 0.263672 0.068467 0.047871
0 0.220278 0.651548 0.018506 0.029756
13 0.940127 0.265435 0.071660 0.050303
