35 0.660898 0.986069 0.086426 0.027861
33 0.448481 0.476787 0.047725 0.036562
34 0.517603 0.007329 0.063975 0.014658
33 0.730107 0.113320 0.036133 0.038340
34 0.779722 0.493047 0.022627 0.034453
34 0.993184 0.156646 0.013516 0.021807
34 0.495571 0.216304 0.049834 0.022842
33 0.849214 0.050527 0.038311 0.068242
33 0.446670 0.318286 0.044512 0.038564
33 0.447163 0.425107 0.046025 0.039180
33 0.444688 0.170474 0.042070 0.037119
33 0.520981 0.048164 0.038896 0.062402
34 0.583594 0.215112 0.053926 0.018662
34 0.891621 0.074199 0.066758 0.034824
34 0.644004 0.215112 0.055488 0.018662
34 0.711157 0.215371 0.058076 0.018145
33 0.451079 0.537104 0.051611 0.041943
33 0.458071 0.587642 0.069893 0.046240
34 0.433438 0.226675 0.068086 0.035244
34 0.729224 0.076938 0.064775 0.034150
34 0.389253 0.369014 0.067080 0.036016
34 0.515874 0.977119 0.188662 0.045762
33 0.893242 0.121831 0.038262 0.055615
34 0.579795 0.074121 0.067246 0.034707
34 0.388667 0.586221 0.067842 0.037422
33 0.621987 0.040439 0.037607 0.047148
34 0.439482 0.132642 0.069551 0.036924
33 0.582422 0.121499 0.038340 0.056318
34 0.509272 0.731558 0.213232 0.056025
34 0.659214 0.077388 0.064932 0.034795
34 0.954180 0.866230 0.039043 0.020098
34 0.388857 0.473804 0.067773 0.036201
34 0.496299 0.878818 0.234687 0.059355
34 0.852920 0.979854 0.039023 0.019355
34 0.388784 0.533408 0.067686 0.036895
34 0.388706 0.315083 0.067197 0.037725
35 0.659614 0.878550 0.083545 0.041846
34 0.618115 0.007461 0.066016 0.014922
34 0.935361 0.325605 0.022305 0.040273
34 0.388579 0.421753 0.066865 0.036084
35 0.660054 0.730239 0.083623 0.039209
33 0.667905 0.113613 0.037803 0.039980
34 0.874165 0.210918 0.119697 0.070762
34 0.751011 0.717480 0.034795 0.020996
34 0.846372 0.007451 0.067529 0.014902
34 0.762954 0.007490 0.064893 0.014980
