5 0.334453 0.873662 0.045195 0.027676
0 0.987065 0.455952 0.018428 0.031377
21 0.986587 0.498057 0.026826 0.036680
21 0.668516 0.833696 0.034492 0.037061
34 0.033359 0.586724 0.066719 0.060596
34 0.027363 0.671021 0.054727 0.063604
34 0.319912 0.672520 0.232793 0.091797
34 0.549707 0.618525 0.104395 0.056992
34 0.633765 0.383335 0.043193 0.027002
34 0.529307 0.734624 0.107988 0.056396
34 0.410508 0.844717 0.109199 0.058203
34 0.295317 0.879521 0.034795 0.030605
34 0.318477 0.922114 0.029395 0.041396
34 0.919360 0.461299 0.112900 0.065586
34 0.359146 0.030654 0.046240 0.036562
34 0.144180 0.882817 0.038398 0.031201
34 0.087119 0.926914 0.027598 0.047402
34 0.021963 0.777520 0.043926 0.054590
34 0.044761 0.842314 0.089521 0.055801
34 0.535869 0.948457 0.042129 0.027344
34 0.694277 0.906328 0.030000 0.047949
34 0.779897 0.843359 0.109795 0.051992
5 0.101060 0.880117 0.045205 0.033203
6 0.383188 0.757456 0.012666 0.018115
6 0.417319 0.754600 0.013408 0.015391
6 0.667910 0.823501 0.014648 0.012979
0 0.709976 0.839644 0.019033 0.033408
