3 0.755444 0.078960 0.045068 0.048252
34 0.161416 0.385952 0.067676 0.040342
34 0.197046 0.344717 0.018818 0.032266
34 0.217661 0.343823 0.021514 0.032275
34 0.161641 0.299453 0.067227 0.044824
34 0.108755 0.365781 0.026885 0.050195
34 0.242759 0.476484 0.037646 0.023301
34 0.403652 0.487461 0.140723 0.051543
34 0.544604 0.484326 0.068564 0.041680
34 0.412617 0.578667 0.051992 0.022412
34 0.325225 0.532725 0.063633 0.042578
34 0.212734 0.628413 0.058262 0.040342
34 0.277720 0.627520 0.061846 0.041230
34 0.580908 0.349648 0.025547 0.034062
21 0.216797 0.466211 0.033398 0.046094
0 0.026958 0.797129 0.037119 0.021992
5 0.361401 0.849414 0.033740 0.045117
21 0.322642 0.692559 0.037822 0.050937
21 0.586963 0.545937 0.042480 0.047148
34 0.168364 0.623481 0.022412 0.037646
34 0.214976 0.725889 0.052881 0.024648
34 0.580908 0.703486 0.127734 0.049746
34 0.783931 0.565894 0.117861 0.027334
34 0.875806 0.793794 0.070361 0.038545
34 0.633120 0.890146 0.070811 0.044824
0 0.583374 0.937036 0.023486 0.036650
0 0.275693 0.657368 0.035840 0.020615
0 0.213730 0.656899 0.037012 0.019678
0 0.541284 0.513501 0.035850 0.018271
0 0.227749 0.387632 0.019229 0.035928
0 0.207070 0.386729 0.016328 0.036289
0 0.227393 0.302178 0.020684 0.035566
0 0.206704 0.301812 0.019951 0.034834
0 0.166118 0.165283 0.015166 0.025098
0 0.593018 0.166177 0.016699 0.025400
0 0.596196 0.258892 0.021963 0.036045
0 0.596060 0.308628 0.019521 0.036318
0 0.684966 0.342788 0.014639 0.025479
0 0.847900 0.459482 0.036289 0.025039
0 0.685913 0.090811 0.036064 0.021328
3 0.849189 0.356924 0.039590 0.047148
3 0.848643 0.265908 0.040684 0.047148
3 0.872217 0.836084 0.043965 0.047148
3 0.365635 0.246177 0.050547 0.040576
3 0.733511 0.177095 0.051650 0.051533
5 0.823843 0.092295 0.038740 0.046133
4 0.322935 0.582070 0.044170 0.051680
0 0.582256 0.890469 0.020859 0.033008
34 0.632222 0.937876 0.070811 0.044365
34 0.569482 0.974404 0.024199 0.034961
34 0.366006 0.803877 0.066328 0.041680
34 0.029727 0.766675 0.059453 0.040791
33 0.593291 0.125977 0.042852 0.053906
33 0.498887 0.152090 0.048203 0.064609
33 0.194624 0.121333 0.052295 0.042998
33 0.194233 0.067676 0.053838 0.041016
35 0.786567 0.593018 0.094619 0.035488
35 0.582266 0.741406 0.088164 0.041934
35 0.297856 0.487104 0.069893 0.036553
34 0.551104 0.310654 0.065430 0.042129
34 0.551553 0.259570 0.065430 0.042129
34 0.680850 0.251724 0.069473 0.042568
34 0.787295 0.418667 0.025996 0.039443
34 0.850034 0.425840 0.063643 0.044824
34 0.848916 0.312227 0.062305 0.041680
34 0.797378 0.263604 0.037197 0.024199
34 0.964097 0.172842 0.048857 0.023750
34 0.843984 0.218784 0.064980 0.043916
34 0.735078 0.132510 0.064980 0.040781
34 0.826509 0.047134 0.064990 0.044814
34 0.751216 0.033462 0.064990 0.042568
34 0.683765 0.059907 0.063643 0.045264
34 0.642759 0.150884 0.020166 0.038096
34 0.594800 0.077607 0.070361 0.041230
34 0.493066 0.095757 0.068574 0.046162
34 0.384829 0.130269 0.104873 0.092764
34 0.220576 0.171504 0.047949 0.024648
34 0.255532 0.121528 0.065889 0.044814
34 0.255981 0.067075 0.065889 0.043467
33 0.685688 0.296714 0.044189 0.041846
6 0.595972 0.219546 0.015400 0.018740
34 0.474687 0.356597 0.040781 0.023760
34 0.419341 0.242539 0.060947 0.043027
34 0.270996 0.301470 0.065430 0.043467
34 0.269424 0.386621 0.065879 0.041680
