3 0.617847 0.896665 0.083330 0.083330
3 0.853794 0.560820 0.083330 0.082324
3 0.865840 0.711426 0.079316 0.086348
3 0.938633 0.954897 0.082324 0.083330
14 0.392046 0.764033 0.059229 0.054219
0 0.975513 0.625049 0.024756 0.050996
0 0.779395 0.908916 0.028496 0.050254
0 0.392773 0.815918 0.032246 0.047246
0 0.447148 0.764917 0.024004 0.054756
0 0.392026 0.708667 0.027744 0.053252
0 0.104033 0.583047 0.075742 0.041992
6 0.825410 0.903174 0.015195 0.015547
3 0.169653 0.663130 0.048193 0.049189
33 0.323906 0.550288 0.044336 0.058213
29 0.552959 0.227427 0.894082 0.229033
35 0.183345 0.772583 0.049463 0.110752
21 0.827285 0.912632 0.042168 0.036143
21 0.975381 0.678691 0.037148 0.044180
34 0.431812 0.704893 0.026611 0.041309
34 0.165234 0.612202 0.026914 0.040557
34 0.030996 0.325991 0.061973 0.051162
34 0.524717 0.615918 0.042461 0.028027
34 0.860635 0.959800 0.049023 0.026709
34 0.611807 0.806094 0.028633 0.053496
34 0.324580 0.496802 0.086738 0.047295
34 0.103457 0.541396 0.089688 0.047676
34 0.503057 0.762891 0.081094 0.049941
34 0.106846 0.659951 0.089473 0.046797
34 0.334937 0.817388 0.082236 0.046123
33 0.529390 0.550371 0.044541 0.058711
34 0.243950 0.010054 0.029014 0.020107
34 0.424800 0.497373 0.087178 0.046953
34 0.335737 0.708623 0.081025 0.046055
33 0.423633 0.551040 0.044238 0.057471
34 0.324834 0.762358 0.081152 0.045010
34 0.022769 0.801387 0.045459 0.044668
34 0.727910 0.563770 0.053281 0.028105
34 0.939014 0.891011 0.085449 0.047256
34 0.850991 0.494961 0.088291 0.047266
34 0.186348 0.879526 0.232305 0.116904
34 0.522183 0.891968 0.091982 0.048330
34 0.529629 0.495435 0.087578 0.047197
34 0.021191 0.525957 0.042383 0.064688
34 0.763677 0.951680 0.028330 0.040957
34 0.863965 0.652593 0.087012 0.045537
34 0.720444 0.909448 0.082803 0.049482
