34 0.240688 0.653145 0.028447 0.043750
34 0.105596 0.224336 0.031016 0.057773
34 0.360986 0.500903 0.127227 0.060127
34 0.077139 0.849946 0.058691 0.030713
34 0.189238 0.705815 0.099180 0.050400
34 0.916055 0.630728 0.030801 0.047178
34 0.360659 0.515210 0.127725 0.087197
34 0.288950 0.221182 0.031885 0.056602
34 0.594590 0.450176 0.054941 0.027324
34 0.850269 0.353213 0.033154 0.058789
34 0.614116 0.198394 0.052959 0.028740
34 0.649971 0.362656 0.029355 0.055000
34 0.430649 0.161299 0.032256 0.055918
34 0.932236 0.035093 0.121797 0.068447
34 0.970396 0.383267 0.044756 0.030029
32 0.124741 0.057534 0.052686 0.052686
32 0.308608 0.055386 0.052686 0.048389
32 0.662910 0.055386 0.053770 0.048389
32 0.770435 0.054844 0.051611 0.053770
24 0.931729 0.119897 0.077422 0.093545
0 0.257900 0.707539 0.032031 0.058750
34 0.753027 0.366035 0.029668 0.044805
