34 0.016380 0.218867 0.032761 0.048125
34 0.380042 0.007300 0.044293 0.014600
34 0.121094 0.812783 0.047374 0.038457
35 0.716423 0.650532 0.078232 0.081436
34 0.508283 0.779839 0.135286 0.051045
34 0.549310 0.958081 0.183670 0.057061
34 0.808805 0.780400 0.134310 0.052383
34 0.719217 0.586704 0.223047 0.047998
34 0.233123 0.781782 0.141566 0.048799
34 0.254848 0.945371 0.135084 0.051621
34 0.688157 0.717573 0.049478 0.046201
0 0.152466 0.944229 0.051835 0.053320
0 0.408687 0.779121 0.054949 0.057676
0 0.336212 0.779390 0.057576 0.056689
0 0.063981 0.216992 0.053283 0.051367
0 0.717551 0.779077 0.051633 0.056768
