34 0.480176 0.497368 0.076348 0.043857
34 0.671504 0.503047 0.103809 0.073477
34 0.668926 0.188237 0.049102 0.024600
34 0.237451 0.588608 0.033926 0.019111
34 0.954888 0.394355 0.075654 0.042656
34 0.338477 0.078169 0.039551 0.027021
0 0.531753 0.519648 0.021787 0.038223
34 0.302720 0.624824 0.057822 0.039492
34 0.873857 0.339263 0.051934 0.022920
34 0.733486 0.568276 0.046680 0.023096
34 0.668608 0.067725 0.049326 0.024746
34 0.112520 0.144888 0.225039 0.117061
34 0.782749 0.514863 0.077451 0.044688
0 0.885542 0.648511 0.036436 0.019502
0 0.950747 0.649131 0.037627 0.018730
34 0.884038 0.618813 0.060186 0.037021
34 0.951572 0.619199 0.061133 0.038906
0 0.262021 0.624854 0.019277 0.036074
0 0.189658 0.598413 0.035898 0.019014
21 0.262134 0.662905 0.031963 0.036709
34 0.302212 0.572427 0.056514 0.039072
34 0.473599 0.446133 0.055225 0.025020
34 0.583701 0.527749 0.060664 0.038701
4 0.783809 0.566440 0.052051 0.063447
20 0.123926 0.183872 0.247852 0.367744
3 0.477427 0.559146 0.052686 0.077412
4 0.954854 0.446787 0.050527 0.059160
21 0.985205 0.670098 0.026445 0.034062
34 0.905493 0.554116 0.124482 0.023115
34 0.098506 0.562197 0.102930 0.042949
34 0.868335 0.426890 0.075479 0.045615
0 0.583433 0.556548 0.038154 0.020322
35 0.107490 0.599033 0.082422 0.037617
35 0.666675 0.556807 0.081240 0.033730
1 0.868286 0.462788 0.052939 0.029014
34 0.191880 0.566650 0.068975 0.044395
35 0.905718 0.581626 0.083389 0.031592
6 0.532500 0.486670 0.015293 0.016777
34 0.827119 0.613110 0.025605 0.041221
0 0.262515 0.572104 0.018369 0.038838
