34 0.713828 0.962397 0.116426 0.061436
0 0.793784 0.963867 0.034189 0.064355
0 0.698687 0.158804 0.058467 0.037041
34 0.165576 0.138857 0.046094 0.030137
34 0.696968 0.117109 0.097979 0.049980
35 0.934033 0.490215 0.100059 0.040488
35 0.987568 0.616484 0.024727 0.036914
34 0.590645 0.286802 0.031172 0.045400
34 0.361699 0.746348 0.092910 0.047090
34 0.371968 0.798774 0.120049 0.047842
34 0.072100 0.354922 0.144102 0.075273
34 0.315020 0.350210 0.287754 0.082197
35 0.011313 0.275698 0.022490 0.096455
34 0.295684 0.196973 0.028008 0.044551
33 0.080884 0.680259 0.039365 0.039502
33 0.292144 0.968140 0.040322 0.038994
34 0.370918 0.911719 0.122070 0.048652
34 0.161440 0.734648 0.123311 0.048906
33 0.081030 0.732036 0.038623 0.040166
34 0.360962 0.971035 0.091982 0.047383
33 0.291831 0.909106 0.040088 0.040107
35 0.313105 0.268374 0.035645 0.093779
33 0.292104 0.856821 0.040205 0.038955
34 0.149497 0.682349 0.090928 0.046787
34 0.828833 0.116074 0.149580 0.053848
34 0.361465 0.859209 0.092109 0.047383
33 0.291978 0.796182 0.039932 0.039492
35 0.817056 0.158550 0.091396 0.034717
33 0.292319 0.744541 0.040381 0.040801
