3 0.419131 0.023198 0.074316 0.046045
0 0.019722 0.146064 0.021162 0.035820
21 0.019600 0.203945 0.035996 0.039805
21 0.750288 0.202939 0.034756 0.041445
6 0.401685 0.524619 0.022861 0.033457
6 0.767505 0.845488 0.017549 0.015742
34 0.583789 0.956313 0.113320 0.062002
34 0.174160 0.022217 0.116699 0.044434
34 0.216816 0.129092 0.111055 0.063242
34 0.512461 0.022451 0.116406 0.044902
33 0.975024 0.955537 0.048955 0.045820
34 0.857466 0.022378 0.115928 0.044756
34 0.153403 0.810596 0.130811 0.072988
34 0.979277 0.142134 0.041445 0.061123
34 0.892119 0.805220 0.131309 0.069170
34 0.921748 0.319561 0.134688 0.070547
34 0.513750 0.803672 0.128203 0.071465
34 0.017764 0.793511 0.035488 0.027334
33 0.812271 0.136802 0.060029 0.046260
33 0.470332 0.136724 0.061621 0.045889
34 0.246152 0.318452 0.134824 0.068740
33 0.131128 0.135991 0.063252 0.047412
34 0.581758 0.318447 0.131836 0.068750
34 0.748667 0.795884 0.040869 0.027002
34 0.367515 0.796509 0.041885 0.025967
33 0.684722 0.952231 0.077881 0.049014
34 0.501333 0.561704 0.026787 0.026494
33 0.306367 0.952881 0.077598 0.047930
34 0.516084 0.612373 0.091504 0.063437
21 0.405991 0.202729 0.034795 0.040518
3 0.080513 0.023687 0.073350 0.047373
34 0.888384 0.960444 0.112803 0.062646
34 0.204028 0.956484 0.113838 0.062754
34 0.557222 0.131782 0.111689 0.061475
6 0.387139 0.846069 0.017441 0.016064
6 0.035430 0.843125 0.017969 0.017539
6 0.229756 0.217969 0.017070 0.016250
6 0.566670 0.216304 0.017910 0.014580
6 0.912324 0.217139 0.017070 0.015410
6 0.475835 0.600996 0.019521 0.016719
34 0.681450 0.135620 0.112061 0.063584
34 0.384424 0.570156 0.030488 0.045430
34 0.897251 0.134873 0.110830 0.062441
34 0.337417 0.136035 0.111201 0.062500
0 0.749888 0.144507 0.020518 0.035615
0 0.405669 0.144585 0.020732 0.035498
3 0.763394 0.023237 0.073311 0.046143
