34 0.919849 0.783936 0.060088 0.028262
21 0.787822 0.385659 0.044082 0.045615
0 0.467563 0.208945 0.026572 0.049453
34 0.203530 0.124741 0.045400 0.027842
34 0.670723 0.008369 0.026426 0.016621
34 0.930513 0.904604 0.046104 0.027646
0 0.789106 0.316875 0.028350 0.049316
34 0.240645 0.013281 0.026172 0.026172
34 0.530962 0.013232 0.028232 0.026445
34 0.180859 0.802651 0.047715 0.028311
34 0.496948 0.124575 0.046768 0.028311
0 0.789214 0.209009 0.028311 0.050576
34 0.477407 0.854541 0.025400 0.043105
34 0.166406 0.071704 0.048398 0.028369
0 0.467749 0.317437 0.026943 0.049482
34 0.213096 0.747124 0.066758 0.029854
34 0.444170 0.857236 0.026270 0.046875
34 0.597813 0.229741 0.075273 0.050166
34 0.177002 0.865400 0.080469 0.050801
21 0.173364 0.385737 0.041299 0.046299
34 0.737046 0.318804 0.077549 0.050791
34 0.828037 0.123086 0.047090 0.028340
34 0.738672 0.209004 0.075566 0.050176
34 0.971567 0.169575 0.056865 0.052295
34 0.414897 0.317256 0.075537 0.050801
21 0.467852 0.385742 0.043242 0.046387
34 0.474419 0.713887 0.090654 0.078164
34 0.024927 0.173096 0.049795 0.051953
3 0.241523 0.230737 0.061680 0.054189
21 0.104517 0.972979 0.042842 0.047891
34 0.046255 0.867471 0.081494 0.052617
0 0.105234 0.868101 0.030937 0.053701
34 0.868906 0.011582 0.029023 0.023164
34 0.934580 0.228804 0.076191 0.051768
0 0.491226 0.962607 0.028604 0.047852
34 0.736982 0.724800 0.030352 0.048506
34 0.310864 0.230488 0.081025 0.051250
34 0.118765 0.315981 0.080400 0.051006
0 0.982666 0.964644 0.028770 0.050479
34 0.623076 0.172822 0.080996 0.051504
34 0.417969 0.209263 0.074082 0.050811
34 0.965400 0.857935 0.029434 0.049834
34 0.120688 0.207583 0.079756 0.050674
34 0.307681 0.173516 0.080283 0.052715
34 0.547500 0.961758 0.080215 0.051562
34 0.432314 0.960854 0.078633 0.053584
34 0.695806 0.832856 0.029932 0.049072
34 0.927407 0.965249 0.079814 0.053174
17 0.473662 0.796240 0.077422 0.082793
0 0.237378 0.868506 0.034971 0.057109
0 0.361289 0.172837 0.031543 0.051943
0 0.063462 0.173574 0.031064 0.053281
0 0.607510 0.962979 0.033027 0.054883
0 0.682446 0.173516 0.033135 0.054043
34 0.025137 0.229604 0.050020 0.050361
34 0.172207 0.423286 0.098887 0.030479
0 0.173589 0.317173 0.028076 0.049482
34 0.787402 0.422861 0.098223 0.030215
0 0.173203 0.209033 0.029258 0.050293
34 0.468823 0.423125 0.110752 0.046230
3 0.868120 0.230654 0.061631 0.052148
34 0.550308 0.878472 0.048467 0.028369
34 0.075410 0.687002 0.048672 0.030449
34 0.812021 0.988984 0.083984 0.022031
3 0.531831 0.230688 0.059326 0.052686
