21 0.475112 0.361836 0.031084 0.036055
21 0.218384 0.559883 0.030693 0.038770
34 0.243569 0.333232 0.113643 0.104609
34 0.152554 0.512920 0.106201 0.063633
34 0.606274 0.119434 0.106162 0.066211
34 0.393291 0.334712 0.103594 0.064795
34 0.869854 0.242876 0.108730 0.062920
34 0.126875 0.342354 0.107031 0.062539
34 0.716450 0.160361 0.107217 0.063242
34 0.149961 0.157544 0.107871 0.064072
34 0.540435 0.313262 0.105088 0.063242
34 0.125479 0.655493 0.107285 0.066396
34 0.107861 0.816216 0.213848 0.071494
33 0.938667 0.656123 0.076436 0.047305
34 0.710791 0.337104 0.106895 0.061377
34 0.566509 0.527681 0.106846 0.069580
34 0.453457 0.155283 0.113926 0.102363
35 0.082554 0.749326 0.144893 0.060977
34 0.522583 0.935225 0.080947 0.040918
33 0.868457 0.307207 0.044375 0.062500
34 0.872700 0.791523 0.042061 0.081172
34 0.020698 0.242085 0.041396 0.063428
34 0.989097 0.654712 0.021807 0.069541
22 0.244185 0.432124 0.091650 0.091650
6 0.537334 0.081011 0.020664 0.020459
6 0.325029 0.294834 0.020254 0.020313
22 0.457642 0.252310 0.098604 0.091650
3 0.720117 0.232354 0.084512 0.080703
3 0.721382 0.411787 0.082236 0.085371
0 0.219116 0.510908 0.025107 0.046504
3 0.149932 0.232271 0.082363 0.081592
3 0.223384 0.652393 0.085596 0.083477
3 0.128057 0.413911 0.080625 0.080889
0 0.474897 0.313838 0.025635 0.043535
0 0.323555 0.336484 0.026621 0.047363
0 0.536543 0.121465 0.026836 0.045820
3 0.470889 0.530186 0.085469 0.080684
