34 0.518296 0.795000 0.063643 0.051094
34 0.947871 0.044756 0.068574 0.043027
34 0.890283 0.085986 0.066328 0.042129
34 0.831572 0.130581 0.065430 0.038096
34 0.925020 0.263467 0.067676 0.043926
34 0.838970 0.333828 0.072158 0.043027
34 0.749780 0.264585 0.065889 0.045264
34 0.778467 0.215732 0.024648 0.031816
34 0.699136 0.173604 0.046162 0.023750
34 0.728042 0.047222 0.069912 0.044365
34 0.657231 0.093159 0.067217 0.043916
34 0.484687 0.159268 0.135352 0.032715
34 0.429336 0.273101 0.111602 0.047959
34 0.299590 0.284307 0.119219 0.052441
34 0.345303 0.447661 0.061855 0.046611
34 0.468101 0.471641 0.064541 0.047949
34 0.581489 0.473887 0.060049 0.042578
34 0.555498 0.518926 0.025996 0.034961
34 0.579697 0.563296 0.061855 0.046611
34 0.616001 0.721724 0.027783 0.048857
34 0.554375 0.849453 0.038086 0.023750
34 0.488721 0.652930 0.066328 0.044824
34 0.494321 0.577412 0.065889 0.045273
34 0.308999 0.575840 0.063643 0.043027
34 0.393032 0.524307 0.038096 0.025098
34 0.308325 0.629175 0.062295 0.040342
34 0.339927 0.669512 0.022412 0.034961
34 0.540034 0.892925 0.059600 0.046162
34 0.544067 0.979067 0.065889 0.041865
34 0.488496 0.932813 0.023750 0.035410
33 0.457012 0.797026 0.056172 0.046865
33 0.950918 0.100068 0.039902 0.065078
33 0.892427 0.145391 0.040674 0.075918
33 0.728774 0.103359 0.040283 0.067012
33 0.655566 0.150034 0.042617 0.068174
21 0.353877 0.712290 0.042832 0.039814
3 0.833984 0.174355 0.037109 0.048242
15 0.425752 0.653291 0.057637 0.051816
35 0.426890 0.339253 0.037627 0.084951
35 0.297856 0.352153 0.033330 0.089248
35 0.479575 0.188179 0.087100 0.032256
1 0.791030 0.261816 0.019756 0.036738
1 0.425239 0.470029 0.025381 0.052344
1 0.299390 0.447817 0.026436 0.053408
0 0.353057 0.630488 0.018633 0.035430
0 0.352954 0.575415 0.018838 0.035439
0 0.500215 0.894902 0.019238 0.035781
0 0.500078 0.977173 0.022227 0.036592
0 0.883110 0.263550 0.019248 0.034424
0 0.951646 0.148301 0.019443 0.027910
0 0.729287 0.151128 0.018184 0.024775
0 0.540576 0.471289 0.022773 0.040117
3 0.430933 0.574028 0.051533 0.051533
1 0.837637 0.302700 0.037129 0.021338
0 0.540571 0.562095 0.023311 0.039033
