3 0.012974 0.974155 0.025947 0.051689
34 0.461484 0.258364 0.044355 0.027021
11 0.510396 0.778765 0.075049 0.074424
34 0.393984 0.236196 0.072793 0.046182
34 0.728687 0.581074 0.073271 0.045820
34 0.431738 0.455825 0.069102 0.047275
3 0.896841 0.331929 0.059385 0.050244
34 0.130054 0.235737 0.079873 0.074639
21 0.343218 0.333306 0.040771 0.042100
34 0.966255 0.380928 0.046514 0.027266
34 0.374668 0.586841 0.024395 0.045400
34 0.707993 0.023877 0.078506 0.047695
34 0.695884 0.648203 0.044326 0.027090
34 0.645483 0.884473 0.046611 0.027598
34 0.438174 0.380083 0.044941 0.026982
34 0.018335 0.924380 0.036572 0.049229
34 0.419087 0.772075 0.091006 0.085420
0 0.393511 0.274136 0.048408 0.028213
3 0.493682 0.331724 0.057812 0.050459
34 0.068994 0.819072 0.074434 0.029805
35 0.054937 0.457656 0.034385 0.077227
34 0.766226 0.529692 0.027256 0.041885
6 0.812637 0.505527 0.020996 0.018398
11 0.810508 0.782603 0.075469 0.076025
3 0.896187 0.456099 0.057979 0.050420
34 0.018311 0.348403 0.036406 0.026846
34 0.620073 0.534448 0.026729 0.040576
0 0.389873 0.500649 0.030547 0.053975
34 0.343628 0.366572 0.092393 0.028066
3 0.494160 0.456489 0.055996 0.050244
6 0.603755 0.504722 0.020732 0.016729
34 0.279546 0.566660 0.093330 0.026875
11 0.144331 0.030864 0.072646 0.061416
11 0.055322 0.244268 0.073477 0.073281
34 0.719907 0.769932 0.091182 0.084922
35 0.068149 0.875498 0.035205 0.076777
34 0.793335 0.856050 0.029111 0.058623
34 0.493481 0.855342 0.028604 0.057676
34 0.551138 0.187563 0.055381 0.026299
34 0.753716 0.978198 0.046357 0.028018
34 0.966118 0.495449 0.067764 0.047949
34 0.724263 0.226816 0.055205 0.026055
0 0.635269 0.581201 0.028076 0.048750
34 0.827036 0.455366 0.074541 0.047686
34 0.053413 0.520352 0.103604 0.047324
0 0.280317 0.457148 0.027744 0.049570
34 0.374175 0.433398 0.025205 0.043457
34 0.581260 0.581006 0.071621 0.045332
11 0.621982 0.030640 0.074434 0.060732
34 0.223091 0.023291 0.074541 0.046445
34 0.335972 0.497368 0.071396 0.046240
34 0.462837 0.977935 0.044697 0.028232
0 0.781582 0.581206 0.027988 0.048252
34 0.426074 0.331836 0.070312 0.046523
21 0.279478 0.532051 0.041064 0.042129
34 0.223364 0.454771 0.070986 0.046299
34 0.830488 0.334727 0.072500 0.046074
34 0.989229 0.784541 0.021543 0.063633
34 0.967368 0.258223 0.044170 0.028242
