8 0.337031 0.654927 0.167246 0.076025
8 0.087910 0.140308 0.139180 0.064326
8 0.308379 0.141479 0.142695 0.064326
8 0.790835 0.090601 0.071338 0.135674
8 0.751064 0.642646 0.160234 0.072520
6 0.270942 0.280083 0.035068 0.016396
6 0.399019 0.278320 0.024561 0.022227
0 0.570879 0.241895 0.021563 0.041523
0 0.749673 0.581504 0.021846 0.035625
0 0.318701 0.022148 0.020391 0.034980
6 0.570454 0.194536 0.013955 0.013057
6 0.255928 0.403745 0.026973 0.022568
6 0.527637 0.277388 0.023242 0.020303
0 0.069463 0.071719 0.020625 0.034141
0 0.973721 0.552153 0.020215 0.036221
0 0.781846 0.552368 0.021094 0.036475
0 0.362637 0.505967 0.020840 0.034883
0 0.077148 0.599111 0.021230 0.035566
0 0.301274 0.570293 0.019971 0.035332
0 0.288618 0.072119 0.021514 0.034727
0 0.720474 0.526855 0.021240 0.036367
0 0.333730 0.583965 0.020332 0.037539
0 0.106055 0.022495 0.020508 0.035732
0 0.109907 0.570146 0.021982 0.036367
6 0.910718 0.279492 0.021045 0.019883
34 0.196729 0.208560 0.101074 0.040869
33 0.807515 0.962588 0.037197 0.036309
33 0.807739 0.915527 0.037646 0.034512
33 0.681357 0.939507 0.041230 0.040342
34 0.860991 0.948589 0.090107 0.102646
34 0.789883 0.181265 0.080547 0.048135
34 0.809399 0.396265 0.036064 0.023936
34 0.336646 0.698916 0.085771 0.050449
34 0.274062 0.015371 0.026172 0.030742
34 0.486924 0.954980 0.076465 0.041855
34 0.982588 0.684717 0.034824 0.050352
34 0.207178 0.395327 0.039102 0.021729
34 0.832227 0.551309 0.079199 0.047441
34 0.056758 0.012192 0.027832 0.024385
34 0.068213 0.190469 0.088770 0.049766
34 0.017910 0.543076 0.035820 0.044902
34 0.160425 0.023247 0.091338 0.045967
34 0.859487 0.263843 0.037061 0.022900
34 0.526948 0.239727 0.065596 0.039355
34 0.075132 0.697017 0.082666 0.050459
34 0.235298 0.071665 0.085186 0.044639
34 0.608081 0.942485 0.103896 0.048896
34 0.029302 0.071753 0.058525 0.043936
34 0.665361 0.525962 0.083809 0.043916
34 0.375303 0.023530 0.090859 0.045693
34 0.326670 0.190952 0.089727 0.051689
34 0.250386 0.568979 0.075947 0.044775
34 0.414775 0.507007 0.082402 0.043545
34 0.923301 0.552119 0.077266 0.044922
34 0.748311 0.685190 0.087051 0.051846
34 0.389790 0.584546 0.088271 0.044072
34 0.689434 0.580991 0.090000 0.045068
34 0.791035 0.231670 0.110000 0.052676
34 0.159858 0.568613 0.077178 0.046367
34 0.625879 0.265791 0.040156 0.025840
34 0.030879 0.598521 0.061641 0.042217
34 0.093247 0.097798 0.023369 0.037197
34 0.306206 0.110293 0.024092 0.037715
6 0.462764 0.406973 0.028066 0.022227
6 0.854575 0.405806 0.025732 0.022217
6 0.622998 0.405220 0.032754 0.021045
6 0.739370 0.026855 0.017549 0.029238
0 0.048931 0.544648 0.021650 0.037441
0 0.539165 0.955825 0.035088 0.066416
8 0.084985 0.657266 0.161396 0.069004
