0 0.349468 0.642383 0.026201 0.048340
34 0.517788 0.857725 0.044150 0.027070
34 0.548135 0.428696 0.092480 0.029307
34 0.983589 0.857998 0.032803 0.026680
34 0.046670 0.857710 0.043477 0.027139
11 0.109736 0.873076 0.071484 0.074180
34 0.097578 0.313267 0.045273 0.026553
34 0.426123 0.424292 0.044609 0.026514
1 0.248408 0.642305 0.028320 0.048984
34 0.190415 0.869810 0.082100 0.076162
11 0.579888 0.873198 0.069756 0.072354
0 0.334126 0.330425 0.048271 0.027686
34 0.299966 0.693833 0.044346 0.026553
34 0.877114 0.641533 0.070928 0.048184
34 0.358730 0.404707 0.070059 0.044180
34 0.772690 0.693379 0.044346 0.027109
34 0.348140 0.987568 0.025791 0.024219
34 0.093184 0.639814 0.069961 0.047598
34 0.179736 0.294287 0.070254 0.044609
34 0.403545 0.774707 0.070488 0.047617
34 0.331519 0.294980 0.070654 0.044004
34 0.097095 0.218306 0.053604 0.025635
34 0.661914 0.987505 0.027012 0.024365
34 0.875791 0.777598 0.071035 0.046172
3 0.469043 0.777456 0.057598 0.050400
0 0.181816 0.330264 0.048496 0.027930
0 0.822754 0.642139 0.026367 0.048438
3 0.469170 0.640503 0.057617 0.050244
3 0.942612 0.777559 0.056494 0.049727
34 0.774990 0.641460 0.070020 0.044443
34 0.301445 0.641401 0.071191 0.044326
34 0.566978 0.639185 0.068018 0.045986
21 0.546333 0.391938 0.041299 0.043447
34 0.198838 0.641255 0.071152 0.044717
34 0.403413 0.641318 0.071807 0.047871
3 0.942856 0.640869 0.056299 0.050234
34 0.535415 0.945688 0.056279 0.027959
0 0.722046 0.641401 0.030107 0.052686
34 0.671870 0.640703 0.071104 0.046641
0 0.618164 0.642368 0.029766 0.048838
0 0.358398 0.441562 0.054180 0.032520
0 0.144443 0.642266 0.031309 0.050684
