5 0.422793 0.035503 0.038730 0.059092
4 0.479248 0.584004 0.063281 0.060801
34 0.878970 0.406250 0.045127 0.024297
34 0.553232 0.966675 0.098926 0.043018
34 0.416670 0.966133 0.098926 0.041934
34 0.398643 0.580112 0.104531 0.060674
34 0.851519 0.775869 0.104072 0.057988
34 0.401021 0.686919 0.104385 0.058486
34 0.848843 0.667568 0.101572 0.058418
34 0.679160 0.043384 0.210723 0.086006
34 0.641870 0.711431 0.099189 0.058682
35 0.522891 0.036606 0.095605 0.043115
34 0.535322 0.751011 0.042832 0.022549
34 0.188022 0.591069 0.051533 0.028037
1 0.784312 0.776338 0.032764 0.059102
3 0.297373 0.025366 0.061406 0.050439
3 0.563511 0.709365 0.060439 0.060312
21 0.942710 0.532979 0.032842 0.033594
3 0.479380 0.694165 0.065068 0.060127
0 0.187939 0.736968 0.020488 0.036064
15 0.783428 0.576855 0.055195 0.050977
0 0.943999 0.487080 0.020205 0.036973
15 0.576372 0.621353 0.051455 0.056006
6 0.958911 0.328218 0.015088 0.016045
4 0.564180 0.523921 0.068848 0.061846
3 0.770156 0.664409 0.061777 0.061260
34 0.977236 0.490269 0.045430 0.056318
34 0.289434 0.974966 0.102344 0.050068
35 0.188496 0.653960 0.042695 0.094326
34 0.643599 0.528608 0.099717 0.061338
34 0.476421 0.484971 0.024346 0.044922
34 0.869722 0.279893 0.025654 0.037559
35 0.885337 0.202041 0.044209 0.094883
34 0.657520 0.619951 0.102051 0.059766
34 0.851489 0.488096 0.102275 0.056621
34 0.879014 0.118726 0.172441 0.075596
34 0.250522 0.738896 0.104814 0.059023
34 0.863604 0.577861 0.102891 0.057734
34 0.174097 0.779443 0.027490 0.037344
4 0.770088 0.487700 0.063809 0.059111
