0 0.416543 0.891465 0.022266 0.038457
21 0.787852 0.282769 0.037129 0.040713
34 0.701548 0.124849 0.057998 0.033096
34 0.984912 0.074170 0.030098 0.045566
34 0.775190 0.178008 0.024951 0.041719
34 0.600278 0.179170 0.024014 0.040059
34 0.376787 0.820103 0.050098 0.032803
34 0.874272 0.050874 0.089873 0.057373
34 0.541895 0.232134 0.097871 0.059873
34 0.112378 0.943555 0.033643 0.058223
34 0.256382 0.295347 0.095752 0.060498
33 0.874614 0.111328 0.045576 0.061973
34 0.483535 0.891416 0.097734 0.059766
34 0.214795 0.717964 0.095508 0.058936
34 0.717031 0.230791 0.089375 0.058145
6 0.013296 0.145391 0.026592 0.024824
0 0.324985 0.295532 0.031865 0.057139
0 0.613613 0.227339 0.023691 0.039912
0 0.787798 0.226782 0.025107 0.040439
4 0.303936 0.721011 0.080332 0.069111
21 0.415825 0.945562 0.036768 0.037197
21 0.613677 0.281890 0.034795 0.037119
