34 0.230884 0.896523 0.187290 0.054785
34 0.556902 0.690669 0.161582 0.054424
34 0.088594 0.921812 0.094697 0.033174
33 0.426843 0.691367 0.094562 0.045488
6 0.040143 0.452588 0.056044 0.030527
0 0.318923 0.805967 0.035118 0.033789
21 0.319680 0.842617 0.040741 0.027500
34 0.535118 0.624316 0.092694 0.030762
34 0.520337 0.945166 0.250236 0.034414
0 0.227441 0.941567 0.095926 0.033115
34 0.156886 0.636948 0.252492 0.137490
34 0.630168 0.822109 0.051414 0.049141
34 0.424419 0.808408 0.165438 0.053184
