34 0.453823 0.857285 0.082529 0.043145
35 0.771211 0.602876 0.085781 0.040439
34 0.893521 0.467524 0.023232 0.032744
34 0.991230 0.844829 0.017500 0.025049
34 0.226484 0.531758 0.118691 0.040410
34 0.951353 0.467437 0.023271 0.032744
34 0.149307 0.068130 0.076113 0.046416
34 0.097422 0.722632 0.081191 0.045400
34 0.037183 0.665962 0.074346 0.045127
34 0.141997 0.119438 0.070303 0.044170
34 0.470654 0.381797 0.082363 0.044258
34 0.818369 0.119531 0.072305 0.043809
35 0.771470 0.413247 0.084170 0.038115
34 0.644731 0.912915 0.138818 0.037939
35 0.637017 0.190439 0.038975 0.087402
34 0.960337 0.067661 0.079209 0.047842
34 0.410552 0.119233 0.071357 0.043291
35 0.550088 0.410742 0.081758 0.038477
34 0.755083 0.913604 0.081768 0.042383
34 0.031299 0.498271 0.062070 0.043184
34 0.128716 0.609233 0.042451 0.024463
34 0.028462 0.847085 0.056865 0.047236
34 0.214185 0.853252 0.082568 0.043750
34 0.275962 0.119512 0.067646 0.042891
34 0.679170 0.120786 0.074258 0.045752
34 0.340610 0.365762 0.083604 0.045313
35 0.462466 0.168589 0.036807 0.087432
34 0.414326 0.068154 0.072070 0.045469
35 0.235400 0.190195 0.037383 0.089609
34 0.025962 0.095215 0.051084 0.045352
34 0.085283 0.069614 0.023105 0.036650
34 0.543228 0.119521 0.071631 0.043496
34 0.957744 0.119541 0.079980 0.044063
34 0.272495 0.433291 0.083838 0.046973
0 0.287915 0.624160 0.045244 0.026191
0 0.498159 0.118901 0.018271 0.034541
0 0.233945 0.119136 0.017383 0.034482
6 0.392656 0.336729 0.016934 0.017578
0 0.964106 0.519541 0.016533 0.031641
0 0.502676 0.859170 0.018418 0.033418
0 0.473359 0.532817 0.032930 0.018545
0 0.392446 0.368286 0.017842 0.033506
0 0.097246 0.756753 0.047598 0.027725
0 0.635737 0.119282 0.017607 0.034541
0 0.063325 0.096772 0.017158 0.032041
0 0.035703 0.979937 0.034844 0.021846
3 0.359409 0.875576 0.056611 0.054219
0 0.859517 0.994761 0.031221 0.010479
0 0.905386 0.519429 0.016494 0.031826
0 0.473164 0.599648 0.032578 0.018379
0 0.693696 0.414600 0.033350 0.019453
0 0.473403 0.469448 0.032803 0.019033
0 0.693833 0.603086 0.033643 0.017988
0 0.192036 0.654277 0.017861 0.032148
21 0.192559 0.691079 0.031113 0.033408
0 0.874878 0.069351 0.018037 0.033838
0 0.022920 0.532471 0.045684 0.028496
0 0.693843 0.535371 0.032939 0.018633
0 0.909609 0.119321 0.017734 0.034600
6 0.503203 0.828423 0.014102 0.012646
0 0.366167 0.119146 0.017529 0.034678
0 0.600718 0.069434 0.017588 0.033691
0 0.463667 0.069541 0.019092 0.034453
0 0.773555 0.119165 0.018613 0.034697
0 0.097441 0.119297 0.018711 0.034863
0 0.199102 0.069224 0.017012 0.033604
0 0.753413 0.947520 0.048896 0.027891
0 0.738643 0.069346 0.017539 0.033457
1 0.212773 0.888589 0.051348 0.029580
21 0.036230 0.728228 0.029355 0.030498
0 0.693755 0.473604 0.032803 0.019023
34 0.876367 0.520444 0.044531 0.079561
34 0.834419 0.508608 0.048389 0.210752
34 0.431729 0.246782 0.258066 0.026885
34 0.144634 0.244634 0.249463 0.029033
0 0.473198 0.411382 0.032373 0.019697
0 0.331494 0.069331 0.017910 0.033877
35 0.121509 0.531997 0.081162 0.037998
34 0.745693 0.252642 0.248691 0.037939
34 0.614429 0.509751 0.040225 0.199951
34 0.987007 0.523408 0.025986 0.084199
35 0.062456 0.167803 0.037627 0.088340
34 0.036304 0.984917 0.072295 0.030166
35 0.181421 0.756816 0.085010 0.038242
33 0.346064 0.433838 0.056816 0.036660
35 0.874150 0.167974 0.038516 0.088369
35 0.649775 0.947876 0.082988 0.034150
35 0.906318 0.412231 0.040566 0.085732
35 0.774492 0.190337 0.036211 0.087959
34 0.140029 0.652349 0.082773 0.043994
35 0.599922 0.167051 0.036094 0.086035
35 0.770815 0.535107 0.082197 0.037227
34 0.284687 0.756265 0.120137 0.044092
34 0.220156 0.070112 0.022344 0.035674
34 0.353755 0.069595 0.023154 0.035791
34 0.288984 0.589380 0.084766 0.045088
34 0.834341 0.302144 0.035146 0.023936
35 0.331646 0.167090 0.036611 0.087285
34 0.470386 0.440073 0.080361 0.040576
35 0.770952 0.473184 0.082900 0.038633
35 0.367749 0.190063 0.035850 0.086514
34 0.830068 0.067314 0.072871 0.044609
34 0.555059 0.067676 0.073945 0.044277
34 0.471133 0.502622 0.083711 0.041787
35 0.737383 0.166870 0.038066 0.087744
34 0.357021 0.825605 0.083164 0.043887
34 0.990615 0.716616 0.018535 0.044092
34 0.691284 0.445752 0.080166 0.046055
35 0.549424 0.532480 0.081504 0.039648
34 0.906553 0.781099 0.042480 0.024131
34 0.471821 0.570474 0.084229 0.041416
34 0.692056 0.507207 0.084365 0.044043
34 0.691851 0.575391 0.084932 0.047930
35 0.197632 0.168115 0.037803 0.088848
35 0.549473 0.600796 0.083984 0.039287
35 0.911416 0.191128 0.037051 0.088584
34 0.681445 0.812983 0.039355 0.021299
35 0.964473 0.412085 0.039590 0.083721
34 0.287329 0.068062 0.069912 0.045107
34 0.692358 0.385000 0.082920 0.044531
34 0.692427 0.067021 0.074736 0.044824
35 0.098530 0.190615 0.034854 0.088672
35 0.549600 0.469126 0.081113 0.038643
34 0.169102 0.455869 0.041973 0.024336
35 0.500513 0.189893 0.037822 0.089238
