0 0.857871 0.244844 0.014453 0.026621
34 0.087764 0.640439 0.071230 0.067227
34 0.379692 0.931748 0.069912 0.041680
34 0.512710 0.640122 0.076221 0.066377
33 0.544551 0.564932 0.030078 0.031113
33 0.536797 0.708823 0.037285 0.030596
0 0.207368 0.658882 0.013916 0.028154
0 0.106846 0.386528 0.028047 0.015596
0 0.479316 0.262944 0.011836 0.018838
21 0.445566 0.480054 0.028594 0.033994
0 0.528550 0.386523 0.029189 0.015352
21 0.013730 0.410981 0.027461 0.035986
11 0.162827 0.637749 0.054717 0.050986
11 0.583447 0.638740 0.053750 0.048672
22 0.163467 0.375073 0.058008 0.048779
0 0.147871 0.565454 0.019980 0.018037
0 0.146162 0.709502 0.020469 0.013652
0 0.570767 0.564961 0.020479 0.012188
0 0.568325 0.708530 0.018525 0.014619
6 0.638037 0.434805 0.014629 0.014141
0 0.606841 0.404092 0.019502 0.014141
0 0.605620 0.343403 0.019014 0.008779
22 0.584175 0.373623 0.053135 0.048750
3 0.760376 0.861597 0.042412 0.100498
6 0.853696 0.819829 0.013701 0.013057
3 0.251958 0.961118 0.041182 0.068525
6 0.338462 0.914131 0.011748 0.013711
0 0.378320 0.959385 0.019863 0.010059
6 0.937598 0.080400 0.014141 0.015117
0 0.437197 0.283438 0.022422 0.012676
3 0.556606 0.310742 0.082920 0.039004
3 0.134927 0.316592 0.081943 0.039004
34 0.483193 0.705381 0.068105 0.040898
34 0.481265 0.429014 0.059873 0.038359
34 0.674854 0.286064 0.068242 0.039395
34 0.904419 0.970674 0.050693 0.024766
34 0.333311 0.375503 0.061152 0.039346
34 0.773872 0.371953 0.061475 0.041895
34 0.013442 0.566943 0.026592 0.039609
35 0.056230 0.061313 0.033887 0.072100
34 0.259531 0.465654 0.066621 0.040234
34 0.105557 0.361060 0.060625 0.039072
34 0.899756 0.290376 0.068574 0.041865
34 0.409648 0.108320 0.069609 0.041094
34 0.496260 0.563770 0.065605 0.038691
34 0.062881 0.705156 0.069082 0.041836
34 0.352349 0.242207 0.095400 0.057324
34 0.184331 0.564668 0.019502 0.034102
34 0.980078 0.922720 0.039844 0.040986
34 0.059536 0.317422 0.067803 0.039492
34 0.479673 0.313027 0.067549 0.039844
34 0.206646 0.951929 0.062939 0.038506
34 0.075391 0.563452 0.065215 0.038564
34 0.900107 0.245918 0.066348 0.040371
34 0.225864 0.371719 0.061123 0.039902
34 0.558320 0.110107 0.071777 0.042031
34 0.647617 0.373301 0.062969 0.040312
34 0.859233 0.420347 0.123350 0.061475
34 0.522612 0.951133 0.095283 0.056758
0 0.628613 0.658901 0.014863 0.028057
0 0.039116 0.387119 0.027354 0.015605
0 0.126895 0.457163 0.028359 0.016611
21 0.444277 0.410728 0.030879 0.035537
0 0.475039 0.808301 0.027168 0.016191
0 0.057896 0.263096 0.012354 0.018516
0 0.546104 0.457427 0.028691 0.015674
21 0.437354 0.830908 0.030586 0.035449
0 0.053809 0.808101 0.028242 0.016650
0 0.361772 0.104668 0.016064 0.028320
0 0.338726 0.937236 0.011631 0.018125
0 0.510601 0.104834 0.016807 0.028262
21 0.015732 0.831055 0.028672 0.035117
21 0.628569 0.694741 0.030107 0.034932
0 0.473125 0.386787 0.028281 0.015977
0 0.857720 0.291563 0.014072 0.026660
0 0.638516 0.462251 0.013594 0.028115
0 0.481831 0.872798 0.028389 0.015537
0 0.060508 0.872681 0.027402 0.015635
0 0.217549 0.464580 0.014219 0.026445
21 0.207075 0.694565 0.031924 0.034951
0 0.455264 0.567661 0.015508 0.029229
0 0.631309 0.288154 0.015176 0.028164
0 0.015830 0.285234 0.019512 0.013027
0 0.074487 0.515259 0.029092 0.015889
0 0.056519 0.131406 0.017061 0.028496
1 0.163560 0.768408 0.024639 0.047637
0 0.853643 0.841851 0.010625 0.018818
21 0.019683 0.480142 0.029561 0.035420
0 0.033706 0.567217 0.014639 0.029805
0 0.194600 0.775005 0.014609 0.026553
0 0.210654 0.288145 0.014180 0.027773
21 0.510146 0.139463 0.030625 0.033672
0 0.631787 0.246982 0.014824 0.025801
0 0.486616 0.456899 0.027334 0.017041
0 0.615791 0.774790 0.015527 0.026904
6 0.216846 0.436025 0.011699 0.013652
0 0.184678 0.404824 0.021445 0.011699
0 0.183457 0.343887 0.020957 0.010723
6 0.057427 0.240059 0.016357 0.013535
21 0.210713 0.322134 0.030586 0.034502
0 0.210923 0.246504 0.013779 0.026133
0 0.068262 0.457046 0.028672 0.016104
21 0.361226 0.139526 0.031943 0.033760
1 0.584448 0.768418 0.024346 0.046758
21 0.631719 0.322134 0.030527 0.034619
0 0.493506 0.515645 0.028809 0.016387
6 0.479180 0.238711 0.012578 0.012793
35 0.417676 0.516431 0.073281 0.027158
34 0.571748 0.247964 0.019160 0.042529
34 0.056079 0.014531 0.044600 0.023203
34 0.381807 0.190664 0.045742 0.020957
33 0.715054 0.373374 0.042275 0.033408
34 0.092461 0.259990 0.082363 0.045332
35 0.972534 0.862944 0.054932 0.034775
34 0.469658 0.360210 0.059629 0.038174
34 0.818882 0.840161 0.081826 0.042607
34 0.253096 0.245044 0.068203 0.038564
33 0.534790 0.313906 0.039521 0.024980
34 0.521016 0.599834 0.033320 0.021523
33 0.281636 0.374214 0.039443 0.032393
34 0.604448 0.818730 0.016689 0.035645
34 0.299331 0.936455 0.070908 0.042344
35 0.856992 0.355508 0.031758 0.072500
34 0.150254 0.247432 0.019512 0.042676
35 0.438462 0.959683 0.071533 0.033193
35 0.354214 0.284634 0.073838 0.032490
34 0.291147 0.883018 0.051533 0.024043
34 0.674072 0.245405 0.067266 0.038896
34 0.100483 0.598726 0.033545 0.021260
34 0.432686 0.261011 0.072246 0.039814
34 0.475962 0.845220 0.062939 0.040811
34 0.672202 0.656729 0.065752 0.039414
34 0.253096 0.285967 0.067617 0.039473
34 0.122642 0.767490 0.061025 0.040801
34 0.054321 0.845337 0.062764 0.040693
34 0.406719 0.493677 0.055547 0.022900
34 0.061987 0.429521 0.060615 0.037187
34 0.657065 0.522139 0.037197 0.021406
34 0.715640 0.851689 0.061025 0.040039
34 0.544858 0.767466 0.061885 0.041006
34 0.953110 0.027207 0.020850 0.043691
34 0.068940 0.487344 0.064736 0.038926
34 0.680811 0.464048 0.066641 0.040205
34 0.605488 0.562671 0.020469 0.034307
34 0.983218 0.590049 0.033232 0.045547
34 0.531162 0.360078 0.060645 0.039590
34 0.488193 0.487187 0.063379 0.038750
34 0.579707 0.066382 0.043672 0.018818
34 0.023105 0.261353 0.046191 0.039990
34 0.654043 0.774414 0.060137 0.038691
34 0.126675 0.429551 0.061123 0.039355
34 0.652769 0.150166 0.047393 0.020547
34 0.901431 0.839473 0.070615 0.040781
34 0.098833 0.130532 0.069932 0.041572
34 0.039917 0.361108 0.062822 0.037939
34 0.251748 0.656821 0.065742 0.039248
34 0.546309 0.429434 0.061387 0.039766
34 0.401206 0.850161 0.058018 0.024209
34 0.474800 0.781289 0.061885 0.038984
34 0.052925 0.781069 0.062744 0.039189
34 0.232246 0.774614 0.060762 0.038994
34 0.183403 0.817563 0.018311 0.034150
34 0.416968 0.567373 0.068916 0.040195
