33 0.195166 0.476885 0.077422 0.059141
0 0.927397 0.963979 0.045225 0.072041
34 0.388716 0.151616 0.294619 0.152686
34 0.080698 0.487012 0.037197 0.058711
34 0.321592 0.483203 0.174785 0.058262
34 0.320923 0.576426 0.171650 0.051992
34 0.143892 0.979810 0.177021 0.040381
34 0.480918 0.984961 0.191367 0.030078
34 0.620303 0.811270 0.056016 0.033164
34 0.821533 0.971294 0.177031 0.057412
34 0.669985 0.603872 0.058604 0.037334
34 0.671538 0.713022 0.062744 0.043037
33 0.191943 0.570439 0.073125 0.063438
32 0.106450 0.570991 0.067158 0.057158
