13 0.807676 0.032573 0.050469 0.065146
21 0.986729 0.065938 0.026543 0.036543
21 0.754751 0.065273 0.032295 0.038555
0 0.563105 0.647305 0.057754 0.032168
0 0.562554 0.811089 0.056514 0.030146
34 0.305093 0.663955 0.103643 0.490859
34 0.302935 0.196309 0.102197 0.392617
0 0.563081 0.484932 0.056494 0.031387
34 0.682671 0.403506 0.040361 0.081211
34 0.331025 0.969453 0.103730 0.044687
33 0.697881 0.842803 0.070586 0.045527
34 0.839409 0.215269 0.039189 0.070635
34 0.984419 0.343755 0.031162 0.064424
33 0.698340 0.924448 0.071328 0.044795
35 0.462085 0.968364 0.143525 0.061846
34 0.973955 0.945625 0.052090 0.041602
35 0.432412 0.306577 0.143887 0.061084
34 0.790552 0.343354 0.110947 0.063135
35 0.432612 0.483115 0.143506 0.063438
34 0.564478 0.438589 0.106396 0.060830
35 0.433716 0.645088 0.140635 0.061602
35 0.432168 0.808096 0.143125 0.061895
35 0.433926 0.134834 0.141113 0.058496
34 0.788306 0.845508 0.110303 0.065918
34 0.562383 0.600439 0.108457 0.062988
34 0.563506 0.263052 0.106543 0.061631
34 0.560718 0.763779 0.110225 0.061328
34 0.789414 0.917812 0.109531 0.065059
34 0.559751 0.089063 0.103486 0.059062
0 0.562471 0.137974 0.056445 0.031865
0 0.562549 0.309116 0.056211 0.032764
0 0.863203 0.342773 0.030039 0.056328
