0 0.140190 0.043681 0.022490 0.042469
34 0.671006 0.463478 0.123848 0.058703
35 0.566548 0.467711 0.087549 0.048388
35 0.700210 0.289752 0.084756 0.045163
35 0.271758 0.153196 0.066133 0.040868
0 0.062246 0.544707 0.022891 0.040192
34 0.243774 0.328123 0.058232 0.045265
34 0.976914 0.085220 0.022129 0.037204
34 0.794067 0.108298 0.023682 0.040338
34 0.853076 0.118833 0.065605 0.048850
34 0.803970 0.289583 0.114912 0.037204
4 0.285513 0.274707 0.039756 0.057508
0 0.167134 0.043952 0.021553 0.041387
0 0.507744 0.197537 0.038457 0.021364
0 0.063184 0.599205 0.020391 0.041995
34 0.371694 0.274797 0.052412 0.024656
34 0.289780 0.218320 0.064053 0.047057
34 0.511450 0.163422 0.065615 0.048399
34 0.184961 0.450479 0.050078 0.027339
0 0.685659 0.022582 0.016377 0.029087
21 0.288486 0.400958 0.036914 0.059932
21 0.553218 0.235609 0.040381 0.062153
21 0.155693 0.112768 0.043594 0.031330
21 0.063706 0.652734 0.035381 0.054600
0 0.853457 0.157582 0.033887 0.022875
3 0.850889 0.041787 0.044961 0.056967
34 0.093345 0.043089 0.067939 0.053326
34 0.025396 0.598286 0.050791 0.049741
34 0.025205 0.544735 0.050410 0.047508
34 0.048657 0.497897 0.026787 0.046167
0 0.179194 0.361685 0.037002 0.023529
0 0.242075 0.360964 0.037314 0.022807
34 0.211943 0.041297 0.069102 0.050643
34 0.200098 0.140344 0.037656 0.031826
34 0.373052 0.152892 0.141318 0.056922
34 0.401582 0.036370 0.037656 0.029132
34 0.523872 0.030541 0.022119 0.037204
34 0.180498 0.327452 0.060566 0.046607
34 0.136431 0.324092 0.023682 0.044374
