34 0.887842 0.256016 0.026250 0.048086
34 0.565288 0.329312 0.081533 0.052412
34 0.188833 0.077773 0.040811 0.030859
34 0.587661 0.463770 0.039482 0.029961
34 0.411763 0.510913 0.083408 0.052842
34 0.534473 0.701929 0.040859 0.030088
33 0.932964 0.786870 0.052021 0.043350
34 0.343721 0.143467 0.078613 0.051348
34 0.980186 0.384355 0.039375 0.051035
34 0.400459 0.327837 0.079355 0.052881
33 0.731753 0.852187 0.055166 0.043926
33 0.731182 0.319819 0.054355 0.044033
34 0.411475 0.186050 0.052773 0.030811
33 0.932759 0.319985 0.051826 0.043604
34 0.254473 0.510137 0.084121 0.052402
33 0.933193 0.852227 0.051484 0.044102
34 0.310571 0.892485 0.079912 0.051436
34 0.659175 0.791880 0.081943 0.051670
33 0.731216 0.440249 0.053760 0.043135
34 0.559614 0.498545 0.039131 0.027402
34 0.981426 0.854824 0.036816 0.050176
33 0.731353 0.379531 0.054404 0.041152
34 0.666245 0.161748 0.084326 0.053652
33 0.731255 0.787769 0.053896 0.042881
34 0.660078 0.319824 0.080254 0.052363
34 0.010640 0.845103 0.021279 0.049482
34 0.745386 0.256099 0.028252 0.047412
34 0.662051 0.442017 0.079414 0.054346
34 0.979551 0.917827 0.040762 0.051748
34 0.659419 0.856636 0.082842 0.051885
34 0.522896 0.741982 0.040693 0.028242
34 0.980913 0.790825 0.037861 0.052959
33 0.933115 0.440322 0.052012 0.042715
34 0.980859 0.319521 0.037949 0.052422
34 0.964287 0.161558 0.071406 0.052861
34 0.186094 0.130000 0.078770 0.049238
34 0.660762 0.381211 0.081270 0.052129
34 0.980239 0.442446 0.039307 0.053975
34 0.659961 0.925850 0.082500 0.053672
33 0.933242 0.379761 0.052070 0.041514
0 0.313271 0.510454 0.030547 0.057334
0 0.354697 0.512549 0.029707 0.054824
8 0.742949 0.157607 0.064258 0.060234
8 0.884512 0.155601 0.074297 0.062256
21 0.031606 0.966846 0.033135 0.040156
0 0.458359 0.327866 0.031465 0.056650
3 0.310503 0.951963 0.072002 0.063750
3 0.180698 0.188730 0.058232 0.074297
3 0.585322 0.053188 0.064258 0.068271
0 0.033613 0.911123 0.025098 0.043164
0 0.506055 0.331021 0.031953 0.059072
34 0.935166 0.617275 0.129668 0.041055
25 0.815732 0.614790 0.368535 0.205283
34 0.011641 0.771792 0.023281 0.059658
5 0.273574 0.145059 0.069277 0.035137
0 0.035117 0.848374 0.032129 0.050205
33 0.932681 0.921768 0.052275 0.043828
34 0.011138 0.910991 0.022275 0.053799
33 0.730552 0.922178 0.053604 0.042754
34 0.571890 0.953511 0.039014 0.027432
