33 0.682749 0.483223 0.121982 0.070918
33 0.272085 0.482925 0.120303 0.071064
33 0.271543 0.571846 0.120234 0.072383
34 0.084146 0.397319 0.168291 0.054834
34 0.083604 0.486567 0.167207 0.054834
34 0.086294 0.575815 0.172588 0.050537
34 0.868823 0.484956 0.233330 0.047314
34 0.466138 0.487104 0.251611 0.049463
0 0.501050 0.867393 0.055068 0.033379
34 0.866235 0.575679 0.226709 0.049092
21 0.618618 0.740869 0.054053 0.086289
0 0.959839 0.867109 0.055967 0.034883
34 0.867871 0.400635 0.229922 0.051465
34 0.460176 0.575962 0.236289 0.048408
34 0.457080 0.400322 0.231484 0.051484
0 0.575283 0.867510 0.056055 0.033613
0 0.208096 0.651436 0.033633 0.055449
21 0.206484 0.745347 0.058008 0.080049
6 0.955161 0.248296 0.035537 0.035498
0 0.267969 0.145000 0.067285 0.037129
6 0.769126 0.208228 0.037119 0.033643
21 0.642681 0.940820 0.051045 0.078887
0 0.698496 0.248652 0.059551 0.034160
0 0.885845 0.867139 0.057900 0.035137
0 0.618604 0.650937 0.033887 0.055996
33 0.682217 0.571411 0.122363 0.072666
33 0.271929 0.396563 0.120537 0.074062
33 0.682686 0.396714 0.122383 0.073818
