4 0.421123 0.104312 0.060059 0.080936
34 0.512065 0.684380 0.094072 0.060214
34 0.416592 0.683298 0.093145 0.060214
34 0.530693 0.517170 0.086621 0.059143
34 0.420786 0.518782 0.094072 0.058061
34 0.332788 0.676313 0.027979 0.059143
34 0.190728 0.814487 0.108975 0.034408
34 0.073364 0.806421 0.094072 0.063439
34 0.053340 0.666099 0.093145 0.064510
34 0.192119 0.492446 0.104316 0.037632
34 0.075693 0.481685 0.089414 0.063439
34 0.331367 0.355344 0.028867 0.064510
34 0.232153 0.337069 0.096826 0.064532
34 0.053809 0.340829 0.097793 0.067745
34 0.686235 0.587604 0.051221 0.032255
34 0.671797 0.652661 0.089414 0.059143
34 0.671802 0.720400 0.087549 0.061297
34 0.866934 0.748895 0.056816 0.034408
34 0.073833 0.158033 0.087549 0.061297
34 0.190259 0.165564 0.108037 0.039786
34 0.416123 0.204808 0.086621 0.064521
34 0.531621 0.205344 0.088477 0.059143
34 0.672358 0.404267 0.084756 0.063439
34 0.687256 0.276849 0.056816 0.032255
34 0.667607 0.342982 0.092207 0.056990
34 0.864136 0.427926 0.060537 0.029042
34 0.864600 0.102120 0.055879 0.035490
34 0.671426 0.077926 0.092207 0.055919
34 0.670493 0.021223 0.088486 0.042446
34 0.511221 0.037604 0.092207 0.061297
34 0.416685 0.035451 0.091279 0.056990
34 0.330435 0.030896 0.028877 0.061793
34 0.237759 0.021223 0.096865 0.042446
34 0.054741 0.023906 0.097803 0.047813
35 0.189326 0.528467 0.089414 0.045163
35 0.187930 0.851043 0.092207 0.040868
35 0.961172 0.771477 0.077656 0.040857
35 0.961641 0.447818 0.076719 0.045152
35 0.960244 0.124701 0.079512 0.048388
35 0.186533 0.202120 0.098730 0.037632
4 0.419673 0.267260 0.044248 0.063901
3 0.534185 0.575344 0.043350 0.053168
0 0.076577 0.201917 0.040400 0.025321
4 0.421113 0.576105 0.045273 0.057508
4 0.419277 0.750231 0.058203 0.073495
3 0.601387 0.079132 0.050547 0.048095
3 0.516406 0.104448 0.064805 0.078478
3 0.601934 0.403816 0.049453 0.049369
3 0.515313 0.750028 0.058223 0.078478
1 0.612896 0.345981 0.020654 0.041206
1 0.613018 0.655333 0.022441 0.041804
3 0.600283 0.722813 0.041777 0.049369
0 0.077485 0.849803 0.045459 0.026911
0 0.078345 0.524250 0.043662 0.027621
3 0.532305 0.265840 0.050547 0.062029
3 0.519692 0.425338 0.062607 0.074690
4 0.422046 0.429673 0.058213 0.077745
33 0.053086 0.085710 0.043477 0.072165
33 0.238457 0.083021 0.041543 0.075738
33 0.051729 0.410417 0.046973 0.072604
33 0.237681 0.407723 0.045420 0.073506
33 0.051572 0.733298 0.044707 0.070970
33 0.236924 0.730079 0.042852 0.079572
1 0.613364 0.015761 0.023408 0.031522
