32 0.411304 0.087090 0.044443 0.049121
34 0.413774 0.581533 0.184717 0.136484
34 0.751738 0.037178 0.302949 0.056465
34 0.031616 0.477432 0.050947 0.028867
33 0.191343 0.531670 0.035713 0.037871
33 0.100933 0.847349 0.037275 0.059346
34 0.092124 0.456484 0.103818 0.054590
34 0.605942 0.444604 0.045752 0.028701
35 0.165786 0.676558 0.076104 0.035166
34 0.076323 0.262319 0.152646 0.049463
34 0.116108 0.185444 0.232217 0.048389
34 0.699956 0.209097 0.217197 0.076338
34 0.758560 0.105337 0.287100 0.049463
34 0.159990 0.566445 0.053984 0.027148
34 0.092275 0.717871 0.100605 0.052715
34 0.179160 0.644204 0.093926 0.029404
34 0.040791 0.859375 0.056504 0.031094
34 0.791733 0.340498 0.215420 0.055488
34 0.508926 0.228696 0.049570 0.031865
34 0.079194 0.920337 0.103193 0.052764
34 0.166113 0.982139 0.096328 0.035352
34 0.870435 0.422461 0.105518 0.052832
34 0.899146 0.202241 0.106670 0.053428
34 0.188296 0.486333 0.092490 0.053662
34 0.071602 0.542021 0.104219 0.052402
0 0.018174 0.919482 0.020000 0.030469
0 0.076108 0.676724 0.029443 0.020283
1 0.072046 0.585420 0.051221 0.034473
34 0.631875 0.352798 0.043809 0.031865
34 0.070083 0.976606 0.097842 0.046768
34 0.099209 0.790190 0.095059 0.053350
34 0.084131 0.640640 0.096523 0.050342
34 0.961665 0.324341 0.076553 0.053662
0 0.870420 0.464297 0.048320 0.031152
0 0.903330 0.246514 0.049336 0.033770
21 0.031475 0.751748 0.029062 0.031348
0 0.032983 0.715762 0.019502 0.030215
0 0.978062 0.368369 0.043877 0.033867
0 0.094229 0.495884 0.030078 0.021240
34 0.188667 0.276304 0.056982 0.034404
34 0.975249 0.422539 0.049502 0.066660
34 0.730601 0.435439 0.188174 0.053770
34 0.117163 0.346733 0.232256 0.050537
