34 0.495591 0.662686 0.087471 0.057617
34 0.570562 0.508916 0.091631 0.065254
34 0.261304 0.424922 0.129814 0.061094
34 0.266157 0.331899 0.127041 0.058311
34 0.563970 0.244775 0.097881 0.053457
34 0.264077 0.250332 0.129814 0.063164
34 0.033638 0.245127 0.067275 0.052754
34 0.904009 0.086563 0.124971 0.054453
33 0.761836 0.519360 0.058066 0.247314
33 0.488179 0.527427 0.059131 0.106455
34 0.069702 0.491221 0.089561 0.057617
34 0.951709 0.461831 0.096582 0.054229
33 0.562910 0.167212 0.070977 0.082803
33 0.153232 0.425815 0.062363 0.066670
33 0.151079 0.336025 0.068818 0.059141
33 0.146245 0.249468 0.067744 0.070967
34 0.942856 0.025088 0.114287 0.050176
34 0.901172 0.526143 0.124590 0.058262
34 0.867339 0.609951 0.128623 0.056465
17 0.135078 0.061523 0.077695 0.078906
34 0.133447 0.009336 0.143867 0.018672
34 0.404150 0.008438 0.159102 0.016875
34 0.128779 0.766953 0.108984 0.050684
3 0.126929 0.831489 0.071240 0.068076
13 0.571777 0.648291 0.060547 0.085645
33 0.022852 0.168828 0.045703 0.079570
33 0.865059 0.440869 0.058066 0.094629
0 0.590303 0.948701 0.036133 0.057109
21 0.567563 0.785591 0.064307 0.071396
34 0.030898 0.829429 0.059004 0.034014
34 0.348145 0.830469 0.050684 0.029160
34 0.558833 0.881846 0.040264 0.033320
33 0.796768 0.479575 0.059160 0.169893
17 0.404248 0.061865 0.077441 0.079590
34 0.656021 0.950220 0.093018 0.059014
