0 0.141943 0.476436 0.030352 0.054336
0 0.303511 0.810332 0.052354 0.027207
0 0.142554 0.228535 0.051201 0.029219
34 0.142935 0.189517 0.082979 0.048799
34 0.086343 0.478140 0.078486 0.051006
34 0.462769 0.765859 0.120654 0.050234
34 0.301943 0.772715 0.082129 0.049355
35 0.455474 0.810005 0.097373 0.041924
34 0.184795 0.516514 0.034863 0.027441
34 0.010806 0.650293 0.021611 0.027461
34 0.584873 0.965615 0.115977 0.044668
34 0.364556 0.794258 0.037842 0.027090
34 0.005820 0.327593 0.011641 0.024463
34 0.203472 0.987432 0.030479 0.025078
