0 0.949731 0.393960 0.021553 0.036182
0 0.713789 0.454487 0.021895 0.037764
6 0.715161 0.355933 0.021943 0.017549
6 0.951108 0.356665 0.018037 0.018037
1 0.294927 0.642061 0.033916 0.059648
21 0.167461 0.931851 0.097109 0.136299
3 0.719399 0.833140 0.075615 0.073350
3 0.789946 0.483364 0.072256 0.073799
3 0.700488 0.132812 0.073477 0.071641
0 0.713711 0.393696 0.021055 0.036240
0 0.625400 0.091104 0.022441 0.038789
21 0.556553 0.313960 0.031094 0.040693
35 0.409229 0.151646 0.088848 0.039111
34 0.812334 0.829297 0.063398 0.031191
34 0.407417 0.107349 0.106260 0.051201
33 0.129512 0.689604 0.042871 0.046025
33 0.798169 0.116509 0.042139 0.060361
34 0.716387 0.768306 0.095195 0.056299
34 0.495952 0.985303 0.091748 0.029238
33 0.415908 0.944746 0.063789 0.044551
34 0.200435 0.466123 0.057471 0.033027
34 0.865615 0.198784 0.120547 0.050420
34 0.510996 0.130342 0.057852 0.027715
34 0.494541 0.937769 0.089746 0.055127
34 0.787910 0.421279 0.093516 0.053242
34 0.699536 0.071699 0.092803 0.049785
34 0.976157 0.305957 0.047686 0.052969
34 0.149341 0.020063 0.142568 0.040127
34 0.966108 0.203193 0.067783 0.054141
34 0.147534 0.545454 0.088721 0.050967
34 0.570054 0.030996 0.094365 0.053320
33 0.900610 0.116152 0.043115 0.061270
34 0.500840 0.199126 0.090684 0.052119
34 0.894209 0.061260 0.092012 0.051055
34 0.939722 0.793584 0.120557 0.080918
34 0.567222 0.088638 0.091924 0.053584
34 0.972607 0.061934 0.054590 0.052637
34 0.196270 0.690386 0.087344 0.054736
34 0.891538 0.451929 0.092490 0.052119
34 0.893140 0.392593 0.092568 0.052588
35 0.951636 0.851162 0.089814 0.039961
34 0.182544 0.086372 0.092158 0.052822
35 0.871924 0.242231 0.096836 0.043154
34 0.656523 0.451265 0.092402 0.051123
34 0.168540 0.793086 0.164111 0.130039
34 0.498892 0.258032 0.093564 0.052373
34 0.182246 0.147642 0.093633 0.052295
33 0.085264 0.290615 0.057129 0.043867
33 0.085503 0.227012 0.057686 0.044590
34 0.541670 0.801157 0.094785 0.054229
34 0.797275 0.060479 0.092012 0.052559
34 0.657666 0.392446 0.091172 0.051689
33 0.261064 0.084419 0.057930 0.045654
34 0.162017 0.288755 0.091123 0.054619
34 0.162622 0.228022 0.090967 0.052920
33 0.260981 0.147334 0.058408 0.043691
1 0.050483 0.644985 0.040928 0.060811
5 0.537686 0.850327 0.041621 0.050869
0 0.983540 0.241865 0.032920 0.023184
0 0.556963 0.261162 0.021465 0.038008
0 0.949556 0.454751 0.021904 0.037686
0 0.205332 0.546938 0.022656 0.038447
6 0.205679 0.508833 0.019209 0.015107
0 0.625957 0.031343 0.022207 0.038232
0 0.557061 0.200425 0.021543 0.036592
