34 0.539634 0.985293 0.062959 0.028867
34 0.185562 0.984976 0.072021 0.029619
34 0.823774 0.254585 0.099404 0.063311
34 0.130186 0.629551 0.080059 0.036445
34 0.574502 0.868540 0.106426 0.062959
35 0.286167 0.649551 0.104131 0.045488
34 0.613608 0.724053 0.105342 0.067148
34 0.284126 0.574692 0.176416 0.100908
34 0.453135 0.290317 0.224590 0.067607
34 0.597666 0.336509 0.076836 0.029307
35 0.467764 0.352070 0.106934 0.047676
6 0.690869 0.481064 0.034531 0.038965
3 0.822954 0.331572 0.084971 0.084883
6 0.691289 0.515225 0.037227 0.040508
5 0.690835 0.722764 0.042100 0.036250
3 0.675835 0.867290 0.095615 0.085264
