34 0.210859 0.547197 0.028027 0.046895
34 0.025649 0.501426 0.051201 0.025430
11 0.660986 0.680254 0.073379 0.071777
35 0.974170 0.012280 0.051406 0.024561
34 0.868516 0.991895 0.046309 0.016211
1 0.339634 0.487363 0.028721 0.049980
11 0.971890 0.680728 0.056221 0.071416
6 0.660771 0.620093 0.012930 0.011514
0 0.601597 0.960913 0.027158 0.046084
34 0.437534 0.523691 0.028330 0.046582
34 0.817031 0.269043 0.043066 0.024160
0 0.286646 0.961948 0.026689 0.046826
0 0.869233 0.339297 0.027842 0.048848
6 0.869360 0.186514 0.013213 0.013906
0 0.228296 0.339438 0.028174 0.048213
34 0.646484 0.551133 0.027305 0.054980
0 0.907622 0.961030 0.028115 0.048740
34 0.659951 0.869873 0.043242 0.025059
34 0.927886 0.371855 0.044873 0.026836
0 0.549629 0.339165 0.027773 0.048662
34 0.609189 0.371235 0.043145 0.025557
1 0.388540 0.962241 0.027627 0.048564
0 0.227031 0.488877 0.027852 0.048574
34 0.185371 0.268257 0.044336 0.025771
34 0.287954 0.371636 0.044619 0.026689
0 0.868804 0.489033 0.027490 0.048770
34 0.179878 0.488730 0.067275 0.046230
34 0.569194 0.667026 0.083604 0.077393
34 0.114927 0.528032 0.027646 0.045986
34 0.336943 0.870117 0.044043 0.027637
11 0.110063 0.028457 0.070146 0.056367
0 0.227617 0.229268 0.026816 0.047871
34 0.818657 0.488125 0.069834 0.047246
34 0.927231 0.487710 0.071338 0.048213
34 0.725708 0.399126 0.072432 0.046436
11 0.579585 0.027681 0.068174 0.054697
34 0.552065 0.959331 0.074756 0.046064
34 0.533496 0.543438 0.026523 0.044629
34 0.607139 0.488315 0.069980 0.046416
1 0.700439 0.960688 0.027988 0.049268
34 0.968726 0.870083 0.044873 0.026787
34 0.288906 0.486855 0.068770 0.047617
34 0.177769 0.228984 0.070029 0.045508
34 0.888164 0.664829 0.083145 0.077002
0 0.869102 0.229341 0.027617 0.048584
34 0.961924 0.961675 0.074961 0.051650
34 0.498882 0.488384 0.069561 0.046338
34 0.819888 0.228926 0.070850 0.045859
6 0.227686 0.186348 0.013125 0.013594
0 0.549536 0.229419 0.027373 0.047764
0 0.549019 0.488779 0.027490 0.048516
34 0.506362 0.269087 0.044307 0.023818
34 0.179854 0.339336 0.068457 0.046582
34 0.819888 0.339390 0.070225 0.046709
6 0.549219 0.186660 0.014629 0.014043
34 0.405645 0.399448 0.071250 0.046553
34 0.651616 0.959956 0.073584 0.046787
34 0.965737 0.546182 0.027139 0.054844
34 0.084209 0.399194 0.072168 0.047178
34 0.236343 0.961514 0.076162 0.048008
34 0.500200 0.228833 0.070049 0.045693
34 0.190156 0.027256 0.082031 0.054336
34 0.337808 0.961938 0.075830 0.049873
34 0.758545 0.522310 0.026250 0.045889
0 0.009541 0.333960 0.019043 0.051025
1 0.980767 0.487251 0.028018 0.049404
34 0.662739 0.151982 0.029541 0.058926
34 0.660596 0.027187 0.082656 0.054063
34 0.247388 0.664829 0.084482 0.077393
34 0.535117 0.091953 0.057422 0.028242
34 0.856914 0.959204 0.072500 0.046318
0 0.009590 0.198057 0.019121 0.051602
6 0.981396 0.620610 0.010762 0.012627
34 0.500249 0.339829 0.068740 0.047393
34 0.347290 0.151655 0.029033 0.058779
1 0.660952 0.487808 0.028291 0.049717
34 0.323511 0.551270 0.027764 0.055117
34 0.853037 0.551216 0.027832 0.045732
11 0.337642 0.679038 0.061299 0.076338
0 0.134194 0.400234 0.031787 0.053398
0 0.775186 0.400293 0.030078 0.052129
0 0.455698 0.399590 0.030303 0.052129
21 0.013711 0.467212 0.027422 0.048389
