6 0.651606 0.252783 0.026104 0.026113
34 0.786479 0.130093 0.102627 0.064150
34 0.841133 0.301406 0.101953 0.063340
34 0.869531 0.592046 0.107246 0.098896
34 0.959941 0.507451 0.079922 0.098262
34 0.959243 0.031260 0.081494 0.062344
34 0.957246 0.303608 0.085313 0.064521
33 0.566089 0.946426 0.058877 0.082891
22 0.761118 0.933838 0.082510 0.082500
22 0.661958 0.929771 0.081729 0.077471
6 0.720835 0.861016 0.020537 0.013555
6 0.701855 0.859468 0.016660 0.014326
6 0.711343 0.848813 0.017822 0.017041
0 0.775234 0.302734 0.027051 0.051074
34 0.979883 0.133604 0.040234 0.064551
34 0.693140 0.656626 0.028350 0.048955
34 0.596431 0.502515 0.104346 0.096143
21 0.774644 0.379380 0.041455 0.053018
34 0.827388 0.031167 0.104326 0.062178
3 0.601567 0.035996 0.086592 0.071992
34 0.543203 0.132827 0.102285 0.065322
3 0.693208 0.502368 0.086709 0.084307
34 0.583057 0.312119 0.104512 0.097090
34 0.502598 0.030415 0.107031 0.060654
34 0.634111 0.763213 0.105801 0.093906
0 0.712046 0.761968 0.042686 0.079932
34 0.501689 0.862285 0.104785 0.096758
34 0.860942 0.911450 0.138291 0.160967
0 0.651597 0.313613 0.025537 0.046602
3 0.729243 0.035972 0.087979 0.071846
1 0.620044 0.133618 0.041787 0.080850
1 0.711328 0.133921 0.041504 0.080146
34 0.982520 0.957583 0.034961 0.068330
33 0.765962 0.591787 0.099346 0.063027
34 0.987441 0.780527 0.025117 0.072656
