34 0.736616 0.681284 0.067998 0.049189
33 0.266001 0.961899 0.045791 0.042432
34 0.133906 0.391318 0.065078 0.048047
33 0.269429 0.352275 0.046143 0.042695
33 0.876240 0.885752 0.039434 0.039219
34 0.832993 0.926885 0.065166 0.047422
34 0.511777 0.766074 0.066348 0.047227
34 0.726104 0.911162 0.067832 0.048164
34 0.041489 0.339453 0.038486 0.026523
34 0.521562 0.851128 0.065547 0.047529
34 0.194199 0.715972 0.039863 0.025420
34 0.692104 0.764370 0.064209 0.048076
34 0.133096 0.417554 0.067539 0.099873
34 0.912310 0.787246 0.036689 0.023750
34 0.194238 0.612036 0.040586 0.026982
34 0.275049 0.411836 0.067676 0.047539
34 0.041582 0.439717 0.067012 0.047031
34 0.410908 0.421157 0.070059 0.098408
34 0.511304 0.926328 0.065889 0.046973
34 0.619917 0.750283 0.065830 0.047734
34 0.857373 0.678760 0.066582 0.048867
34 0.578291 0.990176 0.063535 0.019648
34 0.105728 0.107031 0.040439 0.023906
34 0.953223 0.926499 0.064922 0.049834
34 0.446123 0.918599 0.022969 0.044971
34 0.982734 0.840815 0.034453 0.049580
34 0.266475 0.302466 0.141250 0.053115
34 0.878511 0.842471 0.066729 0.046367
34 0.814854 0.766191 0.063789 0.048359
34 0.259824 0.915000 0.142852 0.050840
34 0.363066 0.513096 0.067148 0.048398
34 0.408535 0.989766 0.066387 0.020430
34 0.125122 0.989004 0.065400 0.021914
21 0.407178 0.555093 0.034805 0.045244
0 0.364570 0.413452 0.019219 0.035322
0 0.570039 0.846274 0.019785 0.036455
0 0.176377 0.413452 0.019492 0.035986
0 0.876016 0.925728 0.020898 0.036045
2 0.039429 0.477368 0.064971 0.042920
0 0.736147 0.765249 0.019248 0.034326
0 0.993794 0.926138 0.012412 0.034658
0 0.406123 0.511128 0.019473 0.035811
15 0.622344 0.803716 0.055547 0.056670
15 0.726992 0.964907 0.056055 0.056807
15 0.274585 0.478945 0.079014 0.080898
6 0.367153 0.122954 0.022041 0.030166
2 0.510898 0.963823 0.060918 0.032881
2 0.511587 0.804507 0.060322 0.033643
21 0.572495 0.891519 0.033643 0.042920
0 0.857690 0.765127 0.019307 0.034629
34 0.929580 0.580649 0.040859 0.268818
33 0.735488 0.727964 0.044082 0.038701
33 0.988989 0.887319 0.022021 0.044072
33 0.858569 0.725400 0.038877 0.040977
