35 0.306719 0.454702 0.103438 0.046631
34 0.635742 0.186563 0.175586 0.098535
34 0.318223 0.382666 0.173848 0.100840
34 0.557114 0.546240 0.104561 0.063867
35 0.978628 0.820015 0.042744 0.106943
34 0.899990 0.432144 0.105625 0.063408
34 0.862412 0.680581 0.104648 0.064463
34 0.861953 0.561646 0.104707 0.064971
34 0.135151 0.591729 0.104639 0.061055
35 0.642656 0.256523 0.105449 0.043457
34 0.349902 0.590781 0.105098 0.062227
34 0.851279 0.205820 0.102578 0.062578
4 0.959839 0.561313 0.080322 0.082998
1 0.980698 0.436260 0.038604 0.080840
4 0.557847 0.622690 0.084951 0.083818
1 0.853062 0.256885 0.079639 0.043750
3 0.959893 0.677300 0.080215 0.087979
0 0.135840 0.643267 0.078027 0.043037
5 0.351909 0.642192 0.037393 0.037275
34 0.942515 0.927090 0.114658 0.099180
