34 0.012012 0.852100 0.023887 0.047812
0 0.446074 0.459707 0.022012 0.037734
15 0.502002 0.886606 0.062246 0.065615
0 0.214209 0.569028 0.020527 0.034756
22 0.067852 0.489546 0.073086 0.081201
0 0.311572 0.459448 0.021641 0.038350
2 0.569014 0.491870 0.061484 0.039443
2 0.143838 0.886294 0.060332 0.039443
0 0.994331 0.898345 0.011338 0.037822
0 0.755703 0.389487 0.023555 0.038682
0 0.423359 0.794233 0.022656 0.037100
0 0.579961 0.793931 0.022070 0.036475
0 0.132358 0.396094 0.021592 0.036094
15 0.833652 0.494888 0.079824 0.080576
21 0.215752 0.613096 0.032676 0.037324
0 0.006826 0.396499 0.013652 0.037607
0 0.038071 0.852354 0.022334 0.036582
0 0.911821 0.389209 0.022080 0.038008
33 0.032803 0.811294 0.043008 0.052686
33 0.066675 0.369360 0.063447 0.048389
33 0.313447 0.411836 0.053770 0.045156
33 0.837100 0.318823 0.081719 0.041943
33 0.500542 0.743018 0.090322 0.043008
34 0.645186 0.815972 0.100391 0.049600
34 0.642803 0.765435 0.091660 0.048838
33 0.446680 0.416763 0.041113 0.046670
34 0.962627 0.386792 0.074746 0.101084
34 0.495093 0.698340 0.210186 0.054473
34 0.824604 0.273311 0.210029 0.056387
34 0.691719 0.393164 0.098496 0.101230
34 0.204756 0.524282 0.026309 0.050908
34 0.252617 0.458970 0.088496 0.048174
34 0.065244 0.557524 0.114824 0.061416
34 0.276001 0.868892 0.049717 0.027217
34 0.357603 0.798076 0.098818 0.102598
34 0.273345 0.569697 0.097334 0.051504
34 0.043276 0.762534 0.086553 0.050205
34 0.446021 0.369390 0.100771 0.050967
34 0.143491 0.846270 0.100635 0.049570
34 0.835234 0.431777 0.100156 0.049336
34 0.184995 0.396255 0.079697 0.050186
34 0.066494 0.322178 0.100410 0.050410
34 0.311191 0.368906 0.100586 0.050645
34 0.387651 0.459165 0.088096 0.048857
34 0.502900 0.822539 0.100234 0.050879
34 0.568535 0.453291 0.099922 0.049238
