34 0.077788 0.616826 0.113467 0.056074
34 0.122129 0.710967 0.111055 0.055605
34 0.123755 0.785884 0.111611 0.055322
34 0.567988 0.829551 0.109160 0.056074
0 0.945562 0.515142 0.040166 0.062705
32 0.411304 0.944404 0.046787 0.049121
33 0.500498 0.838130 0.037637 0.056982
34 0.384902 0.235981 0.320430 0.050537
33 0.803555 0.093970 0.051816 0.037979
34 0.924697 0.330957 0.034570 0.049844
34 0.045059 0.459868 0.033379 0.048838
33 0.803955 0.032808 0.051836 0.037920
33 0.803149 0.149414 0.050088 0.037285
34 0.882847 0.154512 0.100811 0.053809
34 0.122373 0.862466 0.112949 0.055576
34 0.882246 0.036890 0.098496 0.052881
34 0.869805 0.516104 0.110469 0.057441
34 0.883247 0.094438 0.100381 0.052354
34 0.752788 0.878018 0.303936 0.056465
34 0.680361 0.111553 0.031016 0.047051
33 0.033018 0.860308 0.060195 0.039854
34 0.384907 0.186196 0.046201 0.026338
34 0.755376 0.472896 0.036045 0.049697
33 0.033135 0.709136 0.059473 0.039834
34 0.383721 0.150313 0.049492 0.030996
34 0.343916 0.501992 0.172891 0.131348
33 0.032959 0.783081 0.059688 0.039209
