34 0.470151 0.022842 0.057783 0.026992
17 0.346777 0.022583 0.079570 0.045166
17 0.604844 0.025273 0.081719 0.050547
13 0.523125 0.889790 0.045156 0.052686
34 0.420112 0.486743 0.097705 0.028838
13 0.359507 0.888462 0.035146 0.049248
21 0.984204 0.282188 0.031514 0.046055
13 0.193896 0.887749 0.037754 0.050342
34 0.968276 0.316079 0.063447 0.030166
35 0.066230 0.339790 0.037305 0.077783
34 0.620537 0.691294 0.043828 0.024717
34 0.599956 0.615176 0.044150 0.025684
34 0.019580 0.653608 0.039102 0.025752
34 0.019829 0.483154 0.039639 0.028223
35 0.600068 0.347524 0.036660 0.079639
34 0.618750 0.412202 0.151543 0.049268
0 0.600845 0.232261 0.026221 0.047549
34 0.472905 0.251948 0.044482 0.026006
34 0.118975 0.158101 0.045313 0.025830
34 0.642676 0.577310 0.044375 0.027529
34 0.158730 0.345498 0.026699 0.043906
1 0.435190 0.773047 0.028408 0.049746
0 0.066992 0.136777 0.027090 0.048398
21 0.420366 0.450342 0.042236 0.046074
34 0.924219 0.745049 0.042852 0.026621
0 0.421309 0.184121 0.026582 0.048437
34 0.513862 0.420068 0.026865 0.046035
34 0.383418 0.770669 0.076602 0.050732
11 0.879390 0.028535 0.090869 0.056543
34 0.404473 0.104360 0.028652 0.046846
34 0.476846 0.335205 0.074609 0.048750
34 0.827139 0.309746 0.027813 0.046563
34 0.092490 0.859595 0.026387 0.045986
34 0.661147 0.163135 0.045029 0.027129
0 0.600879 0.144858 0.028301 0.048701
0 0.987192 0.202407 0.025518 0.046299
34 0.072856 0.405386 0.145713 0.052725
34 0.935537 0.679453 0.074609 0.049258
0 0.986860 0.117324 0.026279 0.048457
34 0.217109 0.773765 0.078086 0.051299
34 0.057964 0.773838 0.076396 0.051055
34 0.549556 0.233530 0.076885 0.048291
34 0.188843 0.841108 0.077080 0.049268
34 0.790581 0.226450 0.074990 0.049346
34 0.364150 0.334912 0.076426 0.049648
34 0.936011 0.113857 0.077236 0.049883
34 0.362065 0.839824 0.077256 0.048418
34 0.123960 0.258838 0.076123 0.049980
13 0.033057 0.888491 0.036406 0.050244
34 0.215376 0.981890 0.078682 0.036182
34 0.026743 0.225142 0.053408 0.049209
34 0.365093 0.181787 0.074619 0.051055
0 0.067241 0.225054 0.026436 0.047959
34 0.935850 0.201860 0.077090 0.048721
34 0.518491 0.837393 0.076982 0.048125
34 0.545342 0.145093 0.077539 0.048115
34 0.034141 0.839780 0.068242 0.048467
34 0.419595 0.859028 0.027236 0.046201
0 0.421118 0.336235 0.026123 0.046455
34 0.585781 0.082959 0.027051 0.044063
34 0.053838 0.981724 0.078125 0.036299
34 0.657988 0.262715 0.076445 0.048437
1 0.108271 0.773071 0.027676 0.049072
34 0.049482 0.075640 0.028066 0.045342
34 0.965132 0.027285 0.069639 0.053652
34 0.027417 0.137573 0.054795 0.049521
34 0.694238 0.362349 0.026816 0.043623
34 0.988569 0.842646 0.022744 0.049902
34 0.254697 0.858853 0.028047 0.045928
1 0.271094 0.773091 0.028652 0.050088
0 0.175527 0.258203 0.031367 0.052402
0 0.534014 0.336016 0.031543 0.052773
0 0.844038 0.228594 0.029443 0.051172
0 0.987168 0.680801 0.025664 0.047363
0 0.711689 0.266206 0.033496 0.055439
34 0.380586 0.981714 0.076094 0.036396
17 0.070439 0.019360 0.081719 0.038721
