34 0.041919 0.183856 0.083838 0.079865
21 0.501948 0.666770 0.032939 0.054081
0 0.136699 0.043844 0.017617 0.042548
3 0.673569 0.274070 0.037764 0.060767
21 0.661260 0.410772 0.039629 0.057396
0 0.192808 0.043377 0.019248 0.040372
0 0.301499 0.096573 0.020869 0.044758
0 0.551060 0.371246 0.034814 0.021725
0 0.612524 0.372153 0.036064 0.020631
0 0.916270 0.544673 0.017559 0.041274
0 0.917524 0.597897 0.020693 0.039109
0 0.991123 0.043179 0.017754 0.046832
1 0.822710 0.290654 0.040576 0.025321
0 0.500889 0.602683 0.021934 0.044307
3 0.728086 0.455090 0.044961 0.058230
0 0.499243 0.546359 0.018643 0.045569
33 0.509736 0.060722 0.078242 0.055919
4 0.832563 0.453630 0.043447 0.057520
34 0.163345 0.272531 0.115889 0.079853
34 0.236338 0.039961 0.067832 0.053405
34 0.179292 0.108151 0.025596 0.043563
34 0.287769 0.164667 0.025146 0.040451
34 0.301021 0.327497 0.105557 0.078828
34 0.407700 0.146003 0.102412 0.029030
34 0.346382 0.097001 0.066924 0.049267
34 0.579282 0.063292 0.063779 0.050304
34 0.582427 0.012069 0.046709 0.024138
34 0.672036 0.220936 0.063330 0.047193
34 0.551206 0.335795 0.062432 0.046674
34 0.499551 0.329572 0.026504 0.039414
34 0.451270 0.388687 0.023359 0.052886
34 0.488999 0.496026 0.022451 0.040440
34 0.459800 0.547880 0.062881 0.047711
34 0.459575 0.602328 0.063330 0.053923
34 0.731328 0.399572 0.065137 0.051860
34 0.831943 0.401646 0.063340 0.045637
34 0.747275 0.269932 0.049414 0.031116
34 0.822061 0.252306 0.064238 0.046663
34 0.989077 0.321015 0.021846 0.044081
34 0.903135 0.497063 0.026953 0.043551
34 0.874165 0.543991 0.061533 0.048230
34 0.873491 0.598957 0.058389 0.050293
34 0.946401 0.043089 0.067158 0.052875
34 0.124717 0.109188 0.021562 0.043563
34 0.094624 0.042035 0.065576 0.049256
35 0.410073 0.081691 0.033525 0.100000
35 0.300635 0.247818 0.036328 0.086032
35 0.190728 0.194059 0.034463 0.079572
35 0.137168 0.193517 0.035391 0.084938
35 0.032012 0.102120 0.040977 0.080654
21 0.842368 0.075276 0.033838 0.051928
21 0.916899 0.650349 0.030908 0.050259
