34 0.363066 0.104722 0.040293 0.068525
35 0.594922 0.805933 0.141582 0.059053
34 0.361455 0.385615 0.041816 0.065430
35 0.598213 0.872109 0.142695 0.059336
34 0.370156 0.972803 0.039492 0.054395
34 0.364463 0.675146 0.041387 0.067305
34 0.782188 0.839795 0.225762 0.089824
34 0.566865 0.363623 0.068086 0.041523
34 0.878672 0.284346 0.136445 0.076836
34 0.294800 0.565537 0.134482 0.077402
34 0.714141 0.309727 0.136836 0.077773
34 0.186841 0.753345 0.250771 0.126357
34 0.301743 0.205903 0.134365 0.077295
5 0.706543 0.388916 0.067656 0.081992
0 0.391772 0.567173 0.042686 0.079014
6 0.444243 0.387285 0.032744 0.033301
6 0.392197 0.439624 0.033535 0.031787
6 0.392109 0.334790 0.032227 0.029150
6 0.953374 0.387568 0.030771 0.030684
17 0.393691 0.841670 0.123691 0.126016
0 0.391943 0.208569 0.042480 0.079971
