0 0.901357 0.958589 0.055156 0.031689
34 0.050811 0.684951 0.101621 0.043008
34 0.908335 0.537642 0.183330 0.107529
34 0.238716 0.635488 0.110752 0.043008
34 0.221826 0.401079 0.035215 0.075381
34 0.740869 0.671440 0.102363 0.086318
34 0.222637 0.031938 0.037500 0.063760
34 0.870840 0.668843 0.102266 0.084756
34 0.212227 0.167490 0.035391 0.074336
34 0.970820 0.668677 0.058340 0.084912
1 0.775820 0.958257 0.053672 0.030947
1 0.931519 0.914307 0.054639 0.034336
11 0.867026 0.771924 0.099873 0.096621
11 0.741616 0.771436 0.100771 0.097539
11 0.971582 0.771650 0.056816 0.098379
0 0.806982 0.915518 0.054531 0.032070
34 0.042744 0.603770 0.085488 0.044082
