34 0.759580 0.435303 0.109902 0.054824
34 0.231431 0.565835 0.074443 0.045693
35 0.150742 0.304053 0.047930 0.104238
35 0.616846 0.853774 0.036953 0.087197
34 0.615288 0.918677 0.063525 0.045029
34 0.724292 0.861436 0.026748 0.049590
34 0.231353 0.648232 0.073252 0.046602
34 0.018521 0.570981 0.036924 0.044678
34 0.020762 0.649863 0.041504 0.046719
35 0.082607 0.304258 0.048359 0.103223
34 0.198257 0.751758 0.119268 0.036816
9 0.070435 0.650903 0.059639 0.054971
9 0.163779 0.650386 0.056523 0.056006
8 0.165073 0.573120 0.057041 0.057041
8 0.069399 0.571304 0.060674 0.053408
6 0.483672 0.758687 0.021777 0.016650
6 0.484966 0.711001 0.017119 0.014521
5 0.735947 0.929805 0.036816 0.028984
34 0.695498 0.928770 0.038887 0.027949
6 0.622217 0.379346 0.018203 0.023242
6 0.623184 0.346807 0.017051 0.020918
6 0.548428 0.354170 0.020918 0.018594
6 0.624346 0.315630 0.017813 0.022080
6 0.623960 0.281733 0.017041 0.020146
6 0.624927 0.249971 0.019756 0.020918
6 0.548813 0.223823 0.022471 0.019756
6 0.625117 0.217241 0.018594 0.018975
6 0.623569 0.183540 0.019365 0.026729
6 0.623184 0.149653 0.025566 0.024014
6 0.547969 0.178423 0.025977 0.026182
6 0.549370 0.310947 0.023486 0.026777
34 0.118945 0.234678 0.103984 0.031230
