34 0.653647 0.375859 0.114248 0.054258
33 0.637275 0.795737 0.098281 0.060869
34 0.902334 0.442261 0.088613 0.045830
34 0.735293 0.445503 0.087832 0.044170
0 0.561973 0.947246 0.022051 0.039922
34 0.903569 0.795981 0.089502 0.044717
34 0.222891 0.618315 0.036836 0.082881
34 0.221616 0.852690 0.036436 0.078076
34 0.086016 0.348457 0.028848 0.042090
33 0.974712 0.442822 0.050400 0.059609
33 0.216133 0.124199 0.119355 0.044082
33 0.975195 0.795391 0.049609 0.061777
34 0.983081 0.948604 0.033643 0.049395
33 0.486431 0.795610 0.098623 0.061045
34 0.029316 0.193306 0.058633 0.054932
34 0.499575 0.948975 0.087334 0.047773
34 0.255181 0.082017 0.090791 0.046357
33 0.484604 0.442769 0.097197 0.060264
34 0.736406 0.797744 0.088613 0.043574
34 0.388091 0.442544 0.087275 0.044346
33 0.635244 0.442231 0.097852 0.058994
34 0.653745 0.728008 0.113721 0.052637
34 0.389561 0.796167 0.086758 0.042803
