34 0.197837 0.800215 0.041455 0.027754
34 0.720918 0.543555 0.092578 0.059141
34 0.720923 0.841943 0.094736 0.060215
34 0.081440 0.183516 0.039072 0.025391
34 0.709907 0.793711 0.025361 0.026211
34 0.707817 0.496270 0.027002 0.024023
34 0.825869 0.362212 0.135996 0.069209
33 0.719346 0.150977 0.044805 0.058750
34 0.480400 0.432832 0.030430 0.026348
34 0.831406 0.230342 0.039570 0.026016
34 0.405249 0.317563 0.136670 0.072393
34 0.070635 0.319751 0.135156 0.070439
34 0.052065 0.804604 0.104131 0.069541
34 0.882563 0.819048 0.135693 0.071123
33 0.977842 0.978584 0.043770 0.042402
33 0.302944 0.135674 0.080928 0.047754
34 0.341777 0.809331 0.131387 0.070596
34 0.622300 0.984888 0.123506 0.030225
34 0.031138 0.022783 0.062275 0.045566
33 0.136782 0.955884 0.079268 0.047822
34 0.531704 0.664995 0.030342 0.052295
34 0.336831 0.022344 0.115342 0.044687
34 0.791367 0.129526 0.112227 0.064072
34 0.752690 0.055547 0.113486 0.062930
34 0.899570 0.190430 0.109160 0.061250
34 0.399512 0.128843 0.112969 0.063057
34 0.960034 0.926494 0.079639 0.061719
34 0.577910 0.179541 0.112754 0.063164
34 0.049312 0.134883 0.098623 0.062891
34 0.045708 0.960684 0.091416 0.064082
34 0.160903 0.141816 0.111279 0.061582
21 0.229229 0.203047 0.035918 0.037930
3 0.659434 0.057715 0.072832 0.073535
0 0.963691 0.192222 0.020703 0.036357
0 0.229561 0.145396 0.020918 0.036846
0 0.646748 0.191436 0.020957 0.034687
3 0.241714 0.022983 0.074678 0.045967
21 0.646978 0.249673 0.035205 0.040889
6 0.217251 0.849424 0.017568 0.016113
21 0.963301 0.250259 0.035020 0.038682
6 0.505444 0.469053 0.018740 0.016660
6 0.391089 0.217803 0.016650 0.014570
6 0.779448 0.942534 0.019482 0.017979
3 0.967290 0.056875 0.065420 0.070840
6 0.807227 0.262974 0.017285 0.018955
6 0.681724 0.533735 0.017451 0.016533
6 0.058760 0.216763 0.018320 0.014990
6 0.681309 0.832319 0.016465 0.016729
