6 0.664226 0.708584 0.039529 0.036152
34 0.256077 0.442896 0.144512 0.054678
25 0.151052 0.616035 0.302104 0.202793
34 0.154108 0.617280 0.248788 0.043545
34 0.453148 0.011719 0.113569 0.023223
34 0.244234 0.050313 0.068434 0.030313
34 0.640455 0.492729 0.047037 0.043936
33 0.136229 0.922739 0.092391 0.042803
33 0.137854 0.852402 0.092845 0.043477
33 0.136877 0.787788 0.092677 0.042822
34 0.755606 0.493037 0.046364 0.043691
33 0.137357 0.320327 0.091111 0.043330
34 0.059259 0.256006 0.045051 0.047012
34 0.202601 0.161772 0.146414 0.053721
33 0.135884 0.440571 0.090926 0.042783
34 0.255109 0.918374 0.143114 0.052197
33 0.136221 0.379858 0.091061 0.041260
34 0.259470 0.790708 0.143485 0.053994
34 0.258779 0.319609 0.142374 0.053496
34 0.261507 0.855293 0.143418 0.051445
34 0.255993 0.384756 0.142290 0.052305
8 0.068998 0.160527 0.123283 0.059961
6 0.663468 0.318369 0.044074 0.035273
