34 0.966011 0.433345 0.060635 0.039639
34 0.914546 0.610459 0.075771 0.046816
34 0.494824 0.447007 0.034922 0.018018
34 0.922588 0.760928 0.033613 0.016484
34 0.423022 0.705532 0.059463 0.041143
34 0.471421 0.830059 0.078271 0.048340
30 0.031704 0.574883 0.058486 0.053848
34 0.694653 0.729395 0.209170 0.030605
0 0.868750 0.828330 0.022500 0.044082
0 0.520332 0.829673 0.023125 0.039697
0 0.423428 0.884692 0.021250 0.040947
0 0.455664 0.304482 0.016641 0.035449
0 0.752207 0.419897 0.014648 0.026357
0 0.868335 0.555063 0.020088 0.045615
0 0.519956 0.555562 0.020947 0.042197
0 0.422739 0.613081 0.022822 0.042822
0 0.215488 0.526333 0.017187 0.030010
0 0.213613 0.489136 0.014063 0.028760
0 0.965527 0.610864 0.021699 0.043760
6 0.751704 0.398262 0.012139 0.013809
0 0.967217 0.884751 0.024375 0.040635
21 0.213330 0.559717 0.029121 0.033125
34 0.919077 0.883394 0.071396 0.046807
34 0.148472 0.879810 0.095107 0.048057
34 0.471187 0.557686 0.077041 0.046816
33 0.068555 0.882158 0.051250 0.038457
34 0.539263 0.355215 0.077256 0.050078
34 0.472168 0.612896 0.075352 0.047705
34 0.376787 0.355894 0.075215 0.046904
34 0.903193 0.719800 0.034102 0.016670
34 0.615371 0.147305 0.037832 0.019512
34 0.847441 0.872979 0.031055 0.016309
34 0.798896 0.418120 0.074297 0.044990
34 0.519819 0.480405 0.056006 0.030225
34 0.918530 0.827944 0.077197 0.045439
34 0.113276 0.576030 0.099443 0.050205
34 0.541694 0.600220 0.029541 0.016963
34 0.423667 0.435283 0.058564 0.035332
34 0.541846 0.872954 0.031719 0.016885
34 0.898281 0.666997 0.029453 0.016963
33 0.482710 0.362148 0.035928 0.036328
34 0.884917 0.446328 0.035596 0.017910
34 0.494692 0.666929 0.031104 0.017178
33 0.067588 0.828921 0.053828 0.038721
34 0.473076 0.885879 0.078457 0.047813
34 0.518247 0.752358 0.055420 0.031201
34 0.149141 0.826694 0.095801 0.049834
34 0.462061 0.760933 0.034336 0.016729
34 0.900840 0.939614 0.029336 0.017002
34 0.286191 0.335742 0.078262 0.059082
34 0.870190 0.751953 0.057373 0.030156
34 0.150815 0.944746 0.094893 0.050234
34 0.870293 0.478564 0.056895 0.031348
34 0.492129 0.939346 0.028867 0.017559
34 0.919204 0.555464 0.074658 0.046025
33 0.065303 0.943950 0.057148 0.037900
34 0.301445 0.467515 0.035566 0.016357
34 0.965693 0.704941 0.060566 0.041992
34 0.461514 0.489023 0.034473 0.016035
33 0.431421 0.361821 0.035264 0.036865
34 0.165396 0.506382 0.079033 0.091143
34 0.477207 0.720005 0.033848 0.015693
34 0.847588 0.599551 0.030879 0.014902
34 0.455171 0.402939 0.041826 0.016211
34 0.925605 0.488652 0.032734 0.016914
34 0.214702 0.739961 0.037256 0.017480
34 0.659263 0.374556 0.034775 0.017588
