0 0.539521 0.866313 0.022891 0.044756
34 0.243252 0.745244 0.045977 0.029453
34 0.190205 0.802485 0.029785 0.046299
34 0.373589 0.865688 0.087471 0.053057
0 0.207563 0.866865 0.022217 0.044512
34 0.046523 0.867100 0.088867 0.056777
34 0.973315 0.867344 0.053291 0.057227
0 0.428599 0.866465 0.022764 0.044355
34 0.154009 0.867314 0.086377 0.053945
0 0.100142 0.866689 0.022100 0.044316
34 0.262612 0.865728 0.086592 0.053115
34 0.412744 0.800571 0.027187 0.046670
34 0.483115 0.864878 0.085293 0.054697
0 0.317666 0.866299 0.022559 0.043906
6 0.102158 0.821514 0.026875 0.025801
6 0.318823 0.823662 0.030107 0.021504
6 0.539834 0.820840 0.021230 0.020820
