34 0.531592 0.827051 0.088555 0.046719
34 0.537231 0.363867 0.088486 0.046719
34 0.606958 0.146685 0.087588 0.043213
34 0.768833 0.907451 0.082002 0.047441
34 0.606626 0.233437 0.087939 0.041836
34 0.606738 0.058354 0.089238 0.044775
34 0.769033 0.828008 0.081816 0.047070
33 0.637104 0.279038 0.113975 0.050537
34 0.773555 0.466235 0.078906 0.047471
34 0.537017 0.426001 0.088584 0.047002
34 0.537119 0.584712 0.088320 0.047920
34 0.781665 0.100664 0.080869 0.046895
33 0.867070 0.908584 0.112207 0.048984
33 0.840327 0.497319 0.051611 0.112900
34 0.703770 0.684414 0.116133 0.041934
34 0.888716 0.682798 0.109678 0.030107
33 0.620977 0.950542 0.159141 0.047314
33 0.481729 0.188179 0.097852 0.045166
34 0.782163 0.261577 0.080342 0.046592
34 0.782368 0.340347 0.080889 0.047998
34 0.782207 0.183257 0.080996 0.047510
33 0.863149 0.261538 0.075713 0.047510
34 0.767212 0.981294 0.081475 0.037295
33 0.867017 0.182847 0.082979 0.046455
34 0.428848 0.981401 0.089043 0.037178
34 0.965317 0.556626 0.069365 0.048447
33 0.606792 0.828857 0.060010 0.048398
33 0.507573 0.982725 0.067373 0.034551
33 0.856714 0.101255 0.066260 0.046670
33 0.603457 0.188970 0.048496 0.042373
33 0.635059 0.366353 0.104570 0.045244
33 0.507041 0.909248 0.064922 0.047500
34 0.461313 0.145645 0.090654 0.046973
33 0.629526 0.427998 0.094170 0.048359
33 0.624717 0.507725 0.083984 0.047285
34 0.537217 0.505981 0.088516 0.045732
33 0.851807 0.340981 0.052969 0.047295
33 0.859414 0.828691 0.096875 0.048516
34 0.985229 0.397441 0.029541 0.050508
34 0.428882 0.907222 0.088955 0.048350
34 0.980742 0.942690 0.038359 0.048037
34 0.600977 0.903433 0.088906 0.045010
33 0.621709 0.586460 0.077871 0.045049
