0 0.793823 0.352930 0.021064 0.036445
35 0.025811 0.156460 0.041934 0.089248
35 0.323125 0.555386 0.038711 0.093545
35 0.668823 0.558608 0.044092 0.091396
35 0.581191 0.194629 0.038711 0.096777
35 0.849473 0.154849 0.041934 0.090322
34 0.586509 0.119512 0.185986 0.064531
34 0.848691 0.099116 0.128633 0.030029
34 0.892612 0.221245 0.038994 0.029580
34 0.960986 0.201528 0.078027 0.051084
34 0.821802 0.284893 0.045264 0.025098
34 0.830542 0.232676 0.026885 0.053340
34 0.745615 0.192563 0.091875 0.053779
34 0.698555 0.426963 0.043477 0.025996
34 0.738887 0.356597 0.091875 0.047510
34 0.650151 0.348975 0.028232 0.043027
34 0.562759 0.307300 0.029131 0.053779
34 0.495303 0.375195 0.093223 0.052441
34 0.477827 0.494858 0.091436 0.054229
34 0.751440 0.478945 0.095459 0.049297
34 0.978013 0.443989 0.043975 0.027783
34 0.959639 0.498892 0.080723 0.057822
34 0.958296 0.561636 0.083408 0.050635
34 0.930034 0.627520 0.090537 0.049746
34 0.959639 0.686899 0.080723 0.051982
34 0.949106 0.765332 0.101787 0.102187
33 0.884990 0.845332 0.065879 0.048848
34 0.960762 0.845776 0.078477 0.056025
34 0.934741 0.989331 0.045264 0.021338
34 0.909419 0.943701 0.093213 0.050195
34 0.735972 0.951323 0.088740 0.058271
34 0.713345 0.788857 0.088291 0.051543
34 0.663818 0.620122 0.051094 0.025986
34 0.318501 0.633120 0.142959 0.055576
34 0.562510 0.674800 0.031426 0.047510
34 0.501582 0.767793 0.089629 0.049746
34 0.317134 0.972388 0.093721 0.049307
34 0.208203 0.971045 0.090078 0.050195
34 0.110952 0.987852 0.043467 0.023750
34 0.085000 0.942808 0.090977 0.049307
34 0.164326 0.846001 0.126836 0.054678
34 0.140132 0.763311 0.130420 0.092773
34 0.160298 0.686899 0.123252 0.057373
34 0.107861 0.627520 0.092773 0.049746
34 0.139678 0.561855 0.090078 0.050195
34 0.140752 0.499341 0.101289 0.053330
34 0.157114 0.444214 0.044365 0.025537
34 0.259341 0.423149 0.089189 0.047959
34 0.277944 0.351665 0.044814 0.031377
34 0.258896 0.203770 0.125039 0.030469
34 0.199736 0.304385 0.091875 0.050645
34 0.119067 0.359287 0.087393 0.050195
34 0.010771 0.233794 0.021543 0.054678
34 0.071108 0.220796 0.042568 0.029580
34 0.142813 0.198389 0.091875 0.051992
34 0.046196 0.096655 0.092393 0.031377
0 0.263350 0.460083 0.037246 0.021553
13 0.203418 0.365981 0.048027 0.062979
11 0.848110 0.767310 0.094990 0.094990
3 0.747822 0.252207 0.055918 0.063594
3 0.861309 0.358569 0.072363 0.059209
5 0.582100 0.375503 0.068359 0.029521
6 0.580171 0.606514 0.027686 0.024609
6 0.579180 0.808237 0.024805 0.026182
6 0.783770 0.864863 0.022344 0.027305
0 0.140410 0.237407 0.037969 0.024150
0 0.748066 0.443237 0.036035 0.021455
0 0.793257 0.951353 0.023896 0.036846
0 0.962974 0.237949 0.038271 0.023086
22 0.845732 0.626367 0.068887 0.058789
1 0.025962 0.942676 0.031279 0.053516
33 0.061255 0.501260 0.061631 0.049473
33 0.061836 0.563901 0.062207 0.043408
33 0.060425 0.684341 0.060596 0.044404
33 0.062822 0.846636 0.066602 0.048604
33 0.883296 0.684644 0.062393 0.046201
33 0.884492 0.561646 0.060000 0.046201
33 0.884194 0.497446 0.062998 0.043799
1 0.846831 0.943652 0.036182 0.053516
3 0.715283 0.849243 0.055566 0.064697
3 0.565420 0.490137 0.070723 0.051562
11 0.035205 0.766958 0.070410 0.088740
22 0.028809 0.626299 0.057617 0.058652
5 0.580991 0.766514 0.066143 0.027949
3 0.042808 0.355664 0.064971 0.056445
35 0.254307 0.238179 0.096777 0.037627
