34 0.617183 0.768789 0.089092 0.055781
35 0.270435 0.494092 0.090322 0.041934
35 0.273125 0.412910 0.095703 0.043008
34 0.600522 0.010020 0.054229 0.020039
34 0.480444 0.050254 0.037959 0.027891
34 0.602461 0.096157 0.085996 0.051514
34 0.585029 0.156392 0.088320 0.050361
34 0.585420 0.217783 0.087539 0.053066
34 0.307305 0.157744 0.087539 0.050742
34 0.280767 0.279375 0.091025 0.055391
34 0.283091 0.336313 0.088701 0.049189
34 0.148101 0.417271 0.157256 0.066240
34 0.150034 0.493384 0.153389 0.061982
34 0.283477 0.557295 0.090254 0.050352
34 0.281348 0.615010 0.089863 0.051133
34 0.336353 0.722690 0.089873 0.058877
34 0.281348 0.896611 0.096836 0.052676
34 0.280962 0.952588 0.098389 0.048418
34 0.160498 0.990913 0.055781 0.018174
34 0.571860 0.858848 0.045713 0.028281
34 0.598589 0.986460 0.088311 0.027080
34 0.615630 0.686284 0.089873 0.057334
34 0.482964 0.620630 0.041455 0.030596
34 0.799814 0.600488 0.043770 0.029824
34 0.858882 0.579185 0.089092 0.052295
34 0.955977 0.580146 0.088047 0.048809
34 0.863340 0.430825 0.091035 0.049971
34 0.840103 0.242964 0.091025 0.051514
3 0.419580 0.722266 0.070996 0.052148
5 0.526611 0.096045 0.057324 0.023340
3 0.781313 0.426660 0.065889 0.052539
0 0.558384 0.686245 0.020654 0.037256
0 0.860459 0.971147 0.037070 0.020811
0 0.969717 0.972441 0.039668 0.022109
5 0.765591 0.242554 0.060811 0.031904
0 0.527158 0.218667 0.020879 0.038213
3 0.390854 0.157910 0.070283 0.057012
3 0.514214 0.154072 0.048350 0.044961
1 0.559189 0.769741 0.020703 0.039678
33 0.366191 0.278208 0.065684 0.041084
33 0.366191 0.334336 0.065684 0.042246
33 0.366050 0.555396 0.065400 0.044561
33 0.365762 0.612832 0.066543 0.042539
33 0.366025 0.899946 0.067012 0.045322
33 0.365830 0.952432 0.066621 0.044160
1 0.482422 0.821924 0.043125 0.023281
0 0.961025 0.618169 0.039512 0.023525
0 0.861758 0.618799 0.037949 0.023516
