6 0.220703 0.382847 0.026016 0.024092
7 0.970703 0.795166 0.058594 0.056992
7 0.971777 0.862910 0.056445 0.061289
34 0.896240 0.939253 0.098926 0.026885
34 0.422588 0.880649 0.170977 0.053760
34 0.777798 0.937236 0.075928 0.028457
34 0.896909 0.087466 0.041611 0.030967
34 0.449995 0.596411 0.065303 0.033350
34 0.486484 0.120908 0.022227 0.033242
34 0.171323 0.618208 0.041104 0.019229
34 0.660044 0.525552 0.073389 0.032412
34 0.094746 0.862461 0.094063 0.030703
34 0.661172 0.598970 0.067637 0.032822
34 0.250527 0.618032 0.047891 0.019619
34 0.975430 0.753130 0.046445 0.030518
6 0.076631 0.162158 0.032773 0.028906
9 0.726860 0.545464 0.066514 0.062139
9 0.726709 0.616216 0.066895 0.063779
6 0.251060 0.384292 0.028916 0.023135
8 0.514873 0.545718 0.057344 0.054932
6 0.106606 0.888555 0.026455 0.025156
6 0.783286 0.909297 0.033525 0.030059
28 0.498315 0.271147 0.062432 0.150283
8 0.513188 0.617988 0.054932 0.051074
6 0.029165 0.163364 0.031318 0.028428
8 0.302378 0.220371 0.048193 0.039512
6 0.882710 0.908721 0.031221 0.026582
34 0.546885 0.965132 0.118770 0.050596
