34 0.924365 0.508735 0.151270 0.048154
6 0.422144 0.197354 0.027881 0.032344
27 0.719048 0.056504 0.067041 0.085059
6 0.423818 0.478345 0.024531 0.033447
27 0.718945 0.245869 0.065898 0.082559
27 0.719106 0.365244 0.066963 0.085664
34 0.798066 0.908984 0.209238 0.092930
34 0.651123 0.975225 0.089375 0.038477
34 0.547759 0.183311 0.047314 0.020684
34 0.431807 0.696807 0.144316 0.048867
34 0.462754 0.211187 0.040488 0.020088
34 0.722295 0.010483 0.135840 0.020967
34 0.464272 0.184072 0.036260 0.019883
34 0.631724 0.909687 0.107529 0.058066
34 0.356997 0.478501 0.097842 0.043018
34 0.511182 0.483398 0.130566 0.049609
