34 0.759639 0.900190 0.050859 0.028896
33 0.928125 0.610000 0.051016 0.041836
33 0.389370 0.845625 0.084150 0.040625
33 0.952358 0.500566 0.082939 0.041836
34 0.651074 0.744341 0.042363 0.029873
34 0.203350 0.638413 0.029258 0.041611
34 0.930029 0.454990 0.093125 0.048008
34 0.411123 0.803179 0.085820 0.045342
34 0.467261 0.631328 0.086553 0.048203
34 0.112642 0.638315 0.029912 0.041963
34 0.929053 0.875718 0.086133 0.046318
34 0.930059 0.564111 0.092109 0.046211
34 0.278716 0.554717 0.083682 0.046426
1 0.930605 0.919204 0.057773 0.035986
0 0.404658 0.631479 0.022656 0.041533
21 0.404272 0.702197 0.046455 0.073809
33 0.297856 0.601084 0.069893 0.043008
