0 0.956553 0.732319 0.032363 0.059443
33 0.716675 0.680649 0.088174 0.047314
34 0.761660 0.096523 0.167617 0.058711
15 0.765376 0.796045 0.064326 0.062539
35 0.766138 0.181724 0.047314 0.107529
35 0.139790 0.691938 0.050537 0.108604
0 0.872720 0.375151 0.029385 0.052979
34 0.934429 0.373267 0.081123 0.122803
34 0.920981 0.461108 0.047959 0.030479
34 0.895884 0.604976 0.073955 0.115635
34 0.650508 0.409790 0.077988 0.113389
34 0.742163 0.313213 0.036299 0.057363
34 0.651182 0.561499 0.081113 0.114736
34 0.630566 0.683628 0.077539 0.118760
34 0.693984 0.798140 0.074395 0.114736
34 0.887148 0.735845 0.076191 0.121006
34 0.903052 0.968760 0.088291 0.062480
34 0.710342 0.890684 0.049746 0.030918
34 0.561772 0.943125 0.087842 0.109805
34 0.693306 0.971899 0.088291 0.056201
34 0.065210 0.776304 0.077861 0.116201
34 0.123115 0.800703 0.031758 0.048809
34 0.148877 0.600254 0.214980 0.063906
34 0.076831 0.953228 0.086377 0.093545
5 0.953901 0.515117 0.062705 0.033828
21 0.955967 0.821445 0.046465 0.053438
13 0.027148 0.857480 0.054297 0.084844
3 0.743931 0.566348 0.094404 0.077852
3 0.745571 0.407910 0.095498 0.076758
34 0.822158 0.256738 0.050195 0.033164
0 0.618330 0.955044 0.030098 0.054932
0 0.953916 0.605161 0.031602 0.056436
