34 0.840605 0.828535 0.089316 0.050078
34 0.383491 0.900918 0.092607 0.049082
34 0.714111 0.848369 0.036934 0.025488
34 0.823638 0.664302 0.127842 0.097139
34 0.956431 0.977568 0.087139 0.044863
34 0.509341 0.987300 0.085127 0.025303
21 0.934414 0.706460 0.039785 0.051611
34 0.821831 0.226831 0.032041 0.057178
6 0.914619 0.583984 0.020566 0.019883
34 0.919204 0.351621 0.055518 0.030820
34 0.383252 0.986768 0.080059 0.026113
34 0.963667 0.619556 0.072666 0.050459
0 0.914810 0.619868 0.021045 0.033975
0 0.783413 0.828813 0.022783 0.039248
0 0.384453 0.942017 0.058184 0.033252
20 0.945566 0.737085 0.108535 0.179111
34 0.276348 0.228501 0.037637 0.048389
32 0.980381 0.052695 0.039238 0.047305
6 0.783345 0.537104 0.030107 0.022588
32 0.345703 0.055381 0.062363 0.044082
32 0.838716 0.054849 0.052686 0.049463
6 0.708853 0.371973 0.028857 0.021348
34 0.693262 0.717695 0.049727 0.031816
34 0.323447 0.364883 0.031484 0.057715
34 0.670508 0.517681 0.056777 0.028193
34 0.583052 0.351880 0.047725 0.031221
34 0.969517 0.224341 0.029990 0.057783
