34 0.885298 0.247129 0.086787 0.051621
34 0.018799 0.097329 0.037598 0.031494
33 0.962100 0.249229 0.059590 0.041758
34 0.796099 0.181211 0.070420 0.032344
33 0.567065 0.249614 0.061006 0.042100
33 0.922529 0.485356 0.066055 0.042236
33 0.567046 0.302148 0.062666 0.041270
34 0.731162 0.662910 0.086035 0.050840
35 0.847222 0.735615 0.039346 0.091797
34 0.937129 0.531826 0.084531 0.051973
33 0.703501 0.508496 0.070283 0.042324
34 0.658882 0.563955 0.083467 0.052402
34 0.816030 0.414272 0.158623 0.122842
34 0.883828 0.301880 0.086641 0.052256
34 0.489492 0.247222 0.085508 0.051533
34 0.487920 0.302134 0.086270 0.052881
33 0.962085 0.302339 0.061260 0.041885
35 0.785200 0.735840 0.039619 0.093145
34 0.821470 0.821841 0.164404 0.082822
34 0.130186 0.237510 0.090313 0.052910
34 0.690654 0.459839 0.085918 0.052139
34 0.936294 0.436440 0.085596 0.053584
34 0.901455 0.661558 0.084238 0.050596
0 0.712085 0.566265 0.022607 0.037842
0 0.188823 0.239224 0.023096 0.039404
0 0.846484 0.663901 0.022930 0.038818
21 0.188301 0.288638 0.031738 0.041045
6 0.712153 0.533638 0.015400 0.014346
0 0.785171 0.664443 0.022451 0.038086
