18 0.816948 0.429854 0.025127 0.053730
18 0.393198 0.700225 0.061533 0.020801
0 0.013740 0.164258 0.018887 0.035781
0 0.968755 0.273672 0.019365 0.034199
0 0.873608 0.661040 0.020537 0.037588
0 0.013867 0.452852 0.019160 0.035098
0 0.065073 0.556538 0.017783 0.033779
34 0.618564 0.417739 0.340234 0.023389
34 0.093115 0.509438 0.040156 0.022920
33 0.942480 0.592480 0.077422 0.043008
33 0.585034 0.833765 0.021963 0.020166
34 0.054624 0.165107 0.063662 0.047383
34 0.227490 0.202915 0.067578 0.048838
34 0.920283 0.661514 0.067070 0.050488
34 0.236616 0.657715 0.067900 0.050117
34 0.056538 0.452207 0.063760 0.047246
34 0.547681 0.778530 0.023467 0.044971
34 0.938828 0.548906 0.067910 0.049395
34 0.027368 0.555005 0.054736 0.048506
34 0.365879 0.360459 0.245996 0.046953
34 0.620137 0.524644 0.409590 0.041162
6 0.056567 0.309722 0.066006 0.038740
34 0.982485 0.392969 0.035029 0.048457
34 0.910303 0.921670 0.044824 0.023574
34 0.646807 0.116411 0.317734 0.069600
34 0.892490 0.014736 0.059141 0.022734
34 0.110737 0.390127 0.022822 0.047500
34 0.593315 0.779756 0.023428 0.046680
34 0.583379 0.050713 0.038047 0.024219
33 0.957285 0.033516 0.040391 0.040195
33 0.237939 0.712192 0.041250 0.059150
34 0.991968 0.039185 0.016064 0.047588
33 0.229053 0.254487 0.040469 0.055186
34 0.925464 0.275562 0.065088 0.047803
34 0.069531 0.266860 0.065762 0.048311
34 0.977056 0.148921 0.045889 0.051201
34 0.935986 0.822324 0.115664 0.062930
22 0.940825 0.742446 0.083525 0.090479
21 0.066694 0.603818 0.031318 0.040605
0 0.996465 0.660459 0.007070 0.038027
21 0.969473 0.318027 0.030508 0.036309
0 0.893677 0.034971 0.036377 0.019141
18 0.353740 0.246602 0.050352 0.024062
18 0.911406 0.191113 0.061523 0.028594
