34 0.942266 0.246108 0.084551 0.052744
34 0.940972 0.301743 0.086006 0.054307
34 0.220811 0.564116 0.084688 0.052002
34 0.446484 0.244253 0.086094 0.052764
34 0.445176 0.298750 0.087949 0.051660
34 0.047495 0.270923 0.085244 0.052471
33 0.524517 0.299878 0.061396 0.042529
34 0.497964 0.436748 0.085068 0.053945
33 0.523999 0.245884 0.059658 0.043408
5 0.571113 0.962417 0.051191 0.031064
34 0.463193 0.661821 0.085801 0.051123
6 0.272959 0.532793 0.015117 0.014141
0 0.273198 0.566055 0.021455 0.037949
34 0.561787 0.140273 0.076348 0.035469
0 0.346191 0.664077 0.022305 0.038662
0 0.407773 0.664121 0.023457 0.039121
33 0.484297 0.579248 0.064922 0.042852
33 0.127329 0.218423 0.062295 0.043135
34 0.377329 0.413018 0.158955 0.125527
33 0.264175 0.509067 0.072334 0.042197
34 0.291738 0.664312 0.087949 0.054385
35 0.346602 0.736079 0.040469 0.092139
34 0.232910 0.983452 0.094512 0.032881
34 0.049238 0.215269 0.084551 0.053506
34 0.642129 0.962002 0.092656 0.052949
33 0.483901 0.484189 0.064502 0.040937
33 0.126929 0.271123 0.062861 0.042012
34 0.498154 0.531582 0.085195 0.052187
34 0.089038 0.983550 0.095049 0.032705
35 0.408169 0.735835 0.040732 0.092939
34 0.251626 0.460259 0.085049 0.052568
34 0.382290 0.822744 0.164463 0.079043
