34 0.705454 0.972661 0.038525 0.054678
34 0.699790 0.386919 0.040342 0.064521
34 0.902627 0.363350 0.067539 0.040781
34 0.700200 0.683877 0.040244 0.067383
34 0.699102 0.104614 0.041348 0.067842
34 0.636768 0.206138 0.134824 0.077256
34 0.630493 0.566519 0.134502 0.079365
34 0.518716 0.753013 0.246357 0.124951
17 0.728374 0.839937 0.129482 0.124854
0 0.726782 0.566807 0.041748 0.078672
6 0.727134 0.439780 0.032412 0.030889
6 0.726836 0.335137 0.032031 0.028828
6 0.778901 0.387207 0.031201 0.032578
0 0.727187 0.208467 0.043223 0.079863
35 0.928989 0.805552 0.142021 0.060752
35 0.931309 0.871978 0.137383 0.058252
