35 0.416650 0.511133 0.094512 0.044102
35 0.544971 0.346929 0.043164 0.091729
34 0.546309 0.411665 0.132051 0.043115
34 0.581963 0.052090 0.036387 0.026289
34 0.743965 0.367134 0.027383 0.038232
34 0.062925 0.268027 0.125850 0.073711
34 0.359609 0.301338 0.068203 0.052637
34 0.343525 0.089019 0.140703 0.051514
34 0.027212 0.783213 0.054268 0.050684
0 0.544658 0.253896 0.029863 0.052051
0 0.181089 0.421899 0.030713 0.053994
0 0.071865 0.780991 0.028281 0.052979
11 0.179277 0.601392 0.099629 0.095713
0 0.648882 0.070420 0.051455 0.029941
0 0.466226 0.133975 0.054502 0.030742
0 0.262500 0.511089 0.054531 0.032021
33 0.274443 0.299443 0.094141 0.061152
34 0.527046 0.512046 0.119951 0.052139
34 0.648369 0.030493 0.079043 0.047588
34 0.283706 0.688584 0.075596 0.051738
34 0.467783 0.094180 0.080098 0.049180
35 0.351772 0.132876 0.094971 0.042568
34 0.489019 0.254751 0.079385 0.050908
34 0.264126 0.470229 0.076045 0.049248
33 0.212188 0.694126 0.058242 0.044775
34 0.125078 0.423643 0.076016 0.049434
34 0.284004 0.600229 0.097988 0.093057
34 0.335576 0.494351 0.039824 0.027705
34 0.080747 0.972319 0.141318 0.055342
