34 0.921890 0.143350 0.155029 0.047832
3 0.038188 0.408374 0.076377 0.073291
0 0.410420 0.633896 0.036309 0.072559
1 0.863813 0.481558 0.038154 0.073916
3 0.847476 0.609741 0.079521 0.074189
6 0.409751 0.780293 0.029463 0.027090
3 0.245088 0.408203 0.080996 0.073613
11 0.863140 0.365620 0.121963 0.117490
34 0.256577 0.157783 0.147705 0.150977
34 0.062217 0.160303 0.124434 0.149277
34 0.144766 0.407275 0.120469 0.070625
34 0.779028 0.480459 0.115869 0.070840
34 0.742881 0.362524 0.114863 0.071104
34 0.975933 0.360454 0.047979 0.072803
34 0.975791 0.612100 0.048164 0.073379
34 0.326001 0.632871 0.119932 0.070234
34 0.387998 0.831201 0.038281 0.060059
34 0.746636 0.612329 0.117275 0.073057
34 0.126904 0.771221 0.226387 0.076914
34 0.326636 0.984175 0.119072 0.031650
34 0.107300 0.549351 0.037490 0.081768
34 0.384814 0.708413 0.037910 0.063291
35 0.130825 0.667056 0.056572 0.134756
34 0.276548 0.517061 0.062529 0.036914
35 0.052891 0.285166 0.052988 0.105527
35 0.862974 0.222632 0.055537 0.115928
35 0.260615 0.285508 0.053672 0.105664
34 0.981807 0.971865 0.036387 0.056270
34 0.993750 0.774639 0.012500 0.036387
