34 0.297393 0.744087 0.107559 0.060947
0 0.719497 0.182432 0.018506 0.031152
0 0.371069 0.737368 0.018643 0.030947
0 0.516665 0.796216 0.055205 0.028584
0 0.577407 0.869492 0.019248 0.031680
21 0.370894 0.780488 0.035049 0.038750
34 0.355234 0.689326 0.027461 0.051855
34 0.401372 0.413457 0.030596 0.053926
34 0.924204 0.763984 0.032256 0.046230
34 0.981729 0.716675 0.033340 0.035479
0 0.592183 0.110942 0.056240 0.029756
34 0.704063 0.144424 0.029824 0.041445
34 0.785791 0.187803 0.108066 0.062363
34 0.917881 0.072373 0.028281 0.043770
34 0.899868 0.026680 0.030986 0.029844
34 0.675430 0.420718 0.183574 0.063271
34 0.620464 0.501094 0.115127 0.066367
21 0.719600 0.226060 0.035059 0.038740
5 0.942383 0.715908 0.043359 0.031367
33 0.388433 0.861216 0.060596 0.044990
21 0.577534 0.913784 0.036904 0.037822
34 0.589600 0.068691 0.110781 0.057324
34 0.481919 0.094453 0.045713 0.027500
5 0.627808 0.715908 0.037822 0.031367
5 0.934546 0.023105 0.044287 0.031367
34 0.853232 0.867212 0.116133 0.067744
34 0.608291 0.762373 0.030469 0.042578
34 0.956592 0.424985 0.086816 0.061846
34 0.838784 0.722798 0.113838 0.062295
34 0.933574 0.504990 0.109805 0.058711
34 0.646069 0.874507 0.113838 0.054678
34 0.562041 0.831709 0.027344 0.042578
34 0.511621 0.755068 0.114727 0.055117
34 0.305679 0.865547 0.096357 0.067227
