34 0.528603 0.748516 0.259192 0.061543
6 0.343375 0.506689 0.034562 0.017070
34 0.795303 0.672036 0.163771 0.051846
34 0.404200 0.926768 0.052205 0.054316
34 0.158359 0.511885 0.220286 0.091738
35 0.541044 0.695176 0.141582 0.044141
34 0.350539 0.851719 0.158182 0.048652
34 0.025640 0.848872 0.051279 0.045947
0 0.073897 0.847715 0.034394 0.033398
21 0.248636 0.885254 0.049125 0.032812
0 0.343401 0.541328 0.033064 0.032813
33 0.471027 0.435337 0.116263 0.044170
34 0.401953 0.660718 0.154613 0.047686
0 0.411532 0.695898 0.058451 0.020039
21 0.073695 0.885195 0.051599 0.032461
0 0.683704 0.677124 0.056801 0.058369
0 0.536431 0.349917 0.059226 0.057432
0 0.249099 0.847773 0.031566 0.033379
34 0.264756 0.283672 0.102306 0.032617
34 0.320842 0.436016 0.173535 0.052227
34 0.055833 0.936685 0.111667 0.048271
34 0.440867 0.540698 0.146212 0.050088
34 0.415707 0.347354 0.185421 0.051582
34 0.646936 0.848130 0.055758 0.055127
