0 0.690029 0.478857 0.026406 0.016738
0 0.714990 0.625376 0.020762 0.014932
0 0.909551 0.985112 0.016387 0.029170
6 0.904893 0.359038 0.011641 0.009131
0 0.687495 0.767021 0.022568 0.011289
34 0.499893 0.482212 0.124141 0.065479
34 0.647622 0.656694 0.070752 0.045088
34 0.639517 0.715571 0.071885 0.041338
35 0.910244 0.914653 0.034141 0.073018
33 0.852866 0.766465 0.037979 0.036387
34 0.689507 0.449570 0.067432 0.040137
34 0.754277 0.372861 0.066016 0.039980
34 0.909741 0.867925 0.041787 0.023096
34 0.793511 0.537090 0.066064 0.041758
34 0.970020 0.295078 0.059961 0.040957
35 0.596455 0.478052 0.070469 0.034443
34 0.952407 0.982148 0.067744 0.035703
34 0.855210 0.640547 0.147842 0.092598
34 0.850864 0.727593 0.074346 0.041787
33 0.912573 0.294546 0.050381 0.032881
34 0.989067 0.450630 0.021396 0.041123
34 0.970093 0.337983 0.059814 0.040400
34 0.842427 0.890620 0.020967 0.045518
34 0.777563 0.962334 0.068428 0.041797
34 0.938989 0.431602 0.060459 0.037051
34 0.753037 0.329595 0.066445 0.040654
34 0.944756 0.382744 0.065879 0.038613
33 0.832739 0.961704 0.037061 0.029854
33 0.812812 0.374248 0.048242 0.029727
33 0.912246 0.336948 0.049824 0.029795
34 0.827842 0.245273 0.018574 0.034590
33 0.811816 0.330547 0.048184 0.032285
33 0.803096 0.496836 0.045391 0.034434
33 0.939521 0.465225 0.031875 0.029922
33 0.594722 0.668589 0.036064 0.064170
0 0.688042 0.607183 0.022939 0.015693
0 0.904224 0.383901 0.015264 0.024541
0 0.714624 0.752095 0.021494 0.012744
34 0.782148 0.445483 0.065430 0.064092
