34 0.212944 0.411948 0.110557 0.065811
34 0.011377 0.370264 0.022754 0.066973
34 0.906934 0.978267 0.124316 0.043467
34 0.447183 0.976504 0.125537 0.046992
34 0.672407 0.978418 0.123369 0.043164
34 0.173311 0.194390 0.123848 0.103252
34 0.147935 0.107144 0.112529 0.064775
34 0.946729 0.566245 0.103633 0.064443
34 0.944761 0.745049 0.108877 0.067578
34 0.626050 0.037427 0.109912 0.063740
34 0.710420 0.745283 0.106230 0.066973
34 0.859380 0.037417 0.109385 0.063330
34 0.400737 0.037539 0.109521 0.063789
34 0.097749 0.955918 0.109521 0.067578
34 0.194619 0.736045 0.029746 0.053066
34 0.484302 0.744922 0.106279 0.067051
34 0.672563 0.411777 0.109834 0.065137
34 0.141953 0.848198 0.111055 0.065928
34 0.438608 0.410410 0.110947 0.062930
34 0.899580 0.886172 0.107500 0.065117
34 0.672607 0.885645 0.107891 0.064043
34 0.659614 0.514946 0.111084 0.064365
34 0.399839 0.193911 0.123369 0.103584
34 0.342021 0.949673 0.109570 0.064248
34 0.633149 0.193799 0.123662 0.103770
21 0.607637 0.931655 0.029531 0.041611
21 0.833804 0.930317 0.033564 0.041611
21 0.333086 0.083076 0.031738 0.036660
21 0.559009 0.083184 0.030830 0.036133
6 0.590991 0.473433 0.021396 0.021807
6 0.027612 0.672598 0.023721 0.026836
6 0.079609 0.067012 0.022246 0.020566
6 0.878789 0.524810 0.021406 0.022041
0 0.879297 0.567134 0.026406 0.047139
0 0.589292 0.516157 0.026064 0.047236
0 0.027886 0.569204 0.032920 0.056064
0 0.604531 0.883608 0.026445 0.046279
0 0.743555 0.410254 0.031250 0.057344
0 0.830283 0.883608 0.026367 0.046338
0 0.332808 0.035396 0.025908 0.046221
0 0.509731 0.410264 0.030283 0.057344
0 0.780508 0.742070 0.030234 0.056816
0 0.558564 0.035488 0.025918 0.046406
0 0.792104 0.035347 0.026475 0.046475
0 0.285210 0.410381 0.031885 0.056816
0 0.554331 0.742080 0.031865 0.056875
0 0.028110 0.029497 0.034092 0.058994
0 0.269458 0.950625 0.031182 0.057148
0 0.215005 0.850298 0.032725 0.057822
0 0.079272 0.109438 0.025186 0.044639
4 0.194883 0.952134 0.081777 0.079326
17 0.784814 0.981602 0.088594 0.036797
17 0.284790 0.188501 0.091650 0.093975
17 0.556626 0.979585 0.096650 0.040830
21 0.794653 0.082935 0.037119 0.042920
17 0.744766 0.190820 0.092812 0.096289
17 0.511006 0.186763 0.093965 0.095127
17 0.039521 0.208071 0.079043 0.093545
