34 0.935127 0.389814 0.129199 0.081543
34 0.508354 0.992437 0.126572 0.015127
35 0.799019 0.358833 0.132236 0.054131
34 0.529727 0.025254 0.064336 0.038398
34 0.287720 0.791216 0.066475 0.042158
34 0.586763 0.574624 0.038447 0.061670
35 0.802773 0.420039 0.132305 0.056367
35 0.802104 0.844771 0.132295 0.055557
35 0.799146 0.783149 0.132607 0.055771
34 0.587070 0.125298 0.037617 0.062002
34 0.935210 0.816558 0.129404 0.082236
35 0.024048 0.178579 0.047998 0.122061
34 0.587798 0.286665 0.036221 0.061201
34 0.587744 0.925732 0.036211 0.061367
34 0.805884 0.667407 0.229814 0.119150
34 0.528052 0.210869 0.122451 0.073145
34 0.077412 0.744980 0.124688 0.071465
34 0.095156 0.329175 0.190312 0.187490
34 0.807124 0.242485 0.228447 0.114639
0 0.610010 0.210439 0.037051 0.072148
17 0.607563 0.816235 0.128330 0.126006
17 0.609297 0.391958 0.122539 0.128330
5 0.081909 0.818784 0.066123 0.079072
5 0.031968 0.052148 0.063936 0.059199
