34 0.233838 0.902397 0.108262 0.059248
34 0.285718 0.525869 0.031396 0.055898
21 0.622251 0.164438 0.043057 0.051377
21 0.438740 0.164722 0.041895 0.050674
6 0.118130 0.284570 0.033740 0.041152
13 0.127358 0.222588 0.067939 0.096719
34 0.754219 0.008970 0.097949 0.017900
34 0.301865 0.989062 0.107773 0.021875
33 0.274268 0.137979 0.059395 0.044902
34 0.818003 0.361069 0.097803 0.058564
34 0.645527 0.980684 0.100703 0.038633
33 0.785190 0.206934 0.058057 0.044492
34 0.044072 0.223682 0.087734 0.060449
34 0.850532 0.504663 0.100088 0.057783
34 0.646987 0.565913 0.058701 0.033311
34 0.117983 0.930742 0.050693 0.032539
34 0.100278 0.367695 0.032666 0.049219
34 0.965625 0.090142 0.033145 0.058369
34 0.369922 0.362056 0.097344 0.060049
34 0.206274 0.211279 0.050127 0.031426
34 0.867622 0.206865 0.099756 0.058008
34 0.377544 0.098232 0.097002 0.058516
33 0.784780 0.277261 0.058682 0.044482
34 0.187588 0.137476 0.108145 0.061650
34 0.205347 0.429648 0.087021 0.050996
34 0.683911 0.096519 0.096064 0.058604
34 0.529580 0.494829 0.103516 0.059697
34 0.868804 0.275928 0.098330 0.059121
34 0.730386 0.173364 0.033799 0.057783
0 0.208813 0.466392 0.039170 0.022002
0 0.621733 0.099146 0.024072 0.038643
0 0.230962 0.949565 0.039307 0.021162
3 0.737910 0.360781 0.069258 0.067441
0 0.439180 0.099810 0.022695 0.038740
3 0.289634 0.360586 0.066064 0.067988
3 0.850068 0.568101 0.067187 0.066475
4 0.528975 0.564487 0.069863 0.078193
6 0.986973 0.196045 0.024375 0.029336
