21 0.135103 0.281919 0.042139 0.044521
34 0.136030 0.316138 0.105381 0.032256
6 0.360493 0.587271 0.019717 0.015693
6 0.342344 0.625366 0.014785 0.016592
6 0.342119 0.610352 0.014336 0.017930
11 0.342480 0.532803 0.073125 0.072051
0 0.753398 0.383188 0.031348 0.052588
0 0.986079 0.401187 0.027842 0.046240
0 0.135010 0.678467 0.030059 0.050195
34 0.326465 0.670928 0.026523 0.053340
34 0.291802 0.842373 0.073955 0.051172
0 0.292524 0.158784 0.026924 0.046943
6 0.425132 0.427036 0.017666 0.027041
6 0.239292 0.480234 0.015381 0.016035
0 0.239824 0.565332 0.026836 0.048496
34 0.116846 0.026816 0.081797 0.053066
34 0.342046 0.209980 0.077275 0.050449
34 0.454556 0.606782 0.079678 0.073057
0 0.857524 0.334409 0.027686 0.050596
34 0.081387 0.679077 0.074844 0.049326
34 0.366108 0.624585 0.026982 0.052842
34 0.082305 0.113633 0.077441 0.049961
0 0.239971 0.658193 0.025859 0.047012
34 0.191738 0.658545 0.073379 0.049473
34 0.582568 0.027173 0.084004 0.053896
34 0.238853 0.156074 0.077783 0.049023
0 0.210361 0.841826 0.027227 0.048125
34 0.809004 0.196895 0.070742 0.046719
34 0.082344 0.201665 0.076934 0.049482
34 0.159434 0.843276 0.073301 0.049033
34 0.937236 0.399326 0.072090 0.046777
0 0.292598 0.266279 0.027070 0.047715
6 0.424917 0.438096 0.015674 0.016504
0 0.857876 0.197739 0.027803 0.050127
34 0.702808 0.381826 0.072275 0.046543
34 0.807173 0.333281 0.070322 0.046563
34 0.968291 0.527964 0.027598 0.045576
34 0.240757 0.264014 0.078682 0.047910
34 0.409673 0.357656 0.026416 0.055000
34 0.224321 0.511152 0.026885 0.042734
34 0.071123 0.745171 0.043809 0.026943
34 0.191187 0.564072 0.073564 0.047344
11 0.501172 0.028101 0.069121 0.055654
21 0.857520 0.465000 0.044375 0.046992
34 0.280278 0.055859 0.045381 0.028340
0 0.134395 0.202461 0.026680 0.046484
34 0.809531 0.251938 0.043984 0.027666
34 0.281484 0.759150 0.044922 0.027988
34 0.278218 0.212539 0.026611 0.044512
3 0.411719 0.211069 0.056309 0.049209
1 0.342402 0.838931 0.027090 0.048369
11 0.963682 0.028130 0.071973 0.055850
0 0.134409 0.116865 0.027158 0.047930
11 0.036133 0.028115 0.069609 0.056055
34 0.855742 0.501445 0.097812 0.029102
