6 0.873667 0.818179 0.022412 0.022998
0 0.802344 0.864243 0.019902 0.035225
34 0.575552 0.862310 0.077627 0.052256
0 0.726108 0.264829 0.026650 0.045889
34 0.667695 0.034795 0.178672 0.038125
34 0.588647 0.265918 0.078701 0.052031
6 0.454927 0.817046 0.021689 0.022158
13 0.906035 0.557046 0.043867 0.065576
34 0.415679 0.463091 0.041221 0.029014
21 0.633687 0.690312 0.039619 0.052734
21 0.957251 0.618247 0.043018 0.053896
34 0.164365 0.969453 0.051602 0.029297
34 0.770298 0.415269 0.077881 0.061943
34 0.743506 0.549888 0.079941 0.050068
34 0.897651 0.776670 0.043330 0.024844
34 0.285737 0.902808 0.085068 0.058721
34 0.562085 0.549507 0.079658 0.051904
35 0.668594 0.089790 0.038887 0.075928
34 0.431670 0.775615 0.043164 0.025762
33 0.700566 0.416274 0.058301 0.038994
0 0.634097 0.633096 0.016143 0.026445
3 0.655176 0.264844 0.056758 0.046094
34 0.616406 0.207544 0.077441 0.050947
34 0.615947 0.325146 0.079063 0.052402
34 0.948394 0.519175 0.079131 0.052646
34 0.387915 0.538501 0.078369 0.052080
34 0.777397 0.271484 0.077764 0.051504
34 0.956289 0.078447 0.087422 0.051992
33 0.288340 0.959688 0.038848 0.054277
21 0.378989 0.636689 0.042725 0.053223
35 0.974790 0.027461 0.046885 0.054844
34 0.405015 0.860483 0.075635 0.049795
0 0.668608 0.208408 0.026064 0.045859
34 0.585806 0.634937 0.078955 0.051768
34 0.752715 0.862808 0.078066 0.050693
0 0.873291 0.864043 0.019297 0.035332
0 0.746133 0.587842 0.046035 0.026738
0 0.526953 0.862515 0.019648 0.035732
0 0.454395 0.862427 0.019492 0.035283
0 0.563350 0.587480 0.045937 0.025117
0 0.668745 0.324355 0.026514 0.047090
34 0.922817 0.862949 0.077627 0.050254
17 0.493018 0.954844 0.144082 0.090313
17 0.840869 0.954844 0.140859 0.090313
6 0.802153 0.818823 0.029033 0.031182
6 0.526353 0.815063 0.027959 0.027959
13 0.430112 0.577988 0.046240 0.059102
