34 0.573544 0.551172 0.131128 0.053359
6 0.052508 0.715181 0.031684 0.020342
0 0.315093 0.650420 0.055202 0.053848
34 0.025202 0.659194 0.047576 0.056650
6 0.662946 0.715278 0.029360 0.020205
34 0.416726 0.650752 0.132643 0.054199
34 0.286010 0.832539 0.048754 0.045840
21 0.503981 0.734614 0.072441 0.045752
34 0.140328 0.548794 0.131431 0.051396
0 0.230194 0.551167 0.050488 0.052686
34 0.220623 0.648608 0.139562 0.052549
34 0.759907 0.023408 0.132239 0.046465
34 0.634352 0.662842 0.049040 0.057813
34 0.582988 0.481450 0.080791 0.027959
34 0.749638 0.550449 0.130219 0.051348
34 0.026288 0.849141 0.047054 0.057402
34 0.191507 0.767368 0.151633 0.082803
11 0.057113 0.782002 0.114226 0.071582
0 0.836919 0.551279 0.052357 0.052793
34 0.802239 0.774048 0.154579 0.086084
34 0.582054 0.977471 0.079596 0.028477
34 0.418401 0.546675 0.081818 0.027646
11 0.661212 0.783286 0.125387 0.074600
34 0.759074 0.453608 0.081212 0.029189
0 0.505429 0.650283 0.049074 0.052793
34 0.635152 0.890923 0.049832 0.057490
34 0.129024 0.452661 0.082559 0.028564
1 0.051296 0.551328 0.045118 0.053281
11 0.613577 0.030781 0.127121 0.060918
34 0.506869 0.770308 0.166465 0.029287
