34 0.772734 0.230049 0.036973 0.061172
34 0.713950 0.570903 0.121982 0.071318
34 0.334097 0.705815 0.122627 0.072803
0 0.795405 0.572231 0.039463 0.075264
34 0.392490 0.573579 0.040547 0.063857
0 0.795552 0.336572 0.039443 0.074883
0 0.415903 0.707422 0.035654 0.073223
6 0.795767 0.143604 0.033076 0.028359
5 0.417910 0.907446 0.085234 0.059600
6 0.416421 0.460957 0.028350 0.027402
17 0.796582 0.823174 0.115605 0.121387
34 0.773198 0.937290 0.037549 0.061357
34 0.773418 0.680728 0.037500 0.061982
34 0.500439 0.329253 0.063652 0.038057
34 0.583467 0.784985 0.127773 0.109521
34 0.877788 0.441211 0.064209 0.039785
34 0.315718 0.909014 0.121670 0.073184
35 0.591235 0.142456 0.056494 0.113604
34 0.567900 0.495151 0.037129 0.082256
34 0.588232 0.044600 0.216152 0.089023
35 0.958853 0.793799 0.082295 0.053965
34 0.990762 0.393789 0.018477 0.066465
34 0.938887 0.678901 0.122227 0.115557
35 0.960908 0.855347 0.078184 0.052529
34 0.938906 0.657358 0.122090 0.075420
35 0.591045 0.671704 0.058398 0.115088
34 0.713882 0.336445 0.122158 0.071602
