34 0.654775 0.503681 0.098828 0.057486
34 0.343452 0.155975 0.175557 0.035107
35 0.305830 0.376612 0.085781 0.043867
34 0.804990 0.614594 0.196602 0.049166
34 0.309497 0.321838 0.128389 0.065231
35 0.589233 0.587785 0.043818 0.095141
35 0.818306 0.443021 0.044268 0.119504
0 0.573052 0.181494 0.040264 0.028579
35 0.952910 0.609092 0.094180 0.061747
34 0.309399 0.335474 0.128096 0.037531
34 0.820415 0.515411 0.161279 0.041375
34 0.600952 0.710552 0.179541 0.101308
0 0.373442 0.455829 0.019971 0.037362
0 0.818203 0.330654 0.035254 0.068906
35 0.373457 0.537796 0.045078 0.093698
34 0.427710 0.291539 0.101025 0.056652
34 0.801992 0.252565 0.026289 0.053630
34 0.600195 0.308005 0.098965 0.056821
34 0.929829 0.290800 0.027119 0.048298
34 0.375469 0.637880 0.177441 0.104397
0 0.665757 0.310045 0.033994 0.066809
34 0.755181 0.328940 0.090166 0.058354
35 0.340405 0.072897 0.050557 0.142052
0 0.589268 0.505817 0.020273 0.038918
3 0.427476 0.359419 0.061787 0.074645
34 0.438647 0.454070 0.098467 0.058873
34 0.648999 0.241172 0.025029 0.055039
