34 0.215752 0.779478 0.076309 0.041357
33 0.776826 0.595308 0.121113 0.072666
33 0.389883 0.448242 0.120371 0.071855
0 0.712383 0.757490 0.033359 0.055918
0 0.256733 0.979888 0.033311 0.040225
33 0.776831 0.424302 0.120850 0.069463
33 0.034658 0.352983 0.068770 0.070889
34 0.935396 0.821479 0.128486 0.081650
33 0.034414 0.525166 0.068750 0.070996
33 0.034395 0.272090 0.068594 0.072051
34 0.179038 0.267212 0.206455 0.055908
6 0.561699 0.622969 0.035508 0.034121
6 0.475884 0.581328 0.034502 0.034512
0 0.325967 0.716064 0.034727 0.057168
33 0.034683 0.437544 0.068604 0.072568
33 0.389683 0.282939 0.120811 0.073340
33 0.776475 0.342539 0.120918 0.071523
35 0.939614 0.727671 0.105596 0.046436
33 0.776807 0.508926 0.120840 0.070430
33 0.389360 0.364150 0.120674 0.069668
0 0.633403 0.666074 0.058896 0.036777
34 0.180649 0.434951 0.205381 0.058066
0 0.405117 0.623994 0.059434 0.037012
34 0.185493 0.518823 0.212900 0.053760
34 0.922852 0.503770 0.154297 0.047305
34 0.922314 0.418823 0.155371 0.047314
34 0.922852 0.340869 0.154297 0.041934
34 0.559146 0.445171 0.209678 0.048389
34 0.563452 0.364521 0.209678 0.056992
34 0.566138 0.280649 0.206455 0.052686
34 0.562983 0.531440 0.204404 0.047744
33 0.389624 0.534683 0.120674 0.072334
34 0.922598 0.592720 0.154199 0.049346
34 0.913198 0.681577 0.170244 0.043701
34 0.925078 0.963608 0.134531 0.072783
34 0.178208 0.351284 0.201357 0.050166
34 0.515303 0.819795 0.071621 0.043379
34 0.051387 0.779741 0.072383 0.041182
