34 0.189102 0.277456 0.046230 0.030381
34 0.740815 0.081680 0.290322 0.045156
34 0.738130 0.464473 0.190322 0.051621
34 0.081162 0.261787 0.162324 0.054844
34 0.166113 0.994136 0.089883 0.011729
34 0.117368 0.186064 0.234736 0.052090
34 0.749351 0.027310 0.304248 0.054248
34 0.109565 0.368452 0.218447 0.058682
33 0.166211 0.568882 0.036836 0.066670
34 0.508906 0.244863 0.050312 0.032305
34 0.605376 0.473623 0.045850 0.028086
34 0.070796 0.986489 0.102861 0.027021
34 0.687744 0.222949 0.217480 0.076934
34 0.791265 0.339580 0.214229 0.054238
34 0.895029 0.450781 0.112285 0.052227
35 0.973940 0.262563 0.051709 0.034561
35 0.165396 0.763926 0.076943 0.036484
34 0.961152 0.219351 0.077695 0.054443
34 0.098574 0.812617 0.100273 0.052051
34 0.866548 0.219175 0.111025 0.053604
34 0.631880 0.352783 0.043408 0.031426
34 0.165068 0.507339 0.099219 0.053369
34 0.179111 0.732080 0.094961 0.031094
34 0.122734 0.018193 0.114355 0.036191
34 0.077754 0.653267 0.093691 0.049111
33 0.101255 0.868530 0.037275 0.058779
34 0.070854 0.561812 0.099150 0.052744
34 0.083115 0.730532 0.095723 0.049385
34 0.960664 0.324951 0.078574 0.052363
34 0.040747 0.881162 0.057334 0.029551
34 0.082871 0.942539 0.107285 0.052402
34 0.414038 0.581670 0.185244 0.136230
34 0.009214 0.650908 0.018428 0.047715
0 0.093965 0.690801 0.030840 0.021523
0 0.075928 0.764629 0.030039 0.020684
0 0.978057 0.368691 0.043887 0.034395
0 0.894546 0.493262 0.049658 0.032422
0 0.870405 0.263437 0.049502 0.032305
0 0.018403 0.940586 0.019482 0.028809
1 0.071685 0.605708 0.050693 0.033916
32 0.410132 0.091187 0.046787 0.045615
