34 0.471514 0.010640 0.106094 0.021201
35 0.991499 0.566274 0.017002 0.094424
34 0.195952 0.455601 0.054170 0.032256
34 0.256162 0.378325 0.053184 0.033193
35 0.330786 0.188511 0.046709 0.100947
34 0.985937 0.643975 0.027988 0.048555
35 0.180791 0.188018 0.043516 0.100938
34 0.139297 0.901104 0.172539 0.059395
34 0.112827 0.297681 0.095146 0.060420
34 0.215620 0.763262 0.110732 0.060352
35 0.143916 0.676187 0.044883 0.100498
34 0.025425 0.057959 0.050850 0.059160
34 0.140420 0.581660 0.214746 0.090000
34 0.127251 0.809370 0.031416 0.047490
34 0.264448 0.297510 0.101240 0.059922
34 0.255015 0.069810 0.208877 0.139619
0 0.994976 0.710659 0.010049 0.048252
21 0.960732 0.886748 0.056465 0.074277
0 0.144707 0.763394 0.028086 0.049521
0 0.180942 0.297319 0.028154 0.050459
0 0.331606 0.297534 0.028701 0.049482
34 0.986294 0.352695 0.027412 0.326875
