34 0.096177 0.383405 0.192080 0.069448
21 0.570405 0.307384 0.034150 0.045885
34 0.505635 0.235231 0.107559 0.070462
0 0.572153 0.235806 0.022979 0.049245
34 0.431499 0.469380 0.067881 0.039707
35 0.415498 0.161477 0.084355 0.047914
22 0.451934 0.039989 0.112852 0.079977
34 0.113853 0.233168 0.120342 0.072244
34 0.941436 0.027108 0.116738 0.054216
34 0.299185 0.162892 0.139326 0.073315
21 0.754443 0.154481 0.034961 0.047678
34 0.501523 0.118591 0.114316 0.066336
0 0.754609 0.081905 0.022852 0.049154
21 0.038262 0.313557 0.054453 0.078478
0 0.498994 0.163878 0.042324 0.026832
35 0.843896 0.018901 0.083770 0.037802
34 0.689165 0.082413 0.106182 0.067486
0 0.038760 0.231082 0.022910 0.049042
