34 0.817651 0.155107 0.083447 0.052875
34 0.905825 0.516815 0.030615 0.054870
34 0.754824 0.284865 0.107012 0.051533
34 0.544170 0.160722 0.084922 0.051883
34 0.446167 0.062339 0.082920 0.051669
34 0.978667 0.099803 0.042666 0.054036
34 0.638159 0.063196 0.083721 0.051646
34 0.984375 0.161843 0.030840 0.052570
34 0.459678 0.185006 0.042402 0.032627
34 0.544756 0.049932 0.084199 0.052740
34 0.985327 0.037153 0.028936 0.054081
34 0.743604 0.219194 0.027598 0.047723
0 0.445288 0.105699 0.048467 0.032570
35 0.407744 0.284380 0.110840 0.043010
6 0.761021 0.080417 0.024092 0.045209
14 0.542148 0.108236 0.056230 0.059109
0 0.637700 0.106325 0.052080 0.034656
0 0.541128 0.203202 0.050635 0.034656
0 0.758862 0.155812 0.025322 0.056787
