34 0.885562 0.596587 0.102900 0.091572
33 0.479102 0.006675 0.069258 0.013350
34 0.702813 0.994463 0.024336 0.011074
34 0.561323 0.009414 0.089287 0.018828
34 0.426250 0.449854 0.024785 0.041406
35 0.718306 0.405542 0.037900 0.088252
34 0.985117 0.451040 0.025937 0.043389
34 0.802407 0.747622 0.095029 0.056982
34 0.425083 0.125278 0.026064 0.041787
34 0.055132 0.241787 0.044111 0.026191
34 0.329409 0.468594 0.045654 0.026367
34 0.079209 0.291455 0.094883 0.053906
34 0.906436 0.146206 0.044160 0.026396
34 0.769780 0.214004 0.092588 0.055918
34 0.665679 0.271611 0.090635 0.055742
34 0.982588 0.124009 0.027305 0.042236
34 0.547432 0.602725 0.098164 0.091445
34 0.517544 0.147324 0.044697 0.026465
34 0.264814 0.719829 0.082324 0.045322
34 0.554478 0.280859 0.082471 0.053027
35 0.363369 0.131157 0.036230 0.087900
0 0.861455 0.805132 0.023965 0.039893
0 0.609546 0.270718 0.023486 0.040850
34 0.136396 0.550029 0.094531 0.058164
0 0.439204 0.219780 0.033584 0.059111
0 0.828013 0.215073 0.023506 0.039932
33 0.474756 0.278452 0.068359 0.043525
34 0.776167 0.960972 0.047432 0.025420
1 0.439531 0.378286 0.033281 0.061084
11 0.971167 0.610591 0.057666 0.107041
1 0.989863 0.379868 0.020273 0.060576
11 0.437637 0.609790 0.112422 0.108389
13 0.162896 0.255127 0.049482 0.065039
0 0.990039 0.216997 0.019805 0.057646
0 0.077910 0.333428 0.059961 0.033105
34 0.612607 0.806982 0.090293 0.055801
34 0.377285 0.379844 0.089473 0.057207
34 0.377075 0.827153 0.089561 0.058213
34 0.933667 0.218076 0.092295 0.056758
34 0.302349 0.204731 0.090908 0.058057
34 0.499541 0.218745 0.088613 0.055850
34 0.361138 0.043916 0.129697 0.087129
34 0.265088 0.662100 0.081816 0.045898
34 0.933887 0.825107 0.093281 0.058086
34 0.887549 0.279614 0.086230 0.052842
0 0.990435 0.825786 0.019131 0.056045
0 0.206099 0.549229 0.033662 0.060449
0 0.438833 0.825752 0.034033 0.059336
0 0.552236 0.803931 0.025059 0.041455
0 0.552427 0.748364 0.024287 0.040791
0 0.363491 0.204795 0.024209 0.040410
0 0.363335 0.257812 0.024443 0.039531
0 0.609473 0.214834 0.024043 0.040918
0 0.861274 0.748433 0.024150 0.040557
0 0.828096 0.270723 0.023867 0.041309
34 0.769380 0.273403 0.093135 0.054561
34 0.724048 0.489604 0.132822 0.089482
34 0.302715 0.265229 0.090723 0.055889
33 0.335605 0.664868 0.055781 0.044033
34 0.802002 0.808169 0.094375 0.057314
34 0.931519 0.378125 0.095713 0.058535
34 0.153760 0.374258 0.028223 0.045195
34 0.668662 0.212505 0.090039 0.055791
34 0.613105 0.747153 0.090820 0.056748
33 0.336094 0.721973 0.056426 0.043613
33 0.964067 0.278887 0.063350 0.044258
34 0.164268 0.192808 0.095781 0.057178
34 0.329160 0.316909 0.043848 0.027314
