0 0.111870 0.294521 0.034482 0.064668
34 0.404111 0.052412 0.097930 0.059824
34 0.899736 0.458276 0.072773 0.032920
34 0.904253 0.689565 0.191494 0.084521
34 0.749419 0.992026 0.100049 0.015947
34 0.093301 0.149399 0.032988 0.063447
34 0.542168 0.082568 0.076992 0.034785
34 0.044033 0.293994 0.088066 0.064336
34 0.044722 0.216636 0.089443 0.061221
0 0.111982 0.217217 0.034258 0.064199
6 0.750605 0.105767 0.036953 0.033115
6 0.035366 0.104126 0.038623 0.033506
21 0.111992 0.376064 0.058066 0.077422
0 0.406201 0.103730 0.078340 0.040977
5 0.824731 0.991704 0.036279 0.016592
