34 0.226987 0.505958 0.049443 0.036404
34 0.891270 0.204245 0.123125 0.109526
34 0.339639 0.321246 0.097051 0.057802
11 0.590391 0.531150 0.071719 0.082796
33 0.702305 0.489966 0.044355 0.070846
34 0.701611 0.423016 0.093379 0.058433
34 0.933213 0.478275 0.093887 0.058399
34 0.220967 0.565958 0.097910 0.055547
0 0.934473 0.528963 0.057852 0.039707
33 0.335327 0.268613 0.076221 0.050981
34 0.225190 0.323123 0.097334 0.057159
34 0.962090 0.078112 0.075820 0.058997
34 0.953877 0.365936 0.092246 0.059628
34 0.296235 0.572142 0.031533 0.055626
0 0.424712 0.528033 0.057842 0.038140
34 0.076411 0.290930 0.027744 0.048038
0 0.223730 0.612413 0.059258 0.037069
33 0.220908 0.250107 0.047168 0.089098
34 0.024312 0.512074 0.048623 0.049560
34 0.788906 0.625631 0.059805 0.038140
35 0.107583 0.610716 0.112119 0.058298
34 0.590430 0.433720 0.122246 0.106110
34 0.850776 0.508929 0.041592 0.030755
34 0.421445 0.478450 0.094531 0.056629
34 0.993647 0.463326 0.012705 0.050688
6 0.510166 0.529662 0.027363 0.024329
