34 0.864863 0.941250 0.033516 0.057266
0 0.233750 0.544687 0.023184 0.041055
0 0.788428 0.888066 0.039199 0.023398
0 0.309946 0.274033 0.023154 0.038965
6 0.310708 0.220156 0.022959 0.020391
21 0.234287 0.609873 0.042988 0.051699
3 0.146626 0.969033 0.072588 0.061934
6 0.649829 0.735757 0.033682 0.041709
13 0.658340 0.673418 0.070762 0.093965
0 0.055117 0.544707 0.022813 0.041152
21 0.054863 0.610791 0.042168 0.052207
3 0.869800 0.797852 0.070967 0.067617
34 0.374023 0.355557 0.103437 0.058047
33 0.854097 0.582661 0.059697 0.045811
34 0.296704 0.542256 0.101475 0.058281
34 0.766279 0.583018 0.112695 0.060781
34 0.951831 0.799878 0.096338 0.059111
34 0.484058 0.653442 0.103486 0.061904
34 0.373364 0.435034 0.103115 0.057432
34 0.950962 0.543735 0.098076 0.059463
34 0.784067 0.846680 0.103975 0.056699
34 0.021641 0.544814 0.042891 0.058359
34 0.145674 0.908257 0.108125 0.058174
34 0.875791 0.398613 0.114141 0.062207
34 0.373496 0.272578 0.102734 0.058965
33 0.289663 0.355186 0.060537 0.043984
33 0.400244 0.652339 0.059004 0.044893
33 0.289648 0.435249 0.060312 0.043271
34 0.146235 0.165884 0.162412 0.129209
34 0.622036 0.596465 0.117588 0.060605
34 0.760615 0.663931 0.051680 0.034014
33 0.962476 0.406313 0.063057 0.044014
34 0.630659 0.870269 0.034932 0.048838
34 0.346230 0.717666 0.035020 0.058750
