34 0.164087 0.116006 0.052432 0.029004
34 0.924004 0.017690 0.077871 0.035381
0 0.980347 0.902129 0.038193 0.026230
0 0.841587 0.264092 0.025635 0.044414
11 0.772588 0.901616 0.094629 0.089248
17 0.493018 0.130112 0.137637 0.135479
0 0.598877 0.370776 0.016191 0.024795
34 0.405425 0.016147 0.075537 0.032217
34 0.397988 0.978818 0.084062 0.042363
34 0.955669 0.199609 0.088467 0.100176
0 0.454497 0.013306 0.019229 0.026123
34 0.550396 0.371709 0.078740 0.050723
34 0.938779 0.291616 0.084258 0.049854
34 0.445972 0.449033 0.157725 0.075879
34 0.576255 0.017690 0.076318 0.035166
0 0.493843 0.263872 0.026221 0.045205
0 0.456396 0.979951 0.026680 0.040020
34 0.888457 0.448569 0.158984 0.075186
35 0.666885 0.481650 0.040059 0.088242
34 0.771113 0.806729 0.118496 0.104570
17 0.841577 0.130503 0.142314 0.136318
35 0.887305 0.373076 0.044180 0.070273
35 0.443164 0.373091 0.044453 0.070107
34 0.666548 0.542856 0.162197 0.034600
34 0.069741 0.864150 0.084131 0.050840
34 0.850391 0.549058 0.085625 0.050908
34 0.267993 0.567568 0.051045 0.032402
0 0.802144 0.014189 0.020791 0.027930
0 0.873149 0.014033 0.018936 0.028066
33 0.558467 0.866318 0.039668 0.068027
0 0.856611 0.585601 0.045098 0.024873
34 0.555020 0.803511 0.084238 0.052041
21 0.598691 0.431538 0.040527 0.052842
33 0.288218 0.106465 0.038975 0.053809
34 0.971631 0.864146 0.056680 0.050322
0 0.443359 0.292744 0.020312 0.033477
34 0.285767 0.048438 0.085322 0.059258
0 0.887363 0.292905 0.019258 0.033779
34 0.442505 0.932515 0.025400 0.042939
34 0.358218 0.190718 0.117334 0.098779
34 0.549839 0.263247 0.077646 0.050791
34 0.789556 0.263013 0.077998 0.051123
0 0.526772 0.013198 0.019482 0.026396
34 0.753203 0.017686 0.076855 0.035137
34 0.390889 0.292441 0.080488 0.050898
0 0.071167 0.903218 0.045557 0.027412
