34 0.310518 0.918149 0.035000 0.022979
34 0.903608 0.234844 0.021025 0.035547
34 0.590791 0.502246 0.032344 0.022539
34 0.470039 0.234634 0.022617 0.034990
34 0.779268 0.069326 0.020898 0.033711
34 0.903408 0.607090 0.070820 0.036055
34 0.713208 0.069961 0.020342 0.034219
34 0.591118 0.545659 0.033311 0.021846
34 0.591240 0.584238 0.032617 0.021660
34 0.948110 0.787783 0.020850 0.033750
34 0.948477 0.888813 0.020898 0.035908
34 0.856914 0.671475 0.034238 0.022754
33 0.906514 0.655327 0.036621 0.056143
34 0.747666 0.888921 0.020898 0.035303
34 0.787754 0.816094 0.031914 0.018691
34 0.500771 0.029844 0.023125 0.035898
34 0.749419 0.069209 0.020752 0.033730
34 0.746646 0.801797 0.021846 0.034629
34 0.987363 0.787432 0.020195 0.034043
34 0.854214 0.052783 0.117139 0.102012
34 0.558052 0.130205 0.118701 0.100527
34 0.785078 0.756577 0.038398 0.018604
34 0.678330 0.675581 0.120391 0.103643
0 0.558706 0.061943 0.055576 0.035937
6 0.760352 0.840327 0.019336 0.021768
6 0.961294 0.843579 0.018525 0.018760
6 0.762622 0.122529 0.016924 0.017891
34 0.100903 0.012759 0.040674 0.020928
35 0.016763 0.217754 0.033525 0.039473
34 0.009453 0.126055 0.018906 0.019551
34 0.748516 0.234585 0.021387 0.035830
