34 0.706509 0.572363 0.097158 0.042715
34 0.269785 0.703057 0.019160 0.038398
34 0.190796 0.351323 0.068818 0.045283
34 0.774019 0.987778 0.066436 0.024443
34 0.302119 0.326948 0.047187 0.021514
34 0.236885 0.259468 0.019629 0.042158
34 0.673672 0.471133 0.081543 0.070605
34 0.708857 0.617656 0.105449 0.042129
34 0.704790 0.905723 0.035850 0.021680
34 0.474619 0.291211 0.069258 0.039277
34 0.472373 0.457871 0.069688 0.040840
34 0.275068 0.126870 0.050449 0.021787
34 0.207744 0.495674 0.048828 0.021289
34 0.367271 0.291343 0.070518 0.040127
34 0.706836 0.123760 0.050293 0.025371
34 0.522310 0.267407 0.021396 0.042627
33 0.637837 0.531948 0.035420 0.037803
34 0.614902 0.354639 0.068691 0.041973
33 0.636074 0.619932 0.036777 0.036816
34 0.146719 0.884326 0.072168 0.041504
34 0.465186 0.178296 0.068730 0.040186
34 0.966953 0.319746 0.065996 0.042734
34 0.772300 0.778555 0.069717 0.043672
34 0.475264 0.547866 0.069180 0.041357
34 0.018276 0.477173 0.036553 0.060557
34 0.351362 0.090879 0.069111 0.039453
34 0.364941 0.457710 0.069160 0.039482
33 0.706763 0.780352 0.054951 0.039531
34 0.308213 0.782754 0.021875 0.045762
34 0.196797 0.969736 0.062676 0.039219
34 0.459912 0.090776 0.068809 0.039600
34 0.964346 0.659131 0.070879 0.042969
34 0.702563 0.528931 0.068916 0.039990
34 0.423506 0.327637 0.048379 0.022988
34 0.976284 0.260566 0.047314 0.044082
34 0.466182 0.378311 0.067754 0.042109
33 0.635151 0.577222 0.037119 0.037744
3 0.371162 0.332710 0.042402 0.043057
0 0.571885 0.351836 0.016406 0.028809
4 0.478555 0.332358 0.045488 0.042588
21 0.571499 0.386704 0.029443 0.035928
4 0.481768 0.501128 0.043633 0.044521
0 0.430605 0.546948 0.015781 0.028682
0 0.007607 0.972339 0.014883 0.027100
21 0.420200 0.212788 0.033877 0.035889
21 0.430034 0.581553 0.031611 0.036113
3 0.367393 0.500698 0.044121 0.044443
4 0.462720 0.132534 0.044521 0.042939
21 0.229502 0.385815 0.030020 0.034287
3 0.150205 0.925991 0.044316 0.043838
0 0.239595 0.972476 0.014873 0.027178
0 0.420176 0.179102 0.016035 0.028555
5 0.907925 0.658760 0.034443 0.025078
0 0.421816 0.377876 0.015410 0.028330
0 0.230610 0.351636 0.013643 0.028252
3 0.355801 0.132295 0.044082 0.042637
21 0.421167 0.412622 0.032002 0.035029
