35 0.232837 0.767920 0.049072 0.113359
1 0.233970 0.972813 0.038193 0.054375
34 0.443013 0.884409 0.100928 0.066494
34 0.914790 0.360225 0.170420 0.060215
35 0.853311 0.275337 0.050430 0.106904
34 0.311934 0.545430 0.051836 0.026602
3 0.679697 0.439209 0.089766 0.085566
34 0.571187 0.437144 0.111221 0.064443
34 0.118008 0.883687 0.101328 0.065850
34 0.977158 0.545029 0.045645 0.026875
34 0.680181 0.318594 0.029717 0.052402
1 0.324346 0.972832 0.039824 0.054336
34 0.834175 0.125342 0.028311 0.061934
34 0.400552 0.976182 0.100830 0.047637
3 0.345024 0.884492 0.086689 0.082168
34 0.280049 0.680830 0.227813 0.057598
3 0.214795 0.885127 0.086035 0.082188
34 0.157139 0.977739 0.102285 0.044521
6 0.597427 0.562295 0.027939 0.024004
34 0.013110 0.883945 0.026143 0.066680
35 0.325049 0.767920 0.049316 0.113379
