34 0.479468 0.620991 0.060303 0.039893
34 0.626563 0.028613 0.088203 0.049941
34 0.870767 0.542563 0.056416 0.031064
21 0.213833 0.354399 0.030127 0.026104
8 0.228394 0.086826 0.045186 0.049199
9 0.089839 0.087827 0.045186 0.045186
0 0.965815 0.674336 0.022783 0.039785
0 0.868340 0.619004 0.021699 0.041230
0 0.956411 0.402715 0.023506 0.039785
0 0.099609 0.440278 0.015625 0.030322
0 0.519248 0.347129 0.023867 0.040508
0 0.423042 0.403184 0.023877 0.041953
0 0.751123 0.213018 0.015547 0.030020
0 0.518599 0.619146 0.024951 0.043760
34 0.696240 0.842476 0.161289 0.050537
34 0.694629 0.521514 0.213984 0.040859
33 0.626279 0.073188 0.029824 0.035244
33 0.016836 0.142412 0.033672 0.038379
33 0.015537 0.099370 0.031074 0.035264
6 0.751519 0.189941 0.015186 0.012656
0 0.211362 0.321177 0.016572 0.030322
0 0.211987 0.284136 0.018447 0.031260
0 0.422930 0.677012 0.021699 0.045215
0 0.867402 0.346289 0.023145 0.042676
30 0.331304 0.097368 0.052217 0.062256
30 0.152588 0.023584 0.060234 0.047168
5 0.098872 0.379492 0.039150 0.032129
34 0.166265 0.280239 0.069951 0.039502
34 0.473560 0.346646 0.067197 0.042998
34 0.294321 0.533218 0.036592 0.017432
33 0.454673 0.066265 0.028896 0.037998
34 0.495435 0.232041 0.034795 0.014863
34 0.015229 0.049131 0.030420 0.054395
34 0.516382 0.539248 0.057666 0.034766
34 0.799019 0.210107 0.075400 0.044434
34 0.896387 0.729629 0.028828 0.018027
34 0.227344 0.044717 0.076230 0.044238
34 0.913740 0.349570 0.066426 0.040371
34 0.421230 0.086978 0.041309 0.017705
34 0.085366 0.046289 0.077490 0.045742
34 0.448066 0.022939 0.077324 0.045859
34 0.054404 0.437471 0.070918 0.043613
34 0.517778 0.266406 0.057178 0.034883
34 0.963223 0.495122 0.066211 0.040674
34 0.455190 0.803169 0.035732 0.019248
34 0.326978 0.046353 0.100049 0.047510
34 0.847305 0.664092 0.031738 0.015117
34 0.541860 0.391460 0.030771 0.015049
34 0.489707 0.457974 0.029980 0.016533
34 0.012964 0.198452 0.025928 0.047373
34 0.990098 0.427949 0.019414 0.042305
33 0.518179 0.067656 0.030068 0.040957
34 0.915679 0.510703 0.033584 0.016738
34 0.553286 0.164609 0.035498 0.020195
34 0.471660 0.281006 0.034492 0.015527
34 0.300981 0.258735 0.033818 0.016377
34 0.495352 0.730347 0.029453 0.017295
34 0.477573 0.508501 0.033506 0.012666
34 0.847402 0.390620 0.031953 0.015537
34 0.538882 0.665347 0.027920 0.016592
34 0.988691 0.674390 0.022344 0.042119
34 0.893340 0.456758 0.030254 0.017461
34 0.852480 0.163325 0.037051 0.020322
34 0.457305 0.553423 0.032910 0.017314
34 0.897046 0.232368 0.033037 0.015693
34 0.376230 0.403315 0.067148 0.042354
34 0.909614 0.405532 0.067139 0.042686
34 0.929604 0.553618 0.036221 0.017490
34 0.420425 0.490024 0.062275 0.039541
34 0.870757 0.266348 0.059619 0.035508
34 0.423765 0.217554 0.060361 0.038154
34 0.908408 0.619731 0.059180 0.039697
34 0.464575 0.675479 0.060049 0.041836
34 0.954648 0.217207 0.060957 0.039512
34 0.530317 0.022905 0.082627 0.044971
34 0.163623 0.321519 0.071543 0.041182
