33 0.642397 0.779111 0.059619 0.038125
34 0.847290 0.202646 0.305420 0.052695
34 0.436812 0.894170 0.031475 0.047344
33 0.642886 0.701914 0.060459 0.037344
33 0.426675 0.484678 0.057002 0.039805
34 0.380327 0.285708 0.099482 0.055205
34 0.589863 0.854517 0.031543 0.046553
34 0.341377 0.484712 0.104258 0.056357
34 0.923311 0.535605 0.153379 0.132852
34 0.345308 0.644341 0.102471 0.054697
34 0.588071 0.352744 0.032939 0.048203
33 0.426650 0.561919 0.057012 0.037432
33 0.427573 0.643789 0.055439 0.038672
34 0.386558 0.063896 0.099658 0.054707
33 0.641978 0.627422 0.059561 0.039121
34 0.541924 0.494727 0.099668 0.054238
34 0.725361 0.781357 0.100469 0.055957
34 0.343652 0.563911 0.099941 0.055830
34 0.364136 0.919189 0.102412 0.052285
34 0.727251 0.703984 0.100361 0.055078
34 0.726089 0.630112 0.102744 0.054873
34 0.356919 0.818013 0.104209 0.054072
34 0.369565 0.732417 0.167900 0.057236
34 0.364722 0.973569 0.105283 0.052666
3 0.274062 0.819619 0.057500 0.049199
0 0.609175 0.497563 0.039150 0.059795
0 0.456929 0.066577 0.040439 0.062451
0 0.302046 0.919707 0.019326 0.028809
5 0.456699 0.284810 0.056836 0.034912
0 0.301987 0.974360 0.019209 0.030068
