6 0.022827 0.741245 0.018389 0.018389
0 0.714082 0.680024 0.055586 0.031338
6 0.585161 0.743335 0.014209 0.018389
0 0.372236 0.680234 0.043047 0.022559
34 0.754263 0.660518 0.020186 0.032930
34 0.158423 0.819634 0.021826 0.034775
34 0.056030 0.453218 0.033311 0.018604
34 0.142197 0.572329 0.033164 0.021533
34 0.547290 0.677617 0.020205 0.034453
34 0.572520 0.815381 0.019355 0.034082
34 0.433018 0.819810 0.021973 0.035068
34 0.613052 0.674824 0.019873 0.033184
34 0.411226 0.656270 0.020771 0.034238
34 0.571938 0.453330 0.032646 0.018496
34 0.489238 0.510615 0.067461 0.038359
34 0.038887 0.683564 0.020156 0.033301
34 0.189126 0.658970 0.021475 0.035459
34 0.380635 0.741768 0.114629 0.099434
33 0.489321 0.557007 0.035518 0.054326
34 0.508984 0.755952 0.117598 0.102295
34 0.109585 0.510527 0.065557 0.037969
34 0.113755 0.659810 0.107236 0.099326
34 0.773535 0.763589 0.021973 0.034971
34 0.009858 0.815791 0.019717 0.035039
34 0.237896 0.738833 0.109268 0.095967
34 0.687026 0.758247 0.131768 0.105654
33 0.111626 0.557163 0.035088 0.054092
34 0.519292 0.573335 0.031689 0.019795
34 0.825679 0.524863 0.022666 0.032793
34 0.602974 0.402520 0.020732 0.034023
34 0.009780 0.683511 0.019385 0.033604
34 0.571851 0.679395 0.020225 0.033594
34 0.857998 0.314624 0.022148 0.033545
0 0.246450 0.678984 0.041377 0.024238
34 0.637891 0.312686 0.020332 0.034336
