34 0.222505 0.269810 0.073467 0.042061
34 0.925762 0.948345 0.096777 0.047314
33 0.574946 0.318164 0.037861 0.051289
34 0.052725 0.955640 0.036289 0.025166
33 0.222764 0.318198 0.036621 0.051318
34 0.593242 0.949370 0.088418 0.049229
34 0.082847 0.274482 0.075479 0.040703
34 0.318003 0.270220 0.073975 0.040928
33 0.318540 0.318325 0.038330 0.051201
34 0.030552 0.414648 0.061104 0.039258
34 0.825635 0.845151 0.044219 0.021377
34 0.574863 0.270093 0.075078 0.041436
34 0.420684 0.332002 0.044590 0.022988
34 0.477197 0.269375 0.075293 0.042227
33 0.478193 0.318032 0.037910 0.052178
8 0.484478 0.948335 0.128721 0.050771
3 0.030156 0.469478 0.060312 0.072529
6 0.022275 0.347183 0.018984 0.019600
3 0.086533 0.330283 0.069961 0.071016
6 0.777383 0.863818 0.026895 0.021055
6 0.395625 0.703281 0.022754 0.019805
