34 0.944995 0.257729 0.110010 0.072549
34 0.543130 0.019614 0.130283 0.039229
34 0.341460 0.019702 0.127803 0.039404
34 0.960078 0.019126 0.079434 0.038252
34 0.801948 0.381030 0.064189 0.040205
35 0.960508 0.560723 0.078984 0.057344
3 0.612300 0.258374 0.079697 0.077666
1 0.628740 0.129111 0.037578 0.074043
3 0.407031 0.258228 0.078906 0.077529
34 0.307485 0.258760 0.120635 0.072949
34 0.512373 0.258003 0.119141 0.070830
34 0.339331 0.126343 0.121846 0.074795
1 0.423154 0.128735 0.037656 0.074756
34 0.544395 0.125605 0.121777 0.073789
34 0.960356 0.125737 0.079092 0.073877
34 0.745508 0.560371 0.346973 0.126348
34 0.398765 0.349111 0.038467 0.061641
34 0.605688 0.349004 0.037861 0.061074
