33 0.676348 0.563989 0.078496 0.069893
13 0.084419 0.973657 0.049463 0.052686
33 0.676885 0.474741 0.079570 0.067744
34 0.934863 0.488184 0.038887 0.059629
34 0.073755 0.894932 0.093857 0.105781
32 0.575132 0.578135 0.067158 0.057148
34 0.209355 0.969248 0.094375 0.061504
32 0.958799 0.570273 0.060020 0.061445
34 0.412627 0.980396 0.102676 0.039209
34 0.521006 0.978579 0.104746 0.042842
34 0.956187 0.977959 0.087627 0.044082
34 0.553726 0.436323 0.032666 0.060674
34 0.803149 0.482476 0.165420 0.059639
34 0.804448 0.572705 0.172158 0.068965
