0 0.888726 0.343760 0.021143 0.036328
3 0.433071 0.650229 0.071377 0.059209
35 0.447319 0.791401 0.041943 0.092471
35 0.762910 0.548931 0.047305 0.095693
35 0.943555 0.145171 0.040859 0.092471
35 0.675815 0.194629 0.034404 0.094629
6 0.878433 0.866665 0.024990 0.026143
3 0.958345 0.348833 0.065791 0.052354
34 0.591709 0.376045 0.084258 0.052441
34 0.656919 0.307026 0.027334 0.056025
34 0.365381 0.469268 0.089629 0.050645
34 0.428350 0.555991 0.028242 0.044814
34 0.574004 0.493022 0.085605 0.053330
34 0.744761 0.338848 0.030029 0.044375
34 0.759551 0.611338 0.053340 0.024648
34 0.842461 0.471284 0.089180 0.046611
34 0.792490 0.419521 0.041230 0.026445
34 0.832373 0.347812 0.086035 0.051543
34 0.915288 0.274985 0.043916 0.022412
34 0.925596 0.225908 0.025098 0.053340
34 0.842012 0.184688 0.085605 0.049766
34 0.683809 0.122827 0.181504 0.060498
34 0.940615 0.091230 0.118770 0.032266
34 0.983638 0.212915 0.032725 0.029131
33 0.974004 0.488760 0.051992 0.042129
33 0.973330 0.552402 0.053340 0.043027
33 0.973105 0.678345 0.053789 0.037646
33 0.974229 0.835425 0.051543 0.038994
34 0.809741 0.790830 0.088291 0.048398
34 0.728403 0.849766 0.052881 0.027344
34 0.657593 0.674082 0.027783 0.047051
34 0.596860 0.769097 0.088291 0.053330
34 0.829019 0.954189 0.086494 0.050645
34 0.914395 0.886738 0.043926 0.025996
34 0.445605 0.860972 0.110254 0.053330
34 0.348350 0.653467 0.086953 0.050645
3 0.811230 0.848535 0.054102 0.061719
3 0.842871 0.241699 0.050391 0.060352
1 0.941133 0.953511 0.029609 0.051553
22 0.941606 0.616782 0.076240 0.065518
11 0.941519 0.757559 0.092744 0.092461
6 0.675586 0.605947 0.025195 0.025176
5 0.674902 0.763770 0.061914 0.026758
5 0.448047 0.464551 0.058008 0.024414
5 0.674429 0.374922 0.064814 0.026992
6 0.675830 0.806929 0.027793 0.022646
3 0.658950 0.489600 0.069189 0.055918
0 0.886294 0.954414 0.021357 0.042715
0 0.842734 0.433379 0.039902 0.024727
