0 0.227593 0.010806 0.028662 0.021611
0 0.106582 0.553403 0.028887 0.050088
13 0.631406 0.113267 0.037656 0.054248
11 0.933433 0.965444 0.071494 0.069111
34 0.473105 0.011060 0.082187 0.022119
34 0.645381 0.011421 0.079355 0.022842
34 0.018789 0.011196 0.036973 0.022393
34 0.491226 0.309204 0.047939 0.027783
34 0.809268 0.011826 0.085117 0.023574
34 0.323145 0.010234 0.074453 0.020469
34 0.769971 0.950522 0.051914 0.026377
34 0.870210 0.566489 0.046572 0.028506
13 0.460830 0.114941 0.037031 0.049863
0 0.875449 0.010747 0.029766 0.021494
34 0.846528 0.840425 0.046553 0.026865
34 0.723770 0.471240 0.117891 0.050840
34 0.168818 0.010879 0.073535 0.021758
34 0.778496 0.748809 0.045020 0.027285
3 0.708848 0.706016 0.058437 0.051230
0 0.980625 0.857627 0.037891 0.027148
34 0.748237 0.985718 0.071279 0.028564
34 0.863442 0.724849 0.083174 0.049678
0 0.709067 0.010811 0.027783 0.021621
0 0.980811 0.765181 0.037813 0.026064
35 0.721958 0.533936 0.034287 0.077266
0 0.539204 0.010933 0.028389 0.021709
0 0.227305 0.218394 0.028574 0.048760
34 0.660317 0.427134 0.049834 0.029756
0 0.538682 0.218555 0.027969 0.048340
33 0.010781 0.421548 0.021562 0.044209
34 0.973682 0.011450 0.052637 0.022900
34 0.865039 0.896504 0.073848 0.049414
34 0.959702 0.063193 0.079014 0.050566
33 0.866177 0.944077 0.031885 0.043447
34 0.022148 0.372651 0.044297 0.052725
6 0.147734 0.286016 0.024688 0.018516
1 0.181069 0.377695 0.027412 0.050312
34 0.636982 0.708906 0.072734 0.050840
34 0.649370 0.218154 0.077705 0.049824
34 0.979185 0.541528 0.041631 0.051045
34 0.814829 0.218208 0.079639 0.050713
34 0.790435 0.063232 0.079912 0.050313
34 0.169521 0.218726 0.079570 0.051768
34 0.051333 0.112397 0.027490 0.047236
34 0.971953 0.218066 0.056094 0.050625
1 0.721631 0.806865 0.028477 0.050527
34 0.311782 0.061987 0.080205 0.050908
13 0.149575 0.114351 0.036104 0.051514
34 0.161816 0.553213 0.080371 0.051348
34 0.146255 0.061499 0.081240 0.051162
34 0.660967 0.808579 0.073242 0.053076
34 0.482275 0.217324 0.079258 0.051387
0 0.381772 0.011079 0.028604 0.021963
34 0.693940 0.109800 0.025381 0.046064
34 0.466313 0.065195 0.079502 0.048809
34 0.323628 0.215908 0.078760 0.051953
34 0.024058 0.217280 0.048096 0.053701
13 0.965845 0.113848 0.038076 0.053125
34 0.653018 0.635669 0.072910 0.052588
34 0.973096 0.819668 0.053809 0.050781
34 0.972456 0.727910 0.055088 0.050801
13 0.797612 0.114028 0.037158 0.051846
0 0.874653 0.218594 0.028916 0.049160
34 0.366821 0.109863 0.026846 0.046172
34 0.860269 0.111543 0.027100 0.046152
34 0.234121 0.377070 0.077070 0.051445
0 0.708711 0.218687 0.028066 0.048643
13 0.314424 0.114131 0.037832 0.051855
34 0.012988 0.060298 0.025898 0.049678
0 0.381763 0.216328 0.027451 0.049902
34 0.522988 0.109761 0.027051 0.045947
34 0.212148 0.111895 0.027188 0.047266
34 0.624946 0.059541 0.081338 0.050176
0 0.065605 0.218359 0.027930 0.049336
5 0.812749 0.991069 0.040283 0.017861
0 0.865122 0.765464 0.053799 0.034775
15 0.722588 0.635493 0.056992 0.053760
