35 0.419771 0.987617 0.134014 0.024766
34 0.422354 0.013789 0.129375 0.027578
35 0.417866 0.941216 0.133760 0.054736
34 0.206475 0.875498 0.038730 0.062266
35 0.427085 0.086069 0.054736 0.112764
34 0.122954 0.547544 0.064131 0.038936
35 0.872339 0.179146 0.055928 0.120127
34 0.205464 0.621040 0.039307 0.061924
34 0.027720 0.501475 0.055439 0.073926
35 0.426973 0.566509 0.055586 0.116885
34 0.149238 0.452075 0.120703 0.074463
34 0.403989 0.446426 0.035088 0.081348
34 0.593115 0.966992 0.210117 0.065742
34 0.425195 0.678452 0.209258 0.109346
34 0.771299 0.052324 0.121895 0.072793
34 0.096807 0.793564 0.064844 0.038555
34 0.720293 0.714185 0.125410 0.071084
34 0.308481 0.230366 0.120381 0.070322
34 0.345771 0.325874 0.120449 0.071572
34 0.929893 0.745054 0.123770 0.070986
34 0.146777 0.710083 0.122227 0.072725
34 0.843638 0.329204 0.312725 0.191748
1 0.427563 0.325137 0.037451 0.071797
5 0.935933 0.818120 0.066592 0.076924
5 0.872314 0.051802 0.084434 0.058564
0 0.228960 0.450786 0.038311 0.072842
0 0.228594 0.709751 0.037910 0.073076
17 0.229531 0.956963 0.126016 0.086074
3 0.411909 0.229619 0.079658 0.075078
