34 0.840869 0.313525 0.069922 0.043828
34 0.653433 0.313623 0.070889 0.043457
34 0.626084 0.761333 0.023379 0.034385
34 0.788638 0.815488 0.022881 0.034434
34 0.982534 0.921494 0.034736 0.044785
0 0.638857 0.722285 0.022168 0.036172
22 0.138931 0.388809 0.044443 0.043691
0 0.840371 0.415571 0.034023 0.020381
0 0.652827 0.206406 0.033604 0.019414
0 0.971333 0.657217 0.018682 0.032266
3 0.793975 0.857461 0.039277 0.040332
5 0.375410 0.789404 0.033242 0.059434
0 0.066030 0.388125 0.033604 0.018359
0 0.840415 0.206196 0.033486 0.019600
0 0.520947 0.597466 0.032285 0.019014
0 0.754004 0.691040 0.017480 0.033604
0 0.840381 0.345532 0.033633 0.019678
0 0.916626 0.950103 0.017803 0.031768
5 0.556211 0.790210 0.032383 0.057373
0 0.267593 0.695342 0.017471 0.032441
0 0.652881 0.345571 0.033770 0.019658
34 0.291943 0.340327 0.064512 0.033330
34 0.372051 0.340327 0.067734 0.029033
34 0.456460 0.341401 0.068818 0.026885
34 0.722886 0.131118 0.062744 0.031377
34 0.806475 0.132017 0.056016 0.028682
0 0.840337 0.275508 0.033408 0.019434
0 0.092534 0.723955 0.019268 0.032734
0 0.950762 0.972480 0.018457 0.034102
0 0.652905 0.415605 0.034150 0.020430
0 0.139951 0.440581 0.041680 0.023193
0 0.652773 0.275532 0.033672 0.019287
0 0.320254 0.875210 0.018145 0.032607
0 0.212207 0.388936 0.033008 0.016992
5 0.752529 0.753843 0.059160 0.033408
0 0.598623 0.851182 0.018418 0.033301
35 0.093052 0.616665 0.039463 0.087314
33 0.435117 0.651074 0.059746 0.038184
34 0.740947 0.651108 0.025078 0.042080
35 0.971055 0.549429 0.036738 0.087100
34 0.373633 0.375029 0.042051 0.024316
34 0.015537 0.316099 0.030977 0.036338
34 0.136172 0.333975 0.083984 0.048789
35 0.267007 0.601064 0.038623 0.086562
34 0.467500 0.829209 0.090371 0.084648
34 0.164546 0.774316 0.041963 0.024102
34 0.986582 0.414336 0.026426 0.039727
34 0.986304 0.204307 0.027393 0.042813
34 0.586670 0.884629 0.025078 0.038613
34 0.254189 0.756812 0.022578 0.033662
34 0.307007 0.912754 0.024385 0.039160
34 0.307056 0.824663 0.024834 0.038369
34 0.840474 0.173804 0.076025 0.043857
34 0.723691 0.261870 0.035098 0.022354
34 0.520010 0.567671 0.084727 0.044932
34 0.986440 0.343911 0.026729 0.040225
34 0.725874 0.192983 0.034932 0.023760
35 0.640918 0.629272 0.039277 0.088037
34 0.652339 0.173877 0.075830 0.043730
35 0.755044 0.578989 0.040342 0.086084
34 0.211089 0.359795 0.082939 0.044805
34 0.079932 0.682275 0.024375 0.034336
34 0.671357 0.852852 0.085195 0.045547
34 0.022832 0.898950 0.045645 0.048467
34 0.270532 0.532290 0.122080 0.059229
34 0.372495 0.732207 0.083682 0.044766
34 0.063306 0.358203 0.082549 0.043008
34 0.756445 0.518706 0.113320 0.040068
34 0.815737 0.752588 0.073564 0.043613
35 0.927212 0.346650 0.086240 0.038945
34 0.601201 0.991660 0.100098 0.016680
34 0.266299 0.875254 0.083203 0.046484
34 0.057861 0.548540 0.114844 0.061357
35 0.927305 0.415518 0.086621 0.042324
35 0.320425 0.967002 0.038330 0.065937
34 0.690264 0.720449 0.080645 0.042637
34 0.453203 0.957222 0.022559 0.041182
34 0.920425 0.656714 0.082236 0.046650
34 0.725967 0.401899 0.035098 0.021494
34 0.142251 0.468691 0.085322 0.055020
34 0.986499 0.273926 0.026572 0.040840
34 0.652783 0.244351 0.074551 0.043271
34 0.555176 0.741245 0.080977 0.045186
35 0.927847 0.275854 0.086182 0.040713
34 0.358550 0.651841 0.082471 0.047119
34 0.640181 0.556265 0.120908 0.055752
34 0.723960 0.333115 0.034482 0.021934
34 0.042534 0.723149 0.084717 0.046787
34 0.214375 0.694194 0.084824 0.046592
34 0.652207 0.384712 0.074141 0.042451
35 0.803828 0.959458 0.039668 0.081084
34 0.939155 0.922852 0.024717 0.035645
34 0.840947 0.244502 0.073574 0.043770
34 0.803042 0.690498 0.078154 0.044863
35 0.927427 0.206299 0.085674 0.039277
35 0.600488 0.941846 0.038535 0.083984
34 0.869678 0.948833 0.070488 0.046143
34 0.840532 0.384600 0.073018 0.042598
34 0.790454 0.901572 0.023467 0.034492
34 0.856670 0.856035 0.083789 0.045996
34 0.979507 0.972876 0.040693 0.043291
