33 0.489258 0.722588 0.080645 0.060215
35 0.015327 0.350005 0.030654 0.104307
0 0.174224 0.551841 0.038467 0.069932
5 0.573843 0.305854 0.044287 0.058115
3 0.788887 0.643105 0.074668 0.073457
34 0.052959 0.258608 0.105918 0.074189
34 0.384951 0.801084 0.097852 0.060215
33 0.489253 0.800547 0.087100 0.061289
1 0.015864 0.731191 0.031729 0.075273
13 0.242930 0.894028 0.052617 0.076787
34 0.110757 0.554844 0.093545 0.062363
34 0.152158 0.737642 0.036562 0.051611
34 0.384414 0.725273 0.101074 0.056992
35 0.532803 0.622588 0.045156 0.105371
34 0.323125 0.904844 0.098926 0.061289
34 0.530117 0.527964 0.181719 0.088174
34 0.783340 0.393018 0.038711 0.061289
34 0.576353 0.248394 0.104307 0.055908
34 0.956187 0.236025 0.087627 0.063438
34 0.905381 0.640869 0.100000 0.064512
34 0.933340 0.909683 0.100000 0.064521
