34 0.367212 0.353770 0.111826 0.036562
34 0.483340 0.354849 0.103223 0.032256
32 0.343555 0.908071 0.062363 0.050537
32 0.507534 0.909683 0.052686 0.049463
32 0.975005 0.909146 0.049990 0.052686
0 0.502905 0.206597 0.028467 0.047588
34 0.714268 0.527598 0.084727 0.048203
34 0.046509 0.528418 0.091514 0.049902
34 0.776455 0.680376 0.189395 0.135010
0 0.567969 0.584067 0.030254 0.053838
34 0.053081 0.936646 0.057236 0.031826
34 0.626519 0.583496 0.088350 0.051914
34 0.434551 0.854287 0.073848 0.044766
34 0.261855 0.598481 0.030332 0.045791
34 0.758555 0.891665 0.031348 0.046006
25 0.758359 0.356929 0.282949 0.259150
34 0.553013 0.847881 0.030947 0.047813
34 0.755303 0.357163 0.119023 0.035830
34 0.096426 0.356191 0.119297 0.037598
34 0.912686 0.587959 0.030762 0.045801
0 0.347959 0.206367 0.029512 0.047500
33 0.370073 0.854233 0.047354 0.042744
34 0.587256 0.770186 0.029414 0.045957
25 0.114966 0.356479 0.228916 0.256279
33 0.640645 0.526279 0.060547 0.043516
35 0.776738 0.793491 0.047734 0.102002
34 0.414741 0.707271 0.076533 0.045771
33 0.480791 0.707012 0.049590 0.044668
