34 0.984395 0.273486 0.030859 0.039883
5 0.819829 0.988579 0.051416 0.022842
6 0.537739 0.406401 0.011338 0.010068
21 0.536948 0.414429 0.029268 0.031162
0 0.488369 0.861099 0.022539 0.039307
3 0.772349 0.330059 0.070576 0.072520
3 0.789771 0.598657 0.070674 0.069502
3 0.789653 0.473726 0.070752 0.069717
0 0.667490 0.385522 0.022461 0.038896
0 0.578389 0.278735 0.022500 0.039561
0 0.900122 0.952158 0.021416 0.040254
35 0.488696 0.952300 0.039268 0.094873
34 0.865874 0.844790 0.040693 0.023896
34 0.473926 0.774043 0.023711 0.038809
34 0.773257 0.274287 0.074541 0.038867
35 0.651445 0.490171 0.090586 0.042275
35 0.466885 0.348447 0.086035 0.040195
34 0.545894 0.489194 0.105713 0.044014
34 0.546313 0.615024 0.107568 0.042178
34 0.619087 0.386177 0.073818 0.042002
34 0.860879 0.331631 0.045391 0.022949
35 0.651099 0.615249 0.088525 0.041768
34 0.957539 0.544097 0.038633 0.025088
34 0.787173 0.543271 0.069639 0.039551
34 0.628374 0.276870 0.073896 0.040303
34 0.440498 0.859380 0.068613 0.038975
34 0.914136 0.411152 0.024385 0.043906
34 0.787969 0.418877 0.072852 0.039082
34 0.856558 0.951255 0.066963 0.039795
34 0.863437 0.906147 0.034707 0.023545
34 0.565005 0.321465 0.023857 0.036074
34 0.458452 0.307324 0.132607 0.045430
