34 0.925698 0.657505 0.116455 0.070791
34 0.864263 0.812280 0.118096 0.071807
34 0.654746 0.359648 0.117305 0.072305
34 0.659829 0.658135 0.116143 0.071328
34 0.774575 0.070894 0.163779 0.073760
34 0.420654 0.271235 0.120625 0.075127
33 0.308765 0.270210 0.092119 0.053291
35 0.261387 0.567339 0.057031 0.120225
34 0.237842 0.435820 0.036758 0.063633
35 0.775405 0.169111 0.055225 0.116602
34 0.234502 0.272383 0.037559 0.067363
6 0.262739 0.201309 0.030400 0.028320
34 0.990894 0.929194 0.018213 0.057959
34 0.978345 0.074629 0.043311 0.078145
3 0.868931 0.736162 0.077686 0.077852
1 0.776719 0.527441 0.037090 0.071660
6 0.261196 0.338921 0.031826 0.026904
11 0.777212 0.363325 0.120303 0.118408
3 0.760210 0.656724 0.080498 0.074033
6 0.261279 0.360269 0.027910 0.025400
6 0.261074 0.155913 0.027070 0.024990
6 0.261489 0.383594 0.026650 0.026230
6 0.261904 0.178198 0.029570 0.025400
34 0.691787 0.526396 0.117969 0.071719
34 0.258843 0.719482 0.244307 0.195957
34 0.922383 0.356606 0.118203 0.073213
34 0.949053 0.525913 0.101895 0.073408
34 0.240542 0.071328 0.036533 0.062793
