0 0.438301 0.059541 0.039805 0.069004
33 0.627964 0.883320 0.065596 0.097812
33 0.197856 0.922046 0.056982 0.155908
33 0.159146 0.954844 0.054834 0.090313
34 0.975215 0.041450 0.049570 0.059697
34 0.977295 0.104619 0.045410 0.033320
6 0.857690 0.298584 0.019971 0.020938
1 0.156914 0.246914 0.033652 0.062402
5 0.159131 0.054473 0.071133 0.035059
13 0.868364 0.256494 0.048057 0.069160
34 0.941128 0.313228 0.085381 0.050674
34 0.838037 0.332661 0.030547 0.045127
34 0.853657 0.537451 0.246436 0.131211
34 0.739463 0.810615 0.033320 0.223535
34 0.623809 0.802637 0.106211 0.054844
34 0.432554 0.826235 0.024990 0.279756
34 0.260464 0.847754 0.022217 0.154805
34 0.056997 0.940083 0.113994 0.060400
34 0.092817 0.870664 0.133975 0.059004
34 0.084487 0.376743 0.102041 0.059697
0 0.940542 0.356040 0.062939 0.037295
0 0.155576 0.381099 0.038457 0.068760
1 0.436821 0.253643 0.040381 0.063633
34 0.805063 0.238950 0.083994 0.049287
21 0.510161 0.055811 0.053096 0.058047
34 0.831094 0.022808 0.083301 0.045615
34 0.089277 0.243115 0.100664 0.057617
34 0.079209 0.053945 0.097188 0.052754
34 0.371816 0.061582 0.090938 0.068027
34 0.375981 0.252139 0.088154 0.057617
