34 0.896724 0.716011 0.059307 0.030166
34 0.351973 0.213154 0.058320 0.028711
33 0.734771 0.903022 0.044229 0.042998
35 0.364355 0.250728 0.106035 0.045732
34 0.304624 0.958872 0.196709 0.061201
33 0.734351 0.978604 0.042861 0.041914
34 0.072041 0.546514 0.050508 0.031641
34 0.791025 0.941626 0.082871 0.044326
35 0.312129 0.876523 0.103770 0.046445
34 0.666035 0.903979 0.085664 0.043994
34 0.795430 0.781299 0.050098 0.032695
33 0.870508 0.940898 0.071660 0.043828
34 0.316182 0.825059 0.214863 0.063594
34 0.753130 0.678828 0.103975 0.059121
34 0.610308 0.759697 0.103564 0.058301
34 0.752812 0.582529 0.105879 0.059043
34 0.175620 0.613403 0.108193 0.058604
34 0.107280 0.229482 0.040732 0.032754
34 0.668975 0.978076 0.084609 0.043145
34 0.178237 0.404990 0.057803 0.031465
34 0.896167 0.528584 0.060967 0.032188
34 0.215806 0.211782 0.117041 0.058818
6 0.944287 0.730420 0.029492 0.022246
4 0.839727 0.679321 0.069316 0.067998
3 0.028105 0.803652 0.056211 0.065137
0 0.218140 0.250020 0.039932 0.022285
0 0.106997 0.613862 0.022588 0.039736
0 0.675337 0.759346 0.023096 0.038848
3 0.840781 0.585664 0.071367 0.065820
6 0.676138 0.698428 0.021748 0.020215
6 0.971719 0.732241 0.029492 0.025186
21 0.106563 0.676455 0.042500 0.052676
6 0.971484 0.546958 0.029473 0.024268
6 0.945176 0.546836 0.028613 0.023320
6 0.991094 0.732261 0.017500 0.019951
6 0.991426 0.545747 0.016797 0.018623
