33 0.535459 0.777593 0.066367 0.044795
34 0.303931 0.461196 0.304736 0.061631
33 0.838110 0.115918 0.043408 0.061191
34 0.892168 0.481948 0.062891 0.032627
35 0.202935 0.387593 0.042490 0.094678
35 0.818159 0.576836 0.092275 0.042070
35 0.329668 0.387632 0.042520 0.094971
34 0.849453 0.292666 0.032188 0.058730
34 0.551704 0.307212 0.032510 0.063076
34 0.042832 0.452075 0.085664 0.053838
34 0.507285 0.842988 0.088633 0.054102
33 0.748916 0.115352 0.044648 0.062051
33 0.212266 0.061626 0.064824 0.043135
35 0.033877 0.242407 0.067676 0.040693
34 0.100781 0.793525 0.147031 0.081758
35 0.098188 0.851621 0.093936 0.041035
33 0.509609 0.062930 0.063008 0.044121
34 0.926509 0.357842 0.093291 0.052539
34 0.744087 0.061016 0.092881 0.050938
34 0.043511 0.392266 0.086963 0.052578
34 0.638999 0.537144 0.086514 0.051455
35 0.395483 0.388091 0.042334 0.096396
34 0.453940 0.777734 0.088350 0.055352
34 0.036694 0.200435 0.073213 0.051299
34 0.135313 0.061655 0.085547 0.053623
34 0.143965 0.305898 0.090000 0.053848
34 0.580381 0.060923 0.086699 0.052705
34 0.838398 0.059775 0.091875 0.052773
34 0.732734 0.537808 0.087363 0.053818
34 0.509609 0.942046 0.088047 0.054404
34 0.125845 0.203271 0.093877 0.053145
34 0.270474 0.241177 0.090615 0.052744
34 0.454697 0.241108 0.090645 0.053643
34 0.926870 0.239961 0.092764 0.052520
33 0.046553 0.115635 0.043281 0.062285
34 0.932749 0.578247 0.134502 0.056846
34 0.934443 0.069678 0.093926 0.052070
34 0.043618 0.061177 0.087236 0.051982
34 0.270044 0.301714 0.090283 0.052842
34 0.984561 0.294639 0.030527 0.058359
34 0.454829 0.301772 0.090010 0.053271
0 0.330112 0.304102 0.022412 0.040547
0 0.729424 0.578867 0.038828 0.023848
0 0.394692 0.304233 0.022549 0.040537
1 0.570142 0.944258 0.033506 0.060449
0 0.394868 0.243408 0.022158 0.038574
0 0.570132 0.842705 0.032588 0.057930
0 0.867217 0.360610 0.021582 0.038096
0 0.096240 0.454458 0.022031 0.037881
0 0.624346 0.006553 0.021328 0.013066
0 0.096426 0.393994 0.021328 0.036484
0 0.202393 0.306431 0.023672 0.038760
0 0.133599 0.242017 0.038994 0.023057
3 0.936323 0.133286 0.073369 0.071377
1 0.866934 0.240122 0.021855 0.037393
0 0.330244 0.243354 0.022617 0.038428
0 0.642915 0.578804 0.039639 0.024365
6 0.096094 0.354341 0.019883 0.017549
