0 0.960586 0.202881 0.020664 0.038633
6 0.290068 0.485693 0.018398 0.017109
3 0.718193 0.278599 0.073750 0.072471
0 0.011377 0.390073 0.022715 0.063037
6 0.734873 0.599858 0.024570 0.032842
6 0.670840 0.488062 0.017227 0.019541
6 0.974902 0.487153 0.018281 0.019795
0 0.356152 0.392539 0.036719 0.063711
6 0.463682 0.766323 0.017031 0.014229
6 0.720337 0.691328 0.021201 0.031797
6 0.795278 0.768022 0.016475 0.013057
34 0.887036 0.203896 0.112295 0.061582
34 0.582231 0.200288 0.113467 0.063389
34 0.888188 0.107266 0.113408 0.063379
34 0.202593 0.200308 0.113779 0.063096
34 0.583765 0.102920 0.114326 0.063008
34 0.431895 0.281689 0.112637 0.062285
34 0.080210 0.278799 0.112900 0.062539
34 0.082251 0.390254 0.112061 0.062402
0 0.735464 0.391714 0.035928 0.064131
0 0.277109 0.199282 0.021348 0.035889
21 0.656650 0.257349 0.035137 0.041045
21 0.277168 0.257017 0.036855 0.040127
0 0.975449 0.527695 0.020957 0.035000
0 0.656479 0.199233 0.020654 0.036064
0 0.670576 0.527554 0.021074 0.035205
0 0.291729 0.525991 0.020859 0.034678
21 0.961382 0.260684 0.035186 0.038711
0 0.009922 0.276533 0.019844 0.066816
34 0.491792 0.725352 0.028525 0.027910
34 0.822686 0.729360 0.027559 0.025635
33 0.686289 0.098384 0.080078 0.048916
33 0.307329 0.099204 0.079463 0.047354
3 0.338745 0.278701 0.076006 0.074082
33 0.974839 0.102026 0.048936 0.045967
34 0.703452 0.736240 0.029619 0.045547
34 0.371016 0.733848 0.028730 0.044141
34 0.337158 0.484121 0.030156 0.046133
34 0.204097 0.102959 0.113994 0.062910
34 0.811094 0.281582 0.112266 0.061777
34 0.596362 0.529077 0.113115 0.062334
34 0.433530 0.393501 0.114053 0.062549
34 0.220024 0.525898 0.113350 0.064141
34 0.812603 0.392876 0.114287 0.063428
34 0.714692 0.495952 0.031846 0.046533
34 0.901138 0.532695 0.113545 0.063672
6 0.389810 0.688975 0.025088 0.035117
6 0.354683 0.598652 0.022861 0.031777
6 0.008408 0.596069 0.016816 0.034150
