4 0.423037 0.142909 0.068086 0.078467
34 0.023799 0.123016 0.047520 0.055885
34 0.322432 0.007418 0.050215 0.014837
35 0.010239 0.161178 0.020439 0.032886
34 0.023945 0.109690 0.046348 0.027610
34 0.831025 0.022711 0.063008 0.045423
33 0.191318 0.124160 0.039648 0.066336
33 0.456021 0.378033 0.039795 0.063664
34 0.424370 0.074589 0.063408 0.056347
34 0.872173 0.197779 0.066514 0.044600
35 0.084468 0.415598 0.077197 0.042018
34 0.265532 0.393568 0.050088 0.029684
34 0.852065 0.249746 0.053643 0.027790
34 0.820732 0.370631 0.066934 0.046697
34 0.350449 0.318377 0.065098 0.055986
34 0.545439 0.115592 0.064355 0.054724
34 0.115586 0.062255 0.063984 0.056708
34 0.189624 0.063670 0.064131 0.055479
34 0.559771 0.350744 0.064814 0.055581
33 0.117222 0.124459 0.039912 0.066483
34 0.306582 0.115643 0.063711 0.054735
34 0.455293 0.319763 0.063203 0.053596
34 0.063628 0.143044 0.053564 0.028185
34 0.081763 0.369132 0.115615 0.055896
33 0.349844 0.377238 0.040039 0.064803
34 0.977715 0.119408 0.044570 0.057148
34 0.697046 0.144076 0.049600 0.027182
6 0.864634 0.328410 0.017021 0.017678
0 0.430469 0.020090 0.058750 0.037407
21 0.914199 0.238974 0.031562 0.039053
0 0.977959 0.164092 0.044082 0.035378
0 0.545513 0.163005 0.058096 0.038816
0 0.307227 0.162294 0.058652 0.039087
0 0.864829 0.369149 0.019404 0.040823
0 0.914424 0.198151 0.019629 0.040158
15 0.559131 0.414808 0.055664 0.068106
0 0.877749 0.022057 0.030225 0.044115
