6 0.221812 0.726826 0.020400 0.017520
3 0.561362 0.848696 0.042881 0.050439
4 0.668862 0.847827 0.040596 0.046123
3 0.380444 0.709990 0.077959 0.077852
5 0.795371 0.727041 0.023262 0.042539
34 0.270908 0.707163 0.050820 0.031631
34 0.381616 0.641572 0.091787 0.050820
34 0.560522 0.796616 0.093857 0.050811
3 0.077534 0.048018 0.049814 0.047969
34 0.354307 0.065596 0.163438 0.055918
34 0.039004 0.273398 0.078008 0.053926
34 0.040820 0.354033 0.081641 0.055488
34 0.047559 0.417554 0.095117 0.057041
34 0.664487 0.797397 0.091260 0.051338
34 0.793086 0.676313 0.093340 0.056006
34 0.616782 0.841992 0.039404 0.026445
35 0.214521 0.061836 0.098926 0.046230
34 0.172900 0.958403 0.060156 0.026963
34 0.039780 0.558340 0.079561 0.055488
34 0.890322 0.930923 0.201719 0.056006
3 0.615215 0.957939 0.056289 0.064980
34 0.616284 0.901387 0.087158 0.048789
34 0.013594 0.620830 0.027187 0.050820
34 0.047300 0.686685 0.094600 0.056006
34 0.148013 0.707944 0.047705 0.030068
