33 0.087793 0.909741 0.039766 0.038584
34 0.157432 0.746152 0.088105 0.047402
0 0.921138 0.748799 0.033740 0.064980
34 0.509893 0.962627 0.109980 0.061562
34 0.261611 0.401802 0.044609 0.030537
33 0.088496 0.744302 0.040508 0.040830
34 0.854399 0.987852 0.115908 0.024297
5 0.919600 0.903770 0.078691 0.054805
33 0.087969 0.796357 0.039824 0.039238
0 0.590029 0.963457 0.034805 0.064531
6 0.921841 0.811992 0.030049 0.034199
6 0.920923 0.686016 0.030088 0.032930
34 0.827573 0.904087 0.114326 0.062080
34 0.841011 0.747095 0.115479 0.063389
34 0.156724 0.860752 0.088389 0.047637
34 0.167266 0.798726 0.120879 0.046807
33 0.088506 0.969033 0.040410 0.040234
34 0.156646 0.972427 0.087920 0.048154
34 0.167212 0.912944 0.122666 0.047158
33 0.088408 0.857354 0.040684 0.039766
