34 0.774243 0.245425 0.044873 0.025225
0 0.920801 0.137090 0.026426 0.048164
34 0.883164 0.839673 0.077187 0.048076
34 0.779082 0.859390 0.027266 0.045205
34 0.245000 0.839253 0.077676 0.047158
0 0.210850 0.410034 0.048145 0.026396
34 0.306763 0.373911 0.071904 0.045889
1 0.962983 0.982769 0.026885 0.034170
34 0.209727 0.373818 0.072480 0.048691
34 0.363027 0.331958 0.027852 0.048760
34 0.587969 0.772261 0.077051 0.050518
34 0.870044 0.224824 0.074229 0.048496
6 0.303926 0.499141 0.018496 0.017070
21 0.162173 0.452598 0.039131 0.042656
34 0.626162 0.859277 0.027793 0.045566
34 0.571323 0.839668 0.077646 0.048301
34 0.911396 0.773696 0.076465 0.051123
34 0.922393 0.405645 0.153379 0.052363
0 0.308281 0.410024 0.048438 0.027412
34 0.437495 0.981958 0.077998 0.036084
34 0.108057 0.840034 0.077090 0.048154
34 0.870571 0.137534 0.074658 0.049072
1 0.642681 0.773340 0.028076 0.051113
34 0.972612 0.158022 0.044326 0.025811
34 0.125259 0.772612 0.077393 0.049795
34 0.588662 0.981089 0.077930 0.037744
0 0.720742 0.329097 0.027402 0.048447
34 0.369487 0.461636 0.078447 0.047842
34 0.278164 0.772334 0.076719 0.051016
34 0.969868 0.258667 0.060264 0.051064
34 0.670640 0.148311 0.074111 0.050469
34 0.669629 0.329258 0.074707 0.049395
34 0.743047 0.774878 0.077305 0.049736
34 0.128008 0.981055 0.076680 0.037891
34 0.774624 0.329019 0.072432 0.049346
0 0.370254 0.500098 0.052305 0.031738
0 0.824868 0.329121 0.030283 0.051680
34 0.742861 0.983530 0.077188 0.032549
34 0.408857 0.836958 0.077070 0.048877
34 0.438633 0.770659 0.076738 0.050654
34 0.717002 0.842383 0.076582 0.049141
34 0.241646 0.455933 0.026982 0.046436
13 0.115059 0.890327 0.041934 0.047314
13 0.258071 0.891401 0.041943 0.049463
13 0.416675 0.890864 0.047314 0.046240
13 0.887104 0.891406 0.037627 0.045156
1 0.040664 0.774023 0.032090 0.053457
34 0.703809 0.082207 0.028164 0.046094
1 0.795576 0.773711 0.027813 0.050801
34 0.475718 0.859302 0.026670 0.045400
1 0.962187 0.772881 0.028105 0.049355
34 0.946357 0.859175 0.026895 0.045967
34 0.163721 0.859199 0.025566 0.045742
34 0.317632 0.859312 0.026670 0.045088
34 0.022212 0.859341 0.027314 0.046006
1 0.334722 0.773628 0.031924 0.052725
1 0.493096 0.773530 0.031523 0.052100
34 0.903213 0.075874 0.027754 0.045557
34 0.530596 0.267510 0.079277 0.070605
1 0.180347 0.773965 0.030283 0.052676
34 0.240132 0.009507 0.104795 0.019014
1 0.334878 0.982612 0.028486 0.034775
13 0.719268 0.888716 0.036953 0.049541
34 0.161724 0.485996 0.091455 0.027656
34 0.383101 0.247119 0.033467 0.075117
34 0.719014 0.480176 0.102168 0.028223
0 0.720576 0.147656 0.027402 0.048496
35 0.383574 0.246982 0.033555 0.075117
34 0.871392 0.653232 0.043350 0.025098
34 0.650791 0.691406 0.043984 0.025332
34 0.870771 0.483379 0.044961 0.027363
35 0.919600 0.339824 0.037969 0.078203
34 0.011211 0.772261 0.022324 0.049717
21 0.719624 0.443374 0.041104 0.045029
34 0.464868 0.482896 0.044150 0.026553
34 0.368423 0.615601 0.044209 0.026260
13 0.577222 0.887944 0.035576 0.050791
34 0.795283 0.016099 0.060234 0.028760
34 0.085527 0.023374 0.058945 0.029834
34 0.012983 0.981084 0.025811 0.037832
34 0.778872 0.577725 0.046162 0.026113
0 0.920420 0.225015 0.026035 0.047627
