34 0.380972 0.545977 0.047861 0.021289
34 0.386758 0.473052 0.095547 0.052510
34 0.708027 0.957349 0.099707 0.050693
33 0.457944 0.479268 0.058369 0.040742
34 0.973516 0.846855 0.052969 0.049336
34 0.804155 0.397690 0.078760 0.049580
34 0.833232 0.851709 0.087344 0.047930
34 0.760259 0.764819 0.101357 0.049131
34 0.353911 0.791035 0.081709 0.051621
34 0.468955 0.715264 0.101230 0.050508
34 0.377915 0.629229 0.096826 0.051328
34 0.588208 0.790356 0.081182 0.050166
34 0.013315 0.513086 0.022998 0.047520
34 0.917915 0.557139 0.116338 0.061816
34 0.889863 0.762349 0.101602 0.051338
34 0.638130 0.914141 0.025439 0.049590
34 0.468149 0.950718 0.114873 0.059189
34 0.703760 0.851514 0.089902 0.048555
34 0.919863 0.321978 0.101465 0.051631
0 0.891357 0.852212 0.021641 0.036357
0 0.648975 0.957603 0.021172 0.036572
6 0.114834 0.560894 0.046406 0.037119
22 0.475044 0.882236 0.087002 0.081211
22 0.921104 0.493027 0.088164 0.077734
18 0.053350 0.450107 0.020879 0.061504
18 0.217505 0.457661 0.019717 0.069639
18 0.516260 0.451025 0.024609 0.057617
0 0.405850 0.789585 0.020879 0.036357
21 0.319443 0.675513 0.034355 0.037021
0 0.985928 0.396055 0.021387 0.036504
0 0.536182 0.789360 0.021836 0.037080
0 0.855513 0.395991 0.021201 0.035635
0 0.761885 0.852104 0.021270 0.036709
0 0.319229 0.630625 0.021797 0.035371
18 0.680459 0.450747 0.026289 0.057061
34 0.309297 0.588936 0.026797 0.050996
33 0.493135 0.760859 0.083223 0.040625
33 0.929575 0.364521 0.064521 0.043008
