33 0.953242 0.560088 0.093516 0.070410
33 0.953037 0.394795 0.093926 0.071113
33 0.953027 0.645391 0.093887 0.073125
33 0.953379 0.475381 0.093242 0.070098
0 0.552612 0.766006 0.056650 0.036406
0 0.473135 0.840044 0.033555 0.055576
0 0.902437 0.840020 0.032842 0.054883
0 0.323096 0.485903 0.033008 0.055244
0 0.815078 0.320122 0.033438 0.055576
0 0.365649 0.915122 0.034248 0.058564
6 0.702876 0.914824 0.042998 0.032461
21 0.814575 0.411860 0.056006 0.083857
6 0.365864 0.833252 0.033760 0.033047
6 0.622373 0.724468 0.038281 0.045244
21 0.324810 0.572495 0.062646 0.089326
0 0.463442 0.987231 0.070771 0.025537
0 0.974473 0.738970 0.051055 0.039443
34 0.681260 0.969541 0.069590 0.041172
34 0.707466 0.563726 0.201182 0.053682
34 0.871484 0.490273 0.043574 0.072656
34 0.561836 0.172588 0.526875 0.102148
33 0.537803 0.564370 0.119941 0.073408
34 0.447280 0.633135 0.042021 0.073965
33 0.953052 0.308486 0.093896 0.074746
33 0.538350 0.650894 0.120430 0.073057
