34 0.033603 0.960088 0.067205 0.044746
34 0.033510 0.992173 0.067020 0.015654
34 0.011801 0.551953 0.023603 0.044355
11 0.219436 0.680479 0.129983 0.072285
34 0.127357 0.487861 0.122727 0.047520
6 0.219588 0.620063 0.021532 0.012041
0 0.027281 0.488926 0.047323 0.048848
1 0.274436 0.960591 0.046414 0.049873
34 0.065253 0.664956 0.130505 0.077822
34 0.193510 0.546152 0.047492 0.054180
34 0.483603 0.027275 0.142896 0.053809
6 0.029082 0.186958 0.041128 0.020225
0 0.027660 0.339463 0.046330 0.048613
34 0.186027 0.962573 0.126936 0.049209
11 0.344099 0.028140 0.121633 0.055713
1 0.219386 0.487427 0.050657 0.049580
0 0.027677 0.229658 0.046700 0.049141
0 0.093258 0.960684 0.047559 0.047695
34 0.128434 0.371631 0.078114 0.026602
34 0.199655 0.869834 0.076953 0.027051
