4 0.854565 0.248857 0.079932 0.081738
0 0.583784 0.442563 0.046006 0.027568
0 0.462695 0.442695 0.047168 0.027578
4 0.633994 0.248979 0.080176 0.082119
34 0.582915 0.400732 0.105225 0.059238
34 0.936221 0.399341 0.112207 0.060205
34 0.460688 0.400771 0.118506 0.060215
34 0.946196 0.251533 0.107607 0.060937
34 0.538184 0.248320 0.106094 0.064023
34 0.853682 0.135332 0.034766 0.066191
34 0.628560 0.135488 0.033408 0.066113
34 0.756719 0.735752 0.162773 0.104355
6 0.408672 0.421367 0.017578 0.018223
0 0.939224 0.442617 0.048076 0.027656
