0 0.544404 0.466641 0.030645 0.052598
34 0.810430 0.004736 0.039766 0.009473
33 0.412998 0.630200 0.065273 0.098623
34 0.315732 0.867129 0.025840 0.037031
34 0.941270 0.279248 0.036914 0.029258
34 0.315669 0.389580 0.025615 0.036953
34 0.808521 0.989795 0.038799 0.020410
34 0.525771 0.866514 0.027441 0.039141
34 0.599106 0.737661 0.080537 0.048447
34 0.386187 0.737939 0.080088 0.049180
34 0.840791 0.788203 0.026953 0.037656
34 0.527378 0.388096 0.027900 0.036934
34 0.186860 0.389419 0.026064 0.036553
34 0.840244 0.389644 0.025371 0.036943
34 0.146328 0.461240 0.078809 0.049902
34 0.598506 0.466475 0.077832 0.050352
34 0.488101 0.617002 0.079131 0.055195
34 0.857793 0.690923 0.105332 0.104443
34 0.052959 0.616797 0.076133 0.055508
34 0.144692 0.857539 0.080967 0.050488
34 0.799697 0.461958 0.078164 0.050576
34 0.700820 0.616782 0.077813 0.055811
34 0.797778 0.856689 0.082158 0.049590
34 0.386528 0.467168 0.077861 0.052441
34 0.186729 0.791758 0.026309 0.035332
34 0.203687 0.691636 0.104150 0.105752
11 0.413560 0.611938 0.063799 0.068447
11 0.625278 0.611934 0.071924 0.070762
0 0.857021 0.855151 0.031113 0.053057
0 0.856182 0.461538 0.030117 0.053721
0 0.331353 0.466763 0.029678 0.052334
0 0.330820 0.736680 0.029004 0.051523
0 0.201865 0.854985 0.030547 0.053408
0 0.202363 0.461553 0.028867 0.053730
0 0.544409 0.736846 0.029736 0.050898
