34 0.087207 0.704375 0.092578 0.045703
34 0.746670 0.799854 0.059648 0.028281
34 0.968818 0.655566 0.029824 0.054238
34 0.870815 0.643950 0.029834 0.054229
34 0.742021 0.595137 0.059648 0.027891
34 0.589790 0.486875 0.054229 0.027500
34 0.547959 0.324575 0.096836 0.051514
34 0.955068 0.313926 0.089863 0.046484
34 0.853774 0.314121 0.089482 0.048418
34 0.964170 0.217671 0.071660 0.060811
34 0.956035 0.100688 0.087930 0.051514
34 0.796831 0.200239 0.170049 0.074756
34 0.654868 0.198691 0.092959 0.050742
34 0.598315 0.239556 0.043389 0.029443
1 0.283794 0.679170 0.023447 0.038145
4 0.270850 0.132637 0.047168 0.041562
3 0.206592 0.609663 0.041895 0.043857
3 0.204102 0.899683 0.040039 0.044951
1 0.283950 0.971289 0.023135 0.034180
4 0.092188 0.486309 0.054688 0.060312
4 0.092217 0.610210 0.041465 0.044951
3 0.205762 0.327866 0.043555 0.043857
21 0.776709 0.413574 0.055957 0.071875
4 0.092666 0.328960 0.044961 0.046045
0 0.524116 0.257100 0.055830 0.033555
0 0.852476 0.349302 0.040771 0.021006
0 0.955508 0.349302 0.038574 0.022275
1 0.282910 0.395298 0.025215 0.044951
3 0.270298 0.057578 0.050439 0.044961
3 0.402427 0.053193 0.073467 0.060312
3 0.271890 0.740693 0.056025 0.042754
3 0.274082 0.460542 0.048359 0.043857
3 0.186914 0.490693 0.057129 0.066895
3 0.188008 0.759341 0.054941 0.060283
33 0.463447 0.323125 0.072051 0.054844
34 0.521040 0.213989 0.088701 0.051123
33 0.461001 0.150269 0.067002 0.044541
34 0.540796 0.153179 0.089482 0.054229
34 0.485791 0.055566 0.091797 0.053457
34 0.351187 0.112505 0.089092 0.045713
34 0.201089 0.129736 0.087158 0.048418
34 0.200703 0.055176 0.087930 0.051133
5 0.658301 0.259893 0.025195 0.059629
5 0.427344 0.108438 0.061914 0.024902
4 0.094253 0.901250 0.043975 0.048398
35 0.802158 0.259150 0.093555 0.038711
4 0.092588 0.760977 0.056074 0.067988
34 0.770103 0.961768 0.029053 0.053066
34 0.537891 0.760923 0.055781 0.027119
34 0.584175 0.667183 0.031377 0.051904
34 0.359126 0.623843 0.047646 0.028662
34 0.344023 0.681519 0.089473 0.046475
34 0.343633 0.739062 0.085605 0.046133
34 0.203223 0.560278 0.088320 0.048799
34 0.184048 0.704180 0.091025 0.048418
34 0.091079 0.561650 0.088701 0.048457
34 0.088179 0.430342 0.089092 0.048379
34 0.185400 0.430342 0.094512 0.048379
34 0.341694 0.404956 0.086377 0.049580
34 0.344795 0.463828 0.085605 0.048027
34 0.360483 0.342393 0.048799 0.025176
34 0.208062 0.281196 0.087158 0.049189
34 0.096313 0.280806 0.090635 0.049189
34 0.008066 0.423545 0.016133 0.053457
34 0.202095 0.849824 0.087158 0.048809
34 0.087246 0.849629 0.085215 0.047637
34 0.089961 0.979722 0.092187 0.040557
34 0.183120 0.980107 0.091025 0.039785
34 0.357812 0.912187 0.048418 0.027891
34 0.342900 0.970869 0.089863 0.048418
34 0.007793 0.975850 0.015586 0.048301
