34 0.118311 0.944800 0.087539 0.047646
34 0.194043 0.846802 0.125117 0.049189
34 0.170605 0.765264 0.122402 0.096055
0 0.779126 0.443638 0.036064 0.023525
11 0.876929 0.765713 0.101396 0.091797
34 0.192876 0.688765 0.130537 0.049971
34 0.138457 0.626978 0.090645 0.049580
34 0.172153 0.564033 0.093740 0.048418
34 0.350723 0.631436 0.144102 0.055391
33 0.092480 0.563984 0.065586 0.047305
33 0.092983 0.686094 0.061846 0.045273
33 0.095669 0.845195 0.064541 0.047051
33 0.916499 0.846313 0.064092 0.047510
33 0.914487 0.685649 0.062744 0.045264
33 0.914707 0.497417 0.061406 0.046162
33 0.915601 0.563071 0.063193 0.046611
34 0.289717 0.424204 0.087930 0.046865
34 0.172930 0.500317 0.099941 0.043389
34 0.187065 0.444346 0.044541 0.028281
34 0.151240 0.359321 0.087539 0.045713
34 0.232388 0.303931 0.092568 0.048799
34 0.311016 0.352158 0.043770 0.025957
34 0.288413 0.203813 0.126885 0.027451
34 0.174087 0.200298 0.089717 0.047197
34 0.039839 0.234775 0.024111 0.052559
34 0.102271 0.220547 0.039170 0.030801
34 0.061597 0.099194 0.123193 0.027119
1 0.879248 0.944448 0.027832 0.054326
34 0.975249 0.687603 0.049502 0.051904
34 0.964595 0.764473 0.070811 0.097266
34 0.976021 0.847383 0.047959 0.051523
35 0.359150 0.560220 0.041934 0.094619
35 0.612373 0.193018 0.036562 0.097852
35 0.698394 0.560220 0.043018 0.090322
34 0.966763 0.988667 0.044932 0.022666
35 0.056455 0.156460 0.040859 0.095693
34 0.939839 0.941699 0.091025 0.048047
33 0.092090 0.500005 0.060156 0.052686
3 0.071812 0.357529 0.065752 0.050566
3 0.747886 0.849219 0.062373 0.069141
3 0.895566 0.355386 0.069648 0.055049
3 0.780273 0.250566 0.053906 0.062500
34 0.880771 0.098018 0.128594 0.027891
34 0.975439 0.200508 0.049121 0.047637
34 0.924541 0.221426 0.044941 0.029824
34 0.863340 0.233433 0.031758 0.052295
34 0.777544 0.193926 0.091025 0.050742
34 0.852495 0.283208 0.041826 0.022471
34 0.965371 0.359111 0.069258 0.048770
34 0.768828 0.354673 0.088320 0.045322
34 0.730093 0.426504 0.044150 0.025605
34 0.680122 0.348477 0.028662 0.042988
34 0.698716 0.621909 0.052686 0.029053
34 0.781997 0.478799 0.092959 0.050391
34 0.972534 0.500278 0.054932 0.049189
34 0.973696 0.562832 0.052607 0.051133
34 0.958589 0.626782 0.082822 0.051904
13 0.233691 0.363638 0.046680 0.062568
3 0.599121 0.488765 0.074805 0.056455
6 0.610986 0.607129 0.030371 0.023633
5 0.612842 0.763086 0.061426 0.024219
35 0.284419 0.238716 0.092471 0.045166
1 0.054292 0.945190 0.037275 0.057021
6 0.610420 0.806270 0.033027 0.026426
5 0.613467 0.375967 0.064668 0.028594
6 0.815776 0.865435 0.024990 0.027568
11 0.056133 0.765195 0.104199 0.094590
0 0.171792 0.238496 0.037275 0.023691
0 0.824053 0.951211 0.020254 0.035234
0 0.294229 0.459790 0.037637 0.020693
0 0.825693 0.353789 0.022578 0.039512
22 0.877461 0.626367 0.072578 0.056641
34 0.767080 0.950225 0.090254 0.052676
34 0.851523 0.884956 0.041445 0.024404
34 0.743452 0.789258 0.093350 0.050781
34 0.533125 0.769873 0.087930 0.047637
34 0.592778 0.673618 0.030596 0.048037
34 0.508530 0.491563 0.091416 0.053457
34 0.528091 0.374800 0.088701 0.050010
34 0.595103 0.306411 0.029053 0.049580
22 0.054980 0.625610 0.068828 0.060010
34 0.619697 0.121299 0.189805 0.060430
34 0.028838 0.884180 0.041055 0.027891
34 0.349175 0.973076 0.089092 0.049961
34 0.240132 0.974048 0.088701 0.051904
34 0.143687 0.989150 0.045322 0.021699
