34 0.588086 0.313535 0.083926 0.043672
6 0.686772 0.922837 0.022490 0.021689
34 0.711851 0.493311 0.078740 0.039648
33 0.375757 0.478047 0.044834 0.072520
34 0.972183 0.556260 0.055635 0.067910
34 0.209819 0.446772 0.151787 0.066357
34 0.579619 0.564302 0.115547 0.067334
34 0.809595 0.882109 0.110967 0.062285
34 0.972817 0.960811 0.054365 0.063809
34 0.752324 0.758843 0.110918 0.064912
34 0.755288 0.962739 0.112686 0.065146
34 0.563936 0.883306 0.111582 0.061436
34 0.521470 0.744810 0.109385 0.066924
34 0.948354 0.464795 0.103291 0.064824
34 0.375513 0.408540 0.111162 0.063213
34 0.948359 0.389004 0.103281 0.065898
34 0.810488 0.559927 0.114297 0.067412
0 0.932515 0.963389 0.025225 0.045059
0 0.686299 0.963999 0.024375 0.045908
0 0.881289 0.883228 0.033730 0.059111
0 0.821675 0.760977 0.025146 0.045527
0 0.590303 0.746914 0.026094 0.045996
13 0.586958 0.634971 0.051885 0.073828
15 0.211050 0.518477 0.067627 0.070039
21 0.762939 0.680366 0.030918 0.034326
13 0.816787 0.628711 0.051328 0.069434
21 0.531113 0.685171 0.031270 0.035674
6 0.933159 0.920518 0.021357 0.020059
6 0.881372 0.759561 0.023291 0.024570
6 0.881523 0.736470 0.022715 0.027490
6 0.048184 0.517666 0.028027 0.023301
0 0.634780 0.884102 0.030967 0.057285
