34 0.069717 0.143027 0.096406 0.058681
34 0.079678 0.076437 0.103398 0.061646
34 0.119614 0.397678 0.050850 0.036415
35 0.151763 0.184284 0.075713 0.041962
34 0.078408 0.231669 0.103828 0.062638
0 0.018037 0.230902 0.019355 0.033281
34 0.476465 0.176815 0.030098 0.048309
0 0.494932 0.232525 0.031680 0.057024
0 0.061899 0.184791 0.031221 0.024171
21 0.018286 0.273422 0.025205 0.036945
21 0.494971 0.301280 0.029766 0.049504
0 0.018237 0.076398 0.019990 0.035028
34 0.041841 0.012260 0.057627 0.024521
34 0.165620 0.146353 0.093369 0.035209
34 0.564731 0.230411 0.106221 0.064295
34 0.500210 0.353348 0.176592 0.063540
