35 0.863203 0.708568 0.105254 0.054837
3 0.025591 0.741094 0.051182 0.083450
0 0.639800 0.331511 0.042314 0.032153
0 0.658955 0.711939 0.050840 0.035220
0 0.858931 0.560738 0.044053 0.027948
0 0.953589 0.457886 0.044541 0.029076
0 0.978975 0.562136 0.042051 0.027384
0 0.766270 0.822024 0.047246 0.040688
21 0.705806 0.371922 0.048193 0.055637
1 0.120459 0.666917 0.066270 0.041725
0 0.562217 0.330259 0.041953 0.030485
5 0.636523 0.819335 0.036152 0.081127
3 0.027090 0.829188 0.052207 0.071860
4 0.484072 0.690220 0.050254 0.072954
3 0.371362 0.690795 0.056221 0.075344
6 0.293149 0.708067 0.040166 0.038253
21 0.814741 0.863382 0.043174 0.046359
34 0.641279 0.288743 0.079102 0.059267
34 0.959136 0.416268 0.081299 0.058083
34 0.484321 0.623269 0.079932 0.060970
34 0.856152 0.639419 0.141680 0.089098
34 0.558228 0.287446 0.077998 0.057621
34 0.505029 0.316099 0.037324 0.029042
34 0.116357 0.619915 0.080840 0.060462
34 0.090083 0.823788 0.078701 0.058489
33 0.153721 0.288247 0.042148 0.063303
34 0.765620 0.775242 0.077803 0.059436
34 0.371353 0.622717 0.080225 0.059278
34 0.970313 0.519718 0.059375 0.059143
34 0.082759 0.729335 0.077900 0.059166
34 0.065400 0.466945 0.130449 0.060722
34 0.855854 0.520592 0.077783 0.057328
34 0.635913 0.759611 0.072959 0.058298
34 0.693105 0.808416 0.038730 0.031917
34 0.767026 0.548191 0.039287 0.032210
34 0.461699 0.379825 0.040391 0.036539
34 0.550127 0.688698 0.040293 0.032187
34 0.226089 0.618670 0.023330 0.051048
34 0.658452 0.665237 0.079248 0.058410
34 0.189546 0.650665 0.039033 0.029763
34 0.174224 0.749357 0.042842 0.030733
34 0.093491 0.282029 0.074189 0.063089
33 0.027266 0.282232 0.044707 0.051612
