0 0.421304 0.390846 0.015811 0.031928
0 0.388101 0.257943 0.013545 0.022356
3 0.548486 0.467480 0.040449 0.106528
5 0.823423 0.039425 0.022744 0.035626
0 0.056992 0.252542 0.013535 0.021770
34 0.056592 0.387508 0.070508 0.046291
33 0.116670 0.220321 0.033379 0.049076
34 0.332090 0.327108 0.069004 0.045738
34 0.757852 0.422796 0.094258 0.062999
34 0.128037 0.107131 0.067227 0.046573
34 0.582202 0.134042 0.064619 0.046505
34 0.196919 0.120383 0.037354 0.025163
34 0.446338 0.022830 0.067168 0.045344
34 0.835283 0.469589 0.063398 0.045829
34 0.154058 0.014076 0.065791 0.028151
34 0.818291 0.149887 0.071875 0.044600
34 0.054497 0.338647 0.071689 0.046900
34 0.205430 0.360789 0.065117 0.045276
34 0.115488 0.170490 0.070859 0.047903
34 0.536992 0.237114 0.021055 0.039729
34 0.708237 0.258935 0.042568 0.024160
34 0.822319 0.010558 0.052861 0.021116
34 0.177397 0.260248 0.042510 0.023743
34 0.132764 0.366962 0.058262 0.026257
34 0.646797 0.027368 0.041992 0.021206
34 0.027617 0.108935 0.055234 0.046618
35 0.420996 0.453422 0.031484 0.085964
34 0.070767 0.024453 0.036670 0.023247
34 0.597305 0.444673 0.069297 0.046257
34 0.696855 0.128123 0.071562 0.044250
35 0.754175 0.471015 0.072588 0.034589
34 0.419102 0.507210 0.059922 0.027339
35 0.926855 0.180186 0.070723 0.036065
34 0.680830 0.494431 0.043613 0.022368
34 0.982407 0.181528 0.034658 0.027971
34 0.451445 0.318726 0.064668 0.046020
34 0.697231 0.077170 0.071318 0.043337
34 0.659077 0.543100 0.070771 0.044893
34 0.549316 0.393134 0.062969 0.044645
34 0.692954 0.307024 0.072100 0.043630
34 0.691948 0.355975 0.071553 0.045772
34 0.584722 0.219459 0.062998 0.045502
34 0.197783 0.428467 0.069297 0.043247
34 0.680361 0.444081 0.067344 0.045321
34 0.391074 0.304053 0.019199 0.039200
34 0.195552 0.312255 0.071748 0.045908
34 0.658560 0.590637 0.071064 0.043912
33 0.018501 0.159910 0.036123 0.050913
34 0.333076 0.222632 0.077324 0.078005
0 0.242349 0.428563 0.015557 0.032796
0 0.653086 0.129419 0.014199 0.032570
21 0.646519 0.394526 0.030361 0.040755
0 0.153706 0.037272 0.029639 0.018737
3 0.585537 0.174808 0.030918 0.035096
0 0.242349 0.309498 0.015146 0.030654
0 0.287388 0.329549 0.015459 0.031206
0 0.652905 0.075744 0.013799 0.031060
0 0.646646 0.305028 0.015967 0.033687
34 0.386787 0.183563 0.072832 0.049222
34 0.946880 0.307824 0.042490 0.021601
34 0.026611 0.217401 0.053223 0.045445
0 0.450405 0.348196 0.028838 0.017565
11 0.288525 0.274865 0.054766 0.068579
6 0.085864 0.074470 0.013486 0.013134
0 0.115781 0.255654 0.013477 0.024318
21 0.013267 0.426139 0.026338 0.040124
0 0.636538 0.445693 0.011514 0.021759
3 0.586191 0.266404 0.043750 0.049899
21 0.652910 0.170451 0.030762 0.039662
0 0.009897 0.385411 0.014229 0.030169
22 0.021362 0.280214 0.042725 0.069064
21 0.242363 0.467683 0.033320 0.041747
1 0.452520 0.277396 0.048223 0.032198
34 0.451758 0.239887 0.064609 0.047576
34 0.381094 0.390462 0.064180 0.047260
5 0.836274 0.508867 0.022842 0.035141
21 0.288433 0.370862 0.031377 0.041612
0 0.675796 0.471505 0.017607 0.013247
21 0.613472 0.633658 0.030127 0.041206
0 0.009912 0.336195 0.013887 0.032052
0 0.820181 0.181054 0.027900 0.018027
0 0.085112 0.105575 0.014697 0.032999
0 0.646431 0.354876 0.015166 0.030541
0 0.205010 0.393563 0.029141 0.019076
0 0.613276 0.542182 0.014072 0.032976
0 0.613457 0.592632 0.013457 0.032661
