34 0.579102 0.437739 0.028340 0.034736
34 0.983643 0.819521 0.032578 0.027461
34 0.360273 0.023296 0.025859 0.043936
34 0.519272 0.018613 0.027803 0.037227
34 0.681558 0.023848 0.024287 0.046309
34 0.778291 0.023574 0.027012 0.046211
34 0.748340 0.268706 0.043359 0.026611
34 0.574414 0.184580 0.028887 0.042598
34 0.553398 0.535117 0.028535 0.043438
34 0.456494 0.023911 0.026270 0.046279
34 0.787822 0.819502 0.044082 0.027539
34 0.733711 0.184502 0.027500 0.043086
34 0.668613 0.786973 0.028945 0.048438
34 0.274141 0.628433 0.088594 0.055908
34 0.147739 0.954521 0.033057 0.043730
33 0.632837 0.430083 0.041025 0.057334
34 0.632256 0.374424 0.092285 0.054492
34 0.288877 0.512065 0.080801 0.052568
34 0.755996 0.330557 0.044629 0.024414
34 0.835566 0.126782 0.050820 0.024873
34 0.272505 0.810293 0.090615 0.056328
6 0.837129 0.832104 0.034141 0.026104
0 0.498013 0.412896 0.046963 0.029053
0 0.291025 0.555000 0.046484 0.027598
34 0.323809 0.930542 0.030508 0.050244
34 0.615674 0.019268 0.027480 0.038535
34 0.634009 0.555327 0.091650 0.055107
34 0.288384 0.019409 0.025869 0.038623
6 0.659395 0.063647 0.028086 0.028076
6 0.965137 0.143853 0.047188 0.029111
6 0.979985 0.062393 0.028877 0.025527
6 0.361724 0.141343 0.043174 0.030127
6 0.931001 0.829595 0.041162 0.023096
34 0.843687 0.023506 0.025068 0.043672
34 0.121396 0.048198 0.050293 0.024229
34 0.940166 0.023442 0.024824 0.045088
33 0.632803 0.495166 0.051621 0.056992
33 0.273125 0.751621 0.048379 0.055918
35 0.399468 0.555918 0.105381 0.043008
34 0.244863 0.184746 0.026738 0.042852
34 0.411548 0.184634 0.024814 0.042842
34 0.195195 0.674824 0.028867 0.031270
34 0.398994 0.380181 0.048008 0.026943
33 0.273521 0.687554 0.043760 0.058271
34 0.895762 0.184390 0.027031 0.043076
34 0.191367 0.018784 0.028301 0.037568
34 0.397876 0.520571 0.048936 0.027471
34 0.499536 0.376577 0.082666 0.050010
