0 0.972891 0.462393 0.030410 0.052324
34 0.689102 0.004443 0.038965 0.008887
34 0.955225 0.364756 0.026055 0.036328
34 0.087744 0.279307 0.036914 0.029121
34 0.698765 0.756729 0.037568 0.026094
34 0.881045 0.804297 0.036250 0.028438
34 0.899893 0.589644 0.075918 0.052080
34 0.551973 0.366240 0.028535 0.037246
35 0.285186 0.172935 0.042715 0.097041
35 0.805571 0.128931 0.113389 0.041807
34 0.756387 0.364814 0.027012 0.036895
34 0.696777 0.591689 0.075234 0.050605
34 0.215166 0.786821 0.025332 0.036748
34 0.512979 0.589038 0.074121 0.052334
34 0.366069 0.368159 0.028740 0.037744
34 0.827866 0.661938 0.080049 0.049189
34 0.440122 0.661021 0.080322 0.049502
34 0.212949 0.395103 0.027461 0.037432
34 0.282031 0.244575 0.122676 0.052100
34 0.175601 0.461968 0.079990 0.050713
34 0.174907 0.857368 0.081436 0.050303
34 0.625068 0.661460 0.079434 0.048506
34 0.675195 0.078096 0.078516 0.051211
34 0.439702 0.462412 0.078057 0.050586
34 0.340986 0.080059 0.078047 0.049316
34 0.828071 0.462725 0.078525 0.051367
34 0.625220 0.462446 0.078740 0.050830
34 0.932119 0.128521 0.135117 0.075225
34 0.232207 0.691958 0.104238 0.106533
34 0.028755 0.691040 0.057510 0.105479
0 0.385005 0.462397 0.029014 0.052197
6 0.776665 0.729106 0.033643 0.035967
11 0.858457 0.538853 0.069609 0.054521
11 0.654277 0.536528 0.058008 0.059170
0 0.619038 0.077446 0.030303 0.055283
11 0.468662 0.535947 0.069609 0.058008
0 0.231255 0.854834 0.031221 0.053223
0 0.284932 0.077310 0.030000 0.055498
0 0.008633 0.461875 0.017266 0.054180
6 0.972939 0.727349 0.021719 0.029385
0 0.231167 0.461504 0.029932 0.053750
0 0.772734 0.462295 0.028242 0.051367
0 0.972725 0.660376 0.031074 0.053721
0 0.569858 0.659946 0.030049 0.053193
0 0.772661 0.660034 0.028701 0.053154
0 0.569785 0.462158 0.029160 0.052207
0 0.385278 0.660176 0.030713 0.054141
