34 0.307637 0.956724 0.127617 0.066689
34 0.443804 0.322310 0.205127 0.122490
34 0.954404 0.319429 0.091191 0.067451
34 0.614873 0.949453 0.167832 0.100879
34 0.080542 0.948931 0.161084 0.102080
33 0.756904 0.882568 0.068301 0.045391
34 0.957476 0.687046 0.085049 0.065732
3 0.963481 0.587749 0.073037 0.090283
3 0.963257 0.768726 0.073486 0.092646
3 0.962930 0.220684 0.074004 0.091270
3 0.963457 0.398872 0.073047 0.091943
34 0.955737 0.141787 0.088525 0.059707
34 0.858979 0.962583 0.126436 0.066514
33 0.209370 0.964326 0.067861 0.044160
33 0.209155 0.882192 0.068037 0.045205
34 0.305562 0.875942 0.126533 0.065498
34 0.858364 0.890547 0.126318 0.065488
34 0.955811 0.513052 0.088379 0.061025
33 0.757104 0.964009 0.068311 0.044580
