35 0.502866 0.760381 0.048135 0.107559
34 0.605229 0.730728 0.032041 0.059990
34 0.512935 0.848301 0.106885 0.063008
34 0.270313 0.016299 0.080371 0.032363
34 0.903662 0.152534 0.166309 0.037393
34 0.782441 0.385078 0.093672 0.035586
25 0.694063 0.388667 0.611875 0.360225
25 0.124170 0.392432 0.248340 0.200000
34 0.989731 0.391470 0.020537 0.181494
34 0.934087 0.390435 0.024365 0.181494
34 0.883784 0.391216 0.030596 0.174756
34 0.691401 0.390176 0.019189 0.150898
34 0.632808 0.387065 0.021260 0.157119
34 0.575747 0.388882 0.023369 0.153486
34 0.516133 0.386025 0.023340 0.151934
34 0.458833 0.388101 0.024893 0.156084
34 0.066646 0.378989 0.133291 0.059131
1 0.320654 0.014243 0.021641 0.028486
34 0.984810 0.025840 0.030107 0.051426
35 0.906143 0.089849 0.042891 0.094326
34 0.579126 0.917109 0.050029 0.028711
34 0.320820 0.170459 0.148477 0.059805
35 0.321631 0.098447 0.040547 0.095273
34 0.888501 0.020288 0.033291 0.040225
