34 0.345742 0.865854 0.192988 0.078057
34 0.870220 0.715820 0.037998 0.056758
34 0.940967 0.191465 0.118066 0.069844
34 0.787393 0.660806 0.065801 0.036709
34 0.756528 0.840195 0.095830 0.057266
33 0.585449 0.371855 0.043301 0.064570
34 0.838584 0.546226 0.104746 0.060986
34 0.954829 0.793335 0.038428 0.071416
33 0.702734 0.372563 0.043105 0.063643
33 0.666411 0.817578 0.043037 0.061914
33 0.494702 0.440308 0.044619 0.069170
33 0.572803 0.818252 0.041875 0.062793
34 0.825825 0.778237 0.108838 0.058877
33 0.488491 0.889570 0.044561 0.066113
34 0.557803 0.596938 0.099277 0.060479
34 0.487500 0.825151 0.096133 0.061299
34 0.580659 0.305718 0.119678 0.064229
34 0.365811 0.624204 0.229414 0.065166
34 0.804805 0.393159 0.106191 0.060752
35 0.358032 0.479937 0.117783 0.051396
34 0.837192 0.610239 0.106396 0.059619
35 0.365005 0.683198 0.115225 0.052607
35 0.350693 0.927251 0.117695 0.052256
34 0.689346 0.595229 0.099316 0.061514
34 0.353149 0.420195 0.192764 0.068242
34 0.706157 0.305352 0.118896 0.064727
34 0.675317 0.750527 0.111377 0.070879
34 0.493745 0.373477 0.118018 0.062734
34 0.544224 0.749370 0.125088 0.073838
3 0.559917 0.663647 0.074209 0.071846
6 0.977222 0.557827 0.029736 0.029463
6 0.903521 0.479229 0.027041 0.023926
0 0.619141 0.886177 0.020684 0.035361
0 0.902139 0.608545 0.019141 0.033828
0 0.644092 0.439482 0.019824 0.034844
0 0.890181 0.774429 0.019131 0.032080
6 0.901597 0.512373 0.019756 0.019473
3 0.802466 0.461865 0.076064 0.073594
3 0.759458 0.907456 0.075771 0.076299
21 0.890649 0.823340 0.041260 0.044570
0 0.901924 0.551079 0.019180 0.033682
4 0.692568 0.665474 0.074453 0.073701
