24 0.758608 0.376353 0.058057 0.232256
21 0.068296 0.486489 0.023955 0.026006
6 0.801982 0.246353 0.014180 0.011865
34 0.423350 0.520791 0.045742 0.023516
35 0.575142 0.342710 0.072021 0.035459
35 0.278472 0.369844 0.072686 0.033750
4 0.113110 0.362002 0.044893 0.044258
34 0.578730 0.220439 0.042207 0.022129
35 0.550625 0.904180 0.032500 0.072305
0 0.267573 0.100366 0.016104 0.029248
34 0.331328 0.016577 0.043750 0.021357
0 0.408135 0.265034 0.015801 0.027744
34 0.027349 0.119312 0.027979 0.051377
34 0.367075 0.372217 0.099580 0.044863
34 0.713989 0.330166 0.040537 0.021230
3 0.670312 0.333389 0.043008 0.043496
34 0.555293 0.969858 0.124180 0.060283
34 0.670093 0.291968 0.063428 0.038740
0 0.801855 0.270811 0.015273 0.026699
3 0.202012 0.361221 0.043574 0.043340
34 0.110718 0.320581 0.063369 0.040967
0 0.267695 0.056470 0.015313 0.027842
0 0.550708 0.844683 0.015166 0.027002
34 0.206572 0.185151 0.070586 0.041162
34 0.488989 0.341406 0.099404 0.059180
0 0.068740 0.449746 0.014219 0.026250
34 0.201494 0.320518 0.063496 0.040625
34 0.220098 0.101553 0.073281 0.040996
34 0.507803 0.800269 0.069102 0.041006
0 0.550703 0.801440 0.014863 0.026006
34 0.030283 0.406304 0.060352 0.041494
34 0.360679 0.265771 0.072061 0.041387
0 0.069307 0.406025 0.013594 0.024805
21 0.408379 0.300063 0.033965 0.037197
34 0.867935 0.379175 0.138740 0.109326
34 0.507529 0.845386 0.069570 0.042686
34 0.846880 0.270923 0.070479 0.041768
5 0.204453 0.233130 0.036934 0.053115
34 0.030386 0.450166 0.060732 0.042871
34 0.221284 0.058447 0.071475 0.041309
34 0.989453 0.268091 0.021094 0.042842
21 0.267549 0.134741 0.033594 0.035361
