33 0.182290 0.024786 0.065967 0.048444
34 0.364937 0.283033 0.046748 0.033236
34 0.316665 0.044972 0.049658 0.034138
34 0.367168 0.188658 0.047949 0.036212
34 0.518086 0.420800 0.058359 0.036122
34 0.345952 0.405361 0.078857 0.051037
0 0.172393 0.432187 0.023203 0.044690
0 0.575068 0.504543 0.033711 0.066967
21 0.172725 0.541894 0.040625 0.062007
21 0.061577 0.541843 0.039893 0.061364
0 0.061777 0.431888 0.023965 0.044679
33 0.274170 0.406860 0.060977 0.049955
34 0.147051 0.308517 0.116230 0.105851
34 0.647813 0.505586 0.098184 0.066122
34 0.364072 0.091573 0.048086 0.037057
34 0.429834 0.019374 0.078906 0.036449
34 0.024873 0.433010 0.049375 0.058760
34 0.118818 0.431003 0.080977 0.057587
34 0.381641 0.557418 0.049668 0.037384
