0 0.447534 0.182378 0.069932 0.044287
1 0.204507 0.541680 0.036182 0.064688
0 0.647998 0.230166 0.027969 0.046621
0 0.398584 0.719673 0.067598 0.037295
35 0.691943 0.722046 0.094629 0.048389
35 0.942480 0.179575 0.092480 0.045166
0 0.515615 0.720825 0.066230 0.037256
34 0.186470 0.900239 0.031240 0.054150
34 0.300659 0.698574 0.055537 0.035410
34 0.265952 0.543076 0.093018 0.056230
21 0.649692 0.284888 0.034697 0.043154
34 0.772588 0.112373 0.077422 0.033340
34 0.896240 0.115596 0.077422 0.041934
34 0.710757 0.230112 0.091396 0.053760
34 0.022051 0.164526 0.043008 0.027959
34 0.444634 0.133340 0.090322 0.053770
34 0.842134 0.721484 0.183271 0.072891
34 0.513081 0.672192 0.088857 0.052061
34 0.396113 0.673584 0.093711 0.057617
