6 0.806733 0.031849 0.017549 0.019301
34 0.992026 0.192672 0.015771 0.028095
35 0.133452 0.391313 0.092803 0.045558
34 0.129312 0.032576 0.092412 0.055862
33 0.130376 0.092249 0.041885 0.060552
34 0.365566 0.048134 0.091738 0.057892
33 0.025010 0.091973 0.041172 0.060586
34 0.035591 0.032486 0.071182 0.055862
34 0.430005 0.299064 0.092529 0.055716
34 0.652187 0.326984 0.093086 0.058095
34 0.331431 0.368732 0.053311 0.031714
34 0.862314 0.069594 0.089180 0.059459
34 0.491758 0.080344 0.091621 0.057215
33 0.429233 0.356127 0.040322 0.059470
34 0.535488 0.296917 0.091328 0.057125
34 0.127969 0.343253 0.145371 0.058703
34 0.250771 0.076550 0.091191 0.056685
33 0.536396 0.355716 0.040684 0.060947
34 0.904878 0.352446 0.087939 0.056685
34 0.637520 0.108264 0.060898 0.027847
34 0.968359 0.083055 0.063281 0.054543
21 0.492446 0.127751 0.070771 0.046866
21 0.944531 0.021426 0.027090 0.042852
0 0.250464 0.127046 0.059814 0.039977
0 0.977017 0.129758 0.045967 0.034059
6 0.960356 0.310282 0.018447 0.017091
0 0.806011 0.074521 0.021963 0.042728
4 0.364233 0.112063 0.063779 0.071161
15 0.654209 0.390056 0.056289 0.067847
0 0.960566 0.351105 0.020820 0.042413
