34 0.709355 0.609468 0.063984 0.038564
34 0.207114 0.798047 0.041865 0.020898
34 0.846958 0.760796 0.074326 0.041201
34 0.742544 0.700010 0.070986 0.038516
33 0.742925 0.751641 0.030322 0.061465
33 0.519033 0.783223 0.031797 0.048867
33 0.687935 0.783711 0.031045 0.049570
34 0.710078 0.565400 0.072988 0.040703
33 0.467510 0.731040 0.029473 0.029072
34 0.816152 0.703789 0.070898 0.041895
34 0.847144 0.925957 0.064053 0.039375
34 0.992798 0.459121 0.014404 0.044258
34 0.885508 0.186963 0.065000 0.042051
34 0.382759 0.565532 0.071064 0.039521
35 0.673506 0.321265 0.032656 0.069775
33 0.520923 0.847466 0.041162 0.036318
34 0.905894 0.622041 0.042783 0.023301
34 0.520840 0.738208 0.069590 0.038408
34 0.592651 0.586260 0.072139 0.039961
34 0.357222 0.736030 0.071006 0.039092
34 0.110679 0.659038 0.073076 0.042998
34 0.336069 0.926826 0.064814 0.040020
34 0.689224 0.738120 0.070850 0.038291
34 0.115889 0.320249 0.070078 0.041143
34 0.891567 0.703770 0.072236 0.040547
34 0.637808 0.903154 0.072842 0.039043
34 0.976860 0.785264 0.046045 0.039082
34 0.976367 0.740225 0.047266 0.040449
34 0.255884 0.939414 0.043389 0.021758
34 0.605649 0.717754 0.082803 0.071191
34 0.387588 0.457295 0.081113 0.045195
34 0.134072 0.260640 0.069258 0.043018
34 0.781079 0.178540 0.073525 0.042549
34 0.847993 0.882334 0.069150 0.038105
34 0.465854 0.694268 0.069912 0.039453
34 0.392998 0.319673 0.072129 0.041846
34 0.676543 0.369165 0.093945 0.025283
34 0.923125 0.308901 0.072871 0.040557
34 0.383013 0.609990 0.065205 0.040410
34 0.411084 0.260596 0.072480 0.043086
34 0.720928 0.260059 0.071523 0.042461
34 0.507495 0.320044 0.071533 0.040264
34 0.336382 0.882783 0.069111 0.038379
34 0.885186 0.124204 0.064805 0.040107
34 0.425981 0.762832 0.069814 0.038047
34 0.355566 0.779072 0.063047 0.038125
34 0.229561 0.319800 0.071484 0.040420
34 0.462944 0.849678 0.069268 0.041465
34 0.525713 0.260664 0.071641 0.042754
34 0.246440 0.261982 0.070693 0.040137
34 0.923413 0.263262 0.070869 0.040547
34 0.760591 0.769946 0.017998 0.035479
0 0.674155 0.261548 0.014971 0.028857
0 0.437827 0.316611 0.014131 0.028477
0 0.292017 0.925464 0.015342 0.026748
0 0.425083 0.609277 0.015537 0.027461
21 0.273042 0.352158 0.026748 0.034687
0 0.804893 0.882368 0.014727 0.027842
0 0.943828 0.741455 0.014785 0.027930
0 0.312583 0.779927 0.015381 0.028076
1 0.884512 0.219663 0.048828 0.026865
0 0.295264 0.259487 0.024941 0.045283
0 0.312549 0.735674 0.014453 0.028340
17 0.603115 0.809897 0.123984 0.128662
1 0.812661 0.730073 0.027275 0.015049
0 0.425430 0.566328 0.015137 0.028652
3 0.641816 0.943818 0.045547 0.042949
0 0.160122 0.316812 0.014990 0.028408
21 0.437451 0.352212 0.028203 0.035244
6 0.944365 0.713525 0.013223 0.014238
6 0.804487 0.853354 0.014307 0.013271
6 0.312705 0.708623 0.013223 0.012969
0 0.804805 0.925454 0.015000 0.026553
0 0.967217 0.261665 0.015469 0.026201
0 0.751313 0.609873 0.014736 0.028203
0 0.884390 0.152886 0.028955 0.016064
6 0.425049 0.537681 0.012871 0.011299
0 0.274155 0.316694 0.014736 0.028232
5 0.054307 0.658765 0.037109 0.025830
0 0.944048 0.784873 0.014541 0.025938
0 0.890732 0.731123 0.026738 0.015117
0 0.967627 0.305361 0.015840 0.029004
0 0.751411 0.566787 0.014111 0.028145
0 0.181118 0.259570 0.026045 0.046250
0 0.459233 0.259463 0.025811 0.045762
0 0.551494 0.316704 0.015625 0.028467
21 0.968232 0.339849 0.032969 0.037021
3 0.846533 0.803262 0.042910 0.043418
21 0.551064 0.352017 0.027813 0.034932
3 0.422510 0.803223 0.042324 0.042988
3 0.588647 0.626895 0.045537 0.043398
0 0.292217 0.882495 0.015098 0.028779
21 0.159629 0.352349 0.027988 0.035264
29 0.381475 0.441479 0.628066 0.136846
15 0.784404 0.221011 0.039766 0.044443
6 0.750679 0.537192 0.013896 0.014326
0 0.467114 0.792080 0.011650 0.019297
6 0.292070 0.854453 0.012383 0.011289
0 0.742300 0.790986 0.011650 0.021484
0 0.573115 0.259580 0.024883 0.045469
