34 0.419180 0.812441 0.060117 0.022773
5 0.821621 0.416255 0.022637 0.030439
0 0.241504 0.265269 0.014277 0.028213
0 0.204624 0.712520 0.027979 0.016172
0 0.084072 0.463809 0.015313 0.026934
0 0.652808 0.919468 0.014424 0.026455
0 0.204849 0.234990 0.029209 0.016348
21 0.640767 0.244580 0.031787 0.035625
0 0.420112 0.233130 0.014404 0.027725
0 0.286279 0.180513 0.015703 0.029482
0 0.653550 0.448516 0.015928 0.029141
34 0.584502 0.362666 0.068301 0.039746
34 0.115293 0.990151 0.072344 0.019697
34 0.584331 0.835200 0.067607 0.039502
34 0.132632 0.688408 0.061748 0.021582
34 0.418594 0.333315 0.060254 0.023994
35 0.721953 0.801245 0.029707 0.073096
34 0.053838 0.187495 0.069746 0.039307
34 0.179521 0.598589 0.041719 0.019287
34 0.070806 0.874468 0.036904 0.021631
34 0.697778 0.448198 0.067705 0.038525
34 0.055718 0.708330 0.072061 0.042246
34 0.582148 0.969995 0.064805 0.041475
35 0.921646 0.227451 0.071416 0.034395
34 0.196997 0.958262 0.037197 0.022402
34 0.179297 0.119185 0.043613 0.020322
34 0.702207 0.404282 0.042500 0.019795
34 0.818037 0.981987 0.072871 0.035967
34 0.330547 0.177466 0.065840 0.040127
33 0.115679 0.085396 0.033408 0.043389
34 0.197700 0.477231 0.035205 0.020381
34 0.651196 0.120615 0.042490 0.019551
34 0.389639 0.634829 0.018730 0.034307
34 0.054058 0.665674 0.070322 0.040234
34 0.132461 0.210933 0.059551 0.023994
34 0.549272 0.301875 0.063564 0.038027
34 0.449243 0.647754 0.065322 0.037363
34 0.205459 0.683813 0.063594 0.041299
34 0.536436 0.578716 0.019297 0.034971
34 0.583149 0.015127 0.062979 0.030254
34 0.380181 0.710254 0.063916 0.042832
34 0.115386 0.041265 0.070400 0.042354
34 0.204883 0.205640 0.063242 0.040830
34 0.668247 0.834336 0.069561 0.038965
34 0.822632 0.851953 0.066045 0.038730
34 0.685391 0.638335 0.071895 0.037627
34 0.127842 0.946162 0.067773 0.040273
34 0.536245 0.100186 0.020029 0.032715
34 0.580327 0.487812 0.064932 0.040273
35 0.419102 0.766235 0.030957 0.073994
35 0.419141 0.287817 0.032012 0.073154
34 0.697544 0.597524 0.041982 0.019814
34 0.646924 0.877944 0.042363 0.018350
34 0.151987 0.380718 0.070186 0.039717
34 0.449795 0.169116 0.061074 0.038154
34 0.027324 0.947695 0.054648 0.041289
34 0.668486 0.361948 0.069980 0.040186
34 0.684409 0.210303 0.067783 0.039297
34 0.380728 0.232734 0.063877 0.042031
34 0.386118 0.053003 0.069697 0.041201
34 0.449668 0.580112 0.063848 0.040615
34 0.715859 0.267920 0.094629 0.056816
34 0.716089 0.738760 0.094932 0.056895
34 0.685454 0.168418 0.068428 0.039316
34 0.449429 0.101831 0.060713 0.038486
34 0.196680 0.265190 0.067031 0.038838
34 0.056143 0.229727 0.069297 0.040098
33 0.019976 0.985137 0.039170 0.029727
34 0.026157 0.080674 0.052217 0.041250
34 0.196226 0.743687 0.071436 0.040264
34 0.819155 0.197813 0.073486 0.043242
34 0.548994 0.774438 0.064141 0.039482
34 0.584048 0.083384 0.061494 0.040693
34 0.331460 0.656860 0.067549 0.040889
34 0.697305 0.491763 0.067734 0.038369
34 0.127393 0.464683 0.068164 0.040303
34 0.069478 0.397754 0.034678 0.021387
34 0.446104 0.872378 0.066523 0.042061
34 0.823481 0.382119 0.065049 0.040059
34 0.153916 0.856963 0.068672 0.039082
34 0.696880 0.963730 0.071182 0.038887
34 0.194775 0.641621 0.071914 0.039512
34 0.584072 0.560767 0.063750 0.040029
34 0.195596 0.164370 0.070039 0.038037
34 0.977192 0.224546 0.045381 0.045928
33 0.018086 0.031919 0.035371 0.041865
34 0.115366 0.520034 0.070771 0.040049
33 0.017773 0.510337 0.035195 0.043779
34 0.684971 0.679834 0.070449 0.038750
34 0.389741 0.157246 0.018779 0.035371
34 0.385000 0.530630 0.071953 0.042041
34 0.026001 0.561030 0.052002 0.039893
34 0.925063 0.018428 0.066904 0.036641
34 0.026255 0.467866 0.052236 0.042080
34 0.697676 0.919531 0.071895 0.039707
34 0.332734 0.088594 0.075488 0.067227
34 0.331914 0.564668 0.078320 0.067734
0 0.152241 0.408911 0.029248 0.017002
0 0.653696 0.493774 0.015186 0.028877
0 0.640547 0.678647 0.015117 0.027900
0 0.652983 0.965586 0.013955 0.027930
0 0.008931 0.663242 0.015713 0.027012
3 0.546973 0.371890 0.049121 0.115791
3 0.548145 0.845571 0.046777 0.108779
0 0.055913 0.114644 0.013057 0.023174
0 0.114687 0.116748 0.013477 0.018965
0 0.055708 0.592090 0.013838 0.020762
0 0.117061 0.593364 0.016387 0.018936
0 0.624390 0.835703 0.012021 0.015293
0 0.385986 0.595293 0.013105 0.018203
0 0.386968 0.117100 0.012021 0.018574
6 0.083081 0.436123 0.015107 0.013652
3 0.583750 0.522949 0.030332 0.027383
6 0.623945 0.814028 0.014668 0.015791
6 0.084600 0.917578 0.012910 0.012910
11 0.286753 0.132100 0.054951 0.055020
22 0.020269 0.133276 0.040537 0.061963
22 0.020269 0.610483 0.040537 0.054971
21 0.286499 0.214941 0.031357 0.036309
1 0.451777 0.133945 0.047988 0.029551
21 0.012793 0.741069 0.025410 0.035264
21 0.639980 0.713511 0.032598 0.036533
0 0.153662 0.885801 0.029688 0.017012
0 0.286421 0.657803 0.015479 0.028477
0 0.641377 0.209663 0.016504 0.027998
3 0.585234 0.124766 0.041992 0.041367
0 0.085425 0.944912 0.015850 0.029180
21 0.241880 0.777065 0.034131 0.036123
21 0.286465 0.693057 0.032129 0.035918
5 0.871431 0.015986 0.035029 0.023574
21 0.241152 0.300303 0.033848 0.037695
0 0.009023 0.705552 0.015703 0.026123
0 0.009067 0.227646 0.015557 0.027734
21 0.012661 0.262090 0.025225 0.036445
0 0.009053 0.185210 0.015605 0.028564
0 0.241689 0.742769 0.014297 0.027725
21 0.653105 0.529609 0.030410 0.035254
3 0.585327 0.601802 0.042314 0.041826
21 0.652231 0.992104 0.030459 0.015674
0 0.663179 0.386245 0.018682 0.010186
6 0.625068 0.341133 0.012910 0.011621
0 0.449302 0.674004 0.027139 0.015703
0 0.420298 0.710718 0.014795 0.028467
0 0.640605 0.636304 0.015000 0.028291
11 0.285308 0.611846 0.054150 0.051973
0 0.449033 0.195820 0.029004 0.014551
0 0.819116 0.227837 0.029502 0.016807
0 0.625498 0.363149 0.010020 0.018096
0 0.241563 0.639995 0.014707 0.028193
0 0.663638 0.857632 0.018838 0.011318
1 0.451704 0.611904 0.047881 0.027070
3 0.584185 0.045146 0.031631 0.030195
5 0.823027 0.887734 0.022949 0.029922
0 0.241563 0.162710 0.014141 0.028525
0 0.641455 0.165464 0.016875 0.029775
