0 0.418188 0.617837 0.018916 0.038018
34 0.935181 0.674014 0.066260 0.045059
6 0.976997 0.591992 0.016494 0.014219
34 0.426416 0.989585 0.089883 0.020830
0 0.976733 0.627778 0.019775 0.036631
6 0.417808 0.581572 0.016865 0.018594
34 0.719766 0.865435 0.255820 0.113994
34 0.205596 0.964072 0.029766 0.041934
0 0.976733 0.675103 0.020225 0.037842
34 0.254380 0.083804 0.039111 0.027822
0 0.515669 0.666196 0.020811 0.037900
0 0.515654 0.618994 0.020723 0.037461
6 0.516289 0.583198 0.016758 0.017158
0 0.270903 0.566470 0.020674 0.038057
6 0.270503 0.529751 0.016572 0.015576
34 0.375942 0.664048 0.065596 0.044834
34 0.299609 0.635015 0.033203 0.019932
0 0.271401 0.612646 0.019150 0.035879
34 0.376377 0.615688 0.066445 0.046572
34 0.229141 0.563711 0.063613 0.045313
34 0.474058 0.616250 0.066182 0.044883
34 0.253384 0.165767 0.049131 0.023838
34 0.934487 0.625015 0.065830 0.044756
34 0.229126 0.611162 0.064756 0.044375
34 0.474688 0.664707 0.065918 0.043320
34 0.160947 0.189155 0.048672 0.023525
0 0.417964 0.664971 0.019561 0.038438
34 0.177715 0.417495 0.048262 0.023115
