34 0.423193 0.612334 0.119805 0.072598
34 0.899365 0.117061 0.201270 0.052422
35 0.825869 0.222075 0.053613 0.116201
34 0.236201 0.880845 0.037246 0.064248
35 0.274570 0.222710 0.054590 0.116494
35 0.539468 0.222715 0.055518 0.116133
35 0.362412 0.797944 0.104102 0.054658
35 0.018584 0.223462 0.037168 0.115381
34 0.174023 0.776602 0.080586 0.034668
34 0.974287 0.479604 0.051426 0.071611
34 0.980781 0.759570 0.038320 0.077188
34 0.155903 0.360405 0.115947 0.071982
34 0.706240 0.361836 0.114941 0.071602
34 0.420581 0.360405 0.117041 0.072080
34 0.957915 0.612183 0.084131 0.074111
34 0.956245 0.360532 0.087354 0.073271
34 0.889292 0.928687 0.120166 0.073682
34 0.171177 0.972295 0.121924 0.055410
34 0.479268 0.798516 0.128730 0.112344
34 0.190054 0.480396 0.119014 0.070635
34 0.157490 0.612427 0.120391 0.072354
34 0.709946 0.612129 0.115244 0.073770
34 0.455889 0.480195 0.121289 0.070762
34 0.741948 0.479307 0.115479 0.071406
3 0.524414 0.609893 0.080000 0.074512
11 0.826724 0.366372 0.120889 0.117568
11 0.275127 0.366299 0.120820 0.117324
11 0.539614 0.366392 0.118643 0.117002
0 0.261230 0.973706 0.036895 0.052588
1 0.826167 0.481489 0.037979 0.074229
1 0.275352 0.481479 0.037969 0.073975
1 0.540288 0.481528 0.037080 0.074209
1 0.014629 0.481753 0.029258 0.073291
11 0.035186 0.367173 0.070371 0.115615
3 0.809199 0.609683 0.080430 0.074248
3 0.259419 0.610005 0.080010 0.073936
