0 0.260054 0.764355 0.019873 0.033906
5 0.926133 0.764248 0.046973 0.068887
5 0.305454 0.741479 0.031572 0.066670
34 0.978745 0.206826 0.042510 0.041523
34 0.013711 0.640264 0.027246 0.027734
34 0.258608 0.946035 0.165459 0.035410
35 0.597612 0.567949 0.043291 0.095527
34 0.339868 0.862954 0.029893 0.058682
34 0.934546 0.381182 0.078584 0.047617
34 0.209004 0.763354 0.072598 0.042510
34 0.603506 0.490151 0.150762 0.059268
34 0.577397 0.691030 0.031006 0.052549
34 0.245195 0.810098 0.029375 0.050137
33 0.987300 0.382920 0.025400 0.043477
33 0.987300 0.591987 0.025400 0.046611
34 0.934844 0.590200 0.077090 0.045771
35 0.262852 0.884946 0.042168 0.093076
