34 0.521113 0.793984 0.080762 0.056836
34 0.230430 0.063555 0.086465 0.050234
34 0.782222 0.472134 0.101553 0.046396
34 0.782954 0.247280 0.078701 0.047529
33 0.862910 0.951768 0.047695 0.036113
34 0.567920 0.371118 0.129453 0.026631
34 0.104873 0.234761 0.078457 0.047295
34 0.304780 0.847617 0.085264 0.049395
34 0.978970 0.817437 0.042061 0.046475
34 0.080391 0.810010 0.121191 0.046348
34 0.384517 0.267632 0.079639 0.089854
34 0.977944 0.091392 0.043975 0.049424
34 0.298594 0.501108 0.087227 0.051006
34 0.085396 0.468242 0.121455 0.045254
34 0.963750 0.393145 0.072402 0.047090
34 0.104844 0.110161 0.075176 0.044463
34 0.782886 0.310718 0.078330 0.045381
34 0.083779 0.062036 0.029531 0.018252
34 0.938711 0.899331 0.078633 0.046650
34 0.976440 0.025054 0.047119 0.048701
34 0.457588 0.437563 0.076855 0.045576
34 0.665737 0.318696 0.129443 0.024521
34 0.033145 0.032280 0.066113 0.046904
9 0.876982 0.309717 0.049199 0.049199
21 0.405630 0.472354 0.027119 0.024687
6 0.832021 0.423711 0.015937 0.016250
6 0.942207 0.422617 0.019375 0.015937
30 0.986929 0.867949 0.018076 0.057227
30 0.784116 0.867954 0.058232 0.063252
30 0.677686 0.828291 0.064258 0.064258
30 0.677686 0.478892 0.062246 0.056221
30 0.777588 0.425181 0.055215 0.061240
23 0.230400 0.851387 0.059238 0.054219
23 0.228896 0.506504 0.054219 0.055215
9 0.469355 0.386021 0.043164 0.053213
6 0.107773 0.049419 0.017617 0.015068
5 0.110884 0.194912 0.030068 0.033887
6 0.156104 0.222368 0.019082 0.013057
13 0.025591 0.077788 0.051182 0.053213
9 0.942749 0.941240 0.040166 0.039160
6 0.333354 0.329634 0.020088 0.018408
1 0.057002 0.160605 0.023906 0.041953
0 0.850552 0.927153 0.027490 0.015186
0 0.781753 0.341699 0.031826 0.015547
0 0.781030 0.277319 0.030381 0.016279
0 0.530459 0.539722 0.031465 0.016279
34 0.189028 0.256191 0.037373 0.018086
34 0.145659 0.172881 0.018428 0.036699
34 0.609443 0.928940 0.131621 0.031045
34 0.164424 0.288081 0.019590 0.030439
34 0.593574 0.468804 0.102051 0.048525
34 0.675010 0.653608 0.137500 0.042256
34 0.706592 0.411978 0.041563 0.018799
34 0.797344 0.963594 0.080781 0.066895
34 0.034614 0.133994 0.016592 0.030137
34 0.219473 0.440889 0.018262 0.040156
34 0.422925 0.516870 0.130303 0.023408
34 0.597461 0.832368 0.102676 0.049443
34 0.666841 0.250562 0.130869 0.026201
34 0.463809 0.129458 0.090117 0.050381
34 0.367461 0.387090 0.037441 0.017480
34 0.157603 0.836387 0.044385 0.020039
33 0.463447 0.183711 0.037734 0.055469
34 0.942617 0.246797 0.083438 0.046582
34 0.160405 0.494355 0.044951 0.020273
34 0.616304 0.142534 0.154189 0.046123
34 0.531323 0.511479 0.075928 0.042803
34 0.722539 0.857104 0.040664 0.014326
33 0.854697 0.990488 0.037480 0.019023
35 0.713081 0.927520 0.076357 0.034707
34 0.402778 0.798398 0.131904 0.029160
35 0.079282 0.847686 0.072197 0.029160
35 0.413535 0.769595 0.072891 0.032627
25 0.678721 0.655049 0.347793 0.217285
35 0.421519 0.543975 0.073584 0.028457
35 0.080669 0.506143 0.074971 0.030547
33 0.908843 0.391250 0.038877 0.039570
33 0.856436 0.380840 0.036797 0.036797
35 0.673511 0.342661 0.074971 0.029854
35 0.675947 0.278447 0.071504 0.033320
35 0.608262 0.180220 0.079141 0.032627
33 0.321211 0.286426 0.043730 0.039570
33 0.319819 0.247905 0.047900 0.041650
35 0.174385 0.339536 0.034707 0.069424
34 0.849053 0.898901 0.070684 0.048486
35 0.560430 0.397847 0.076367 0.032627
33 0.919004 0.087886 0.054805 0.040264
6 0.945073 0.867754 0.013174 0.011621
6 0.833901 0.868145 0.011611 0.010840
8 0.874478 0.247969 0.046182 0.042168
0 0.055908 0.112192 0.021758 0.045615
0 0.269326 0.245269 0.039336 0.023857
0 0.270586 0.287324 0.035996 0.024277
0 0.406587 0.435464 0.020088 0.029287
0 0.331968 0.359927 0.020166 0.028564
0 0.521235 0.770474 0.033994 0.017725
34 0.800229 0.375293 0.076045 0.045488
33 0.920518 0.027783 0.053848 0.040918
34 0.283218 0.360840 0.078252 0.046387
34 0.466714 0.340537 0.079385 0.048457
34 0.942427 0.305947 0.085830 0.047305
34 0.786729 0.817065 0.099023 0.047041
34 0.166528 0.391299 0.099209 0.043340
