6 0.712461 0.184154 0.017441 0.020530
34 0.982344 0.134374 0.035273 0.107644
34 0.631943 0.281815 0.105859 0.109763
0 0.438579 0.488264 0.042881 0.093010
34 0.885781 0.671590 0.073184 0.040834
34 0.502070 0.032401 0.078027 0.064803
34 0.914604 0.385846 0.108193 0.108264
34 0.948433 0.248546 0.102764 0.111116
34 0.861289 0.080975 0.134629 0.161950
34 0.516138 0.483286 0.109346 0.110834
0 0.711143 0.279002 0.041621 0.091894
0 0.912363 0.460924 0.078379 0.046020
33 0.562480 0.128563 0.057031 0.141770
22 0.761782 0.092351 0.085889 0.095682
22 0.660928 0.090609 0.084219 0.093732
6 0.721001 0.009476 0.019834 0.018952
6 0.701055 0.008895 0.017441 0.017790
6 0.720850 0.173501 0.020137 0.017824
6 0.701553 0.171561 0.017109 0.018591
