0 0.964932 0.294687 0.034902 0.064102
6 0.888496 0.103467 0.039766 0.037422
0 0.965083 0.217188 0.034346 0.064395
0 0.685620 0.256416 0.043467 0.080195
21 0.963926 0.376328 0.057402 0.078008
6 0.685225 0.372988 0.036602 0.041172
5 0.686094 0.152007 0.039883 0.045615
34 0.895640 0.216284 0.098291 0.061416
34 0.780630 0.082925 0.075439 0.033818
34 0.891919 0.293657 0.099951 0.063818
34 0.089351 0.033813 0.178701 0.067158
34 0.607236 0.154219 0.102695 0.064648
34 0.946919 0.149878 0.033936 0.063350
34 0.612041 0.255479 0.100547 0.064043
