0 0.513120 0.753472 0.054443 0.038489
34 0.893008 0.683303 0.211426 0.055919
34 0.894580 0.592976 0.210840 0.062368
34 0.894111 0.491905 0.211777 0.062368
34 0.895977 0.391364 0.208047 0.061285
34 0.893647 0.291370 0.212705 0.063439
34 0.892715 0.199972 0.214570 0.069887
33 0.720347 0.688129 0.119697 0.081398
33 0.719912 0.197999 0.120508 0.085310
33 0.719746 0.396313 0.120410 0.082638
33 0.720698 0.297559 0.119307 0.082965
33 0.719893 0.595006 0.119570 0.083044
33 0.719805 0.495924 0.119609 0.082830
6 0.505386 0.064842 0.036885 0.040733
0 0.576943 0.113895 0.059082 0.042627
0 0.656265 0.028236 0.034834 0.056471
21 0.438501 0.838906 0.060322 0.084374
0 0.589312 0.754532 0.060322 0.049560
