0 0.232607 0.600615 0.029668 0.053711
0 0.229395 0.099395 0.030215 0.052949
0 0.201646 0.286040 0.020498 0.035225
15 0.229741 0.202534 0.062529 0.061611
34 0.302725 0.598877 0.101211 0.068789
34 0.297451 0.098813 0.100039 0.066396
34 0.085625 0.384175 0.162832 0.125420
34 0.135205 0.483301 0.100020 0.067617
34 0.138296 0.288989 0.099502 0.068330
6 0.202627 0.252251 0.018457 0.015107
15 0.850967 0.285498 0.078613 0.075781
3 0.758774 0.024331 0.094131 0.048662
6 0.964131 0.799731 0.031680 0.028115
21 0.198750 0.526479 0.022637 0.030850
0 0.198496 0.483481 0.019727 0.035205
34 0.648442 0.021396 0.127139 0.042578
34 0.085859 0.022104 0.162559 0.044033
34 0.830513 0.466118 0.031904 0.074893
34 0.437949 0.165840 0.031816 0.074297
34 0.764404 0.295405 0.032520 0.063076
34 0.320903 0.201802 0.099951 0.067432
34 0.990122 0.146475 0.019756 0.051738
34 0.943691 0.285249 0.112617 0.079248
