34 0.488828 0.991543 0.086426 0.016914
34 0.641826 0.477388 0.100625 0.052900
34 0.859917 0.454556 0.108799 0.065049
34 0.638730 0.879551 0.107441 0.094785
33 0.526611 0.531567 0.045781 0.055244
34 0.491611 0.843745 0.106543 0.092900
34 0.642202 0.964229 0.104893 0.065762
34 0.562988 0.124834 0.029199 0.061836
34 0.703242 0.362192 0.260312 0.053799
33 0.559375 0.967251 0.056230 0.057549
3 0.958604 0.457793 0.082793 0.082676
34 0.965181 0.389272 0.027021 0.050771
34 0.803901 0.756729 0.076768 0.033203
0 0.493955 0.965454 0.046777 0.027021
34 0.324790 0.835781 0.139990 0.164316
0 0.494038 0.902676 0.045811 0.024551
34 0.226489 0.124927 0.029717 0.061494
3 0.394849 0.439375 0.089326 0.084922
34 0.129307 0.361831 0.258613 0.050537
6 0.978228 0.337104 0.043545 0.031182
35 0.832544 0.271685 0.049873 0.109600
34 0.812876 0.125068 0.028486 0.062695
35 0.244419 0.276147 0.049502 0.106182
35 0.582046 0.271543 0.049854 0.108887
34 0.781060 0.991152 0.098936 0.017695
33 0.560098 0.903091 0.055566 0.057139
34 0.522207 0.477168 0.099375 0.052363
35 0.012866 0.274819 0.025615 0.109189
34 0.288198 0.440503 0.110205 0.063975
33 0.646230 0.531226 0.046563 0.055342
34 0.393906 0.318711 0.028887 0.053164
34 0.127324 0.545190 0.053672 0.027139
