34 0.847041 0.467529 0.029277 0.046914
34 0.587939 0.753027 0.109473 0.066387
0 0.864443 0.529976 0.022598 0.044795
34 0.901016 0.021255 0.084609 0.042119
34 0.786416 0.234927 0.102168 0.065518
34 0.800747 0.753823 0.112803 0.066631
34 0.983164 0.019897 0.033672 0.039639
0 0.953813 0.017603 0.022041 0.035205
0 0.756167 0.530322 0.021084 0.044453
34 0.595547 0.530620 0.088770 0.058018
0 0.805386 0.697324 0.084951 0.039766
0 0.593555 0.696777 0.087090 0.040859
6 0.975273 0.483340 0.020430 0.024727
6 0.755918 0.483340 0.020430 0.018281
3 0.787104 0.154312 0.082803 0.091396
34 0.983237 0.729292 0.033525 0.108037
34 0.812832 0.945542 0.030215 0.048467
34 0.631396 0.368237 0.031563 0.047061
34 0.973442 0.235718 0.053115 0.065596
0 0.847876 0.017661 0.022002 0.035283
34 0.918623 0.529785 0.086523 0.055313
34 0.792676 0.021221 0.089395 0.042441
0 0.974077 0.529805 0.022764 0.044180
34 0.810522 0.530742 0.086768 0.056074
34 0.704419 0.530112 0.085615 0.055459
0 0.650586 0.530063 0.022480 0.044639
