34 0.980820 0.809277 0.031094 0.047461
0 0.992026 0.763589 0.015615 0.047373
0 0.714668 0.297598 0.028320 0.049863
0 0.785718 0.059961 0.028604 0.049434
0 0.563013 0.297163 0.027568 0.050596
0 0.408809 0.297485 0.029102 0.050010
34 0.557803 0.069927 0.326953 0.139854
35 0.987617 0.677534 0.024766 0.100889
35 0.407764 0.188115 0.045645 0.101289
35 0.563096 0.188389 0.045898 0.101035
34 0.943706 0.582637 0.112588 0.086855
34 0.952935 0.900229 0.094131 0.059424
34 0.958931 0.297915 0.082100 0.061611
34 0.630327 0.380742 0.052549 0.031602
35 0.714771 0.188315 0.044775 0.102119
34 0.645562 0.297256 0.105029 0.059902
34 0.853276 0.058120 0.102021 0.059385
34 0.340483 0.297642 0.102373 0.061064
34 0.495254 0.297773 0.095879 0.060098
