0 0.687480 0.650449 0.029258 0.053340
34 0.237104 0.367212 0.096768 0.035479
34 0.935405 0.548677 0.074541 0.051475
34 0.530845 0.657246 0.027471 0.058184
34 0.608550 0.550391 0.075283 0.051152
6 0.883975 0.715391 0.017812 0.020195
34 0.868149 0.849038 0.027920 0.057256
34 0.867803 0.658979 0.028008 0.057354
34 0.456045 0.770991 0.095957 0.029561
1 0.883550 0.550933 0.025400 0.052959
0 0.454756 0.650352 0.029023 0.052441
21 0.284014 0.531733 0.038984 0.043389
34 0.283721 0.566445 0.091699 0.027012
1 0.547183 0.550737 0.028857 0.053154
11 0.723369 0.030933 0.073711 0.061357
34 0.607573 0.452432 0.046885 0.029902
34 0.166240 0.926099 0.048086 0.027451
34 0.402891 0.547212 0.045566 0.026748
34 0.928403 0.452998 0.047998 0.028105
34 0.503545 0.479854 0.046348 0.028301
21 0.236484 0.333984 0.040762 0.043105
0 0.986143 0.551094 0.027715 0.052578
34 0.736768 0.546382 0.046680 0.027412
0 0.792021 0.650591 0.028496 0.052529
34 0.113330 0.257803 0.044258 0.027422
34 0.836597 0.479712 0.045928 0.027803
11 0.545283 0.782773 0.074395 0.074746
34 0.113340 0.380796 0.046289 0.027217
3 0.043418 0.456450 0.059590 0.050420
34 0.174619 0.234229 0.074414 0.045918
11 0.241372 0.030801 0.073916 0.060840
34 0.167480 0.773809 0.087773 0.084863
34 0.960132 0.767295 0.079600 0.084043
34 0.005708 0.456011 0.011357 0.048564
34 0.203765 0.978101 0.045518 0.027666
34 0.833306 0.550708 0.075732 0.053232
3 0.043882 0.332192 0.058877 0.051104
34 0.007139 0.335146 0.014238 0.047559
0 0.283618 0.457231 0.029326 0.050498
34 0.808892 0.023452 0.079912 0.046865
34 0.497544 0.978301 0.045674 0.028164
21 0.454155 0.734614 0.042803 0.045146
1 0.350703 0.651470 0.030918 0.052998
34 0.326504 0.023174 0.078730 0.046348
34 0.970542 0.648521 0.058916 0.052939
34 0.230410 0.459482 0.073555 0.045781
21 0.792070 0.734565 0.043008 0.045635
11 0.255977 0.782578 0.074316 0.075527
34 0.292935 0.651108 0.083037 0.052959
34 0.334062 0.835029 0.027480 0.047402
34 0.828696 0.976733 0.046631 0.027979
0 0.660000 0.551294 0.029180 0.053428
34 0.495991 0.550947 0.073506 0.053223
11 0.882451 0.782202 0.075078 0.073975
34 0.617812 0.767412 0.080742 0.082441
34 0.670405 0.847144 0.027373 0.046162
0 0.170449 0.274111 0.050723 0.029687
34 0.740938 0.650571 0.076152 0.052666
34 0.632407 0.651050 0.080889 0.052568
34 0.404814 0.651113 0.074082 0.051816
34 0.114980 0.495537 0.072344 0.047305
34 0.240146 0.852246 0.027656 0.057051
34 0.152920 0.434312 0.027383 0.045752
34 0.530088 0.852598 0.027676 0.057402
6 0.546514 0.714673 0.017168 0.021006
34 0.151299 0.600176 0.027500 0.045566
0 0.170132 0.499858 0.029971 0.054014
