34 0.843237 0.500039 0.111787 0.055176
3 0.024663 0.433389 0.049326 0.057930
34 0.903042 0.379912 0.190986 0.051992
34 0.558530 0.665293 0.244932 0.183398
34 0.074146 0.730083 0.112139 0.057334
35 0.940190 0.986563 0.089365 0.026875
22 0.960308 0.864722 0.078760 0.117900
34 0.371299 0.009028 0.089180 0.018057
34 0.211763 0.444819 0.165264 0.096455
33 0.513877 0.420015 0.041270 0.042549
34 0.660762 0.269897 0.062363 0.034404
34 0.030381 0.215059 0.060762 0.096777
34 0.115063 0.646777 0.108604 0.061289
21 0.159146 0.723125 0.031182 0.039785
34 0.859414 0.440327 0.281172 0.026885
17 0.951621 0.033872 0.095703 0.067744
34 0.983936 0.955786 0.032129 0.055615
33 0.955884 0.556895 0.038740 0.055762
34 0.177158 0.539116 0.106855 0.058975
3 0.026245 0.592583 0.052490 0.055225
34 0.036113 0.376021 0.072129 0.059229
34 0.235283 0.603198 0.108828 0.059932
34 0.240923 0.768940 0.096299 0.093135
34 0.822202 0.982588 0.140400 0.034824
0 0.298120 0.013198 0.033115 0.026064
34 0.775674 0.192314 0.263398 0.054707
34 0.278730 0.983018 0.032695 0.033848
35 0.117095 0.444360 0.083232 0.036006
35 0.150449 0.772017 0.084395 0.040186
34 0.952661 0.750322 0.094678 0.108262
34 0.586255 0.422695 0.092881 0.049883
34 0.853125 0.260811 0.291562 0.056660
35 0.015762 0.864092 0.031484 0.046699
34 0.159800 0.869219 0.251143 0.068203
3 0.098135 0.542065 0.060313 0.065908
34 0.951182 0.500649 0.097637 0.054854
33 0.845488 0.563076 0.037148 0.068652
34 0.849009 0.777153 0.114775 0.058955
34 0.760835 0.386660 0.055420 0.030488
34 0.747886 0.128354 0.057822 0.033174
33 0.851953 0.835737 0.043340 0.054482
0 0.112095 0.685820 0.045186 0.023574
34 0.807495 0.042651 0.034053 0.058936
34 0.036411 0.535332 0.072490 0.058945
0 0.077764 0.772705 0.042285 0.023848
