35 0.361733 0.083303 0.033525 0.100000
35 0.983530 0.083303 0.032939 0.097858
34 0.619175 0.030090 0.148096 0.060180
34 0.978325 0.165620 0.043350 0.057599
34 0.766436 0.170716 0.048848 0.030609
0 0.213223 0.010682 0.037793 0.021364
6 0.540171 0.270710 0.019287 0.016054
0 0.837466 0.010462 0.037100 0.020924
35 0.148906 0.103196 0.040059 0.107520
35 0.765498 0.102120 0.040059 0.103224
34 0.361323 0.159899 0.066006 0.054634
34 0.149277 0.172514 0.045215 0.025795
34 0.034233 0.029408 0.068467 0.058816
