35 0.370791 0.736152 0.086328 0.034023
34 0.980435 0.408789 0.039111 0.047383
0 0.529683 0.896587 0.026279 0.050771
3 0.816587 0.637832 0.052256 0.050664
35 0.952520 0.690371 0.087500 0.035137
35 0.827764 0.727705 0.033926 0.084707
34 0.825708 0.897446 0.073643 0.046436
21 0.648169 0.016123 0.026846 0.031172
34 0.770205 0.498652 0.069336 0.045742
34 0.358301 0.946572 0.041230 0.025547
33 0.177163 0.810625 0.097510 0.044844
0 0.876294 0.896650 0.027568 0.050957
1 0.717319 0.968062 0.027158 0.050693
21 0.332710 0.016265 0.028369 0.031963
34 0.864165 0.611108 0.025752 0.049678
35 0.946309 0.013462 0.038887 0.026924
34 0.778999 0.556768 0.025947 0.050117
34 0.480381 0.425488 0.050312 0.026133
35 0.953413 0.803101 0.088584 0.035557
34 0.372388 0.697520 0.113857 0.048281
35 0.550361 0.014521 0.033574 0.028848
1 0.876289 0.967983 0.027012 0.050674
34 0.741416 0.781792 0.026152 0.048857
35 0.986958 0.344727 0.026084 0.086172
34 0.941587 0.040059 0.116826 0.027422
35 0.952056 0.728779 0.086865 0.034180
34 0.142397 0.767183 0.074541 0.044365
6 0.326963 0.138833 0.019180 0.017627
5 0.160254 0.409775 0.041484 0.024375
5 0.355835 0.979897 0.023760 0.040205
35 0.952007 0.766196 0.087490 0.034170
34 0.758008 0.636558 0.068164 0.044424
34 0.827407 0.791392 0.062842 0.045342
34 0.665498 0.969561 0.073418 0.045078
34 0.943174 0.628301 0.113652 0.090410
34 0.553179 0.041543 0.131240 0.026152
34 0.824985 0.968618 0.073486 0.045615
34 0.145581 0.905420 0.073545 0.044570
0 0.427749 0.980991 0.035811 0.019756
5 0.156802 0.439810 0.024170 0.038564
34 0.045322 0.216909 0.027344 0.051650
0 0.717896 0.896694 0.027373 0.050791
34 0.426548 0.950771 0.073486 0.041836
34 0.972051 0.969541 0.055898 0.045566
34 0.972817 0.896733 0.054365 0.047451
34 0.212363 0.875933 0.026914 0.060107
34 0.668730 0.897412 0.072598 0.046211
34 0.481479 0.897417 0.073252 0.049502
