34 0.834648 0.354058 0.221641 0.153916
34 0.631880 0.045693 0.212334 0.089961
34 0.172104 0.668257 0.062295 0.039111
34 0.059424 0.293760 0.038730 0.067695
34 0.332891 0.599766 0.037539 0.083066
34 0.735444 0.668252 0.062822 0.037930
35 0.085767 0.405352 0.055303 0.116934
35 0.356177 0.482812 0.057061 0.112207
34 0.237368 0.796201 0.119697 0.071055
34 0.809297 0.599170 0.037188 0.081895
35 0.833018 0.483008 0.055762 0.112441
34 0.714658 0.796484 0.118066 0.074180
34 0.092124 0.522129 0.184248 0.111934
34 0.152158 0.055386 0.217207 0.087100
34 0.249736 0.172051 0.499473 0.077422
34 0.714863 0.923804 0.117969 0.072666
34 0.237227 0.925312 0.120586 0.072344
34 0.351855 0.355503 0.216191 0.151709
4 0.336406 0.923750 0.074102 0.077461
4 0.816206 0.795659 0.079619 0.076455
3 0.817837 0.923389 0.079424 0.072187
3 0.339761 0.795547 0.081982 0.075176
