34 0.474917 0.507300 0.027666 0.046143
34 0.268618 0.391284 0.029717 0.059014
34 0.385464 0.801953 0.029756 0.059355
0 0.161890 0.434775 0.020146 0.036641
34 0.387344 0.640708 0.083320 0.053701
34 0.316309 0.878101 0.081719 0.054756
34 0.230400 0.723584 0.028828 0.050312
34 0.120581 0.370161 0.046338 0.029600
34 0.604873 0.858398 0.031504 0.053184
34 0.302090 0.640513 0.082051 0.053682
0 0.184263 0.647036 0.019912 0.037080
34 0.317178 0.976040 0.083223 0.047920
34 0.646372 0.784351 0.030850 0.053115
34 0.210693 0.435439 0.075156 0.049609
34 0.464751 0.868706 0.082393 0.052822
33 0.380845 0.698057 0.039521 0.058672
34 0.539873 0.707930 0.062715 0.033145
3 0.387510 0.977866 0.062090 0.044268
34 0.134575 0.646938 0.078271 0.051182
21 0.184136 0.693882 0.030049 0.032842
34 0.024038 0.709902 0.047725 0.028418
34 0.168003 0.583608 0.030420 0.050459
0 0.894854 0.331704 0.054355 0.034307
6 0.689668 0.726348 0.019102 0.018281
6 0.707051 0.728643 0.020762 0.014727
34 0.300942 0.508809 0.029053 0.048066
34 0.024355 0.797759 0.048613 0.030068
34 0.509707 0.506528 0.028809 0.048779
34 0.961021 0.916226 0.044092 0.025889
3 0.388418 0.879844 0.063672 0.055625
34 0.462432 0.778101 0.052578 0.032588
21 0.524595 0.928872 0.041943 0.046650
34 0.409541 0.507808 0.027715 0.045596
34 0.376509 0.174331 0.087764 0.074404
34 0.089502 0.225762 0.048770 0.027051
34 0.442363 0.507461 0.028184 0.044941
0 0.993975 0.897695 0.012051 0.048711
34 0.896245 0.292803 0.076846 0.046016
34 0.581846 0.509258 0.028457 0.049609
34 0.877295 0.987588 0.077246 0.024824
34 0.978999 0.741826 0.042002 0.075469
34 0.808188 0.314272 0.046123 0.027607
33 0.309595 0.697861 0.039717 0.057734
34 0.544810 0.508789 0.028564 0.048926
34 0.750083 0.708550 0.053525 0.032432
34 0.373823 0.508765 0.028604 0.047959
0 0.524663 0.867432 0.030303 0.051582
21 0.161543 0.480571 0.028887 0.030596
34 0.336528 0.508599 0.027881 0.047803
34 0.524780 0.965415 0.101260 0.029756
0 0.993672 0.966709 0.012656 0.049336
