0 0.044521 0.532085 0.020684 0.032432
0 0.044814 0.623545 0.020859 0.034023
6 0.046973 0.487090 0.026895 0.021055
5 0.210132 0.739722 0.037432 0.065498
34 0.014995 0.623647 0.029854 0.042002
0 0.163511 0.764629 0.019463 0.033906
34 0.161431 0.948032 0.164092 0.036846
34 0.851680 0.640713 0.059590 0.030254
34 0.112046 0.642671 0.064248 0.025908
6 0.190137 0.660786 0.028027 0.022354
34 0.112417 0.763652 0.076904 0.042461
35 0.165493 0.885264 0.039717 0.093398
34 0.241953 0.862627 0.030762 0.058574
34 0.014863 0.532690 0.029629 0.041709
34 0.028965 0.575840 0.028223 0.044258
34 0.147148 0.812812 0.028809 0.043496
