34 0.044619 0.776406 0.043164 0.025586
34 0.069600 0.863242 0.078027 0.050059
34 0.196621 0.675122 0.051348 0.026162
34 0.818428 0.809692 0.081777 0.051045
5 0.499063 0.621055 0.056699 0.032227
35 0.120840 0.027324 0.046074 0.054629
34 0.805859 0.632456 0.042598 0.026631
21 0.104063 0.618198 0.043340 0.054600
33 0.827446 0.874736 0.045420 0.078555
34 0.636084 0.969077 0.189512 0.061846
34 0.961216 0.648735 0.077568 0.114854
33 0.456592 0.735298 0.059082 0.038232
34 0.121460 0.078384 0.127607 0.053213
13 0.052578 0.557002 0.043516 0.066289
0 0.020000 0.863882 0.018945 0.035029
35 0.877754 0.648604 0.085293 0.039238
34 0.743989 0.558247 0.027432 0.051221
22 0.498594 0.787539 0.134180 0.129570
24 0.889790 0.403770 0.068818 0.104297
34 0.895078 0.305156 0.127324 0.103281
6 0.017212 0.815601 0.026885 0.029033
34 0.446528 0.685420 0.081631 0.057285
34 0.095103 0.519253 0.079072 0.051904
34 0.628896 0.790215 0.127461 0.119980
34 0.980894 0.026035 0.038213 0.052070
