35 0.987720 0.194589 0.024561 0.082796
34 0.076147 0.019481 0.026787 0.038963
34 0.031182 0.039188 0.062363 0.053326
34 0.428647 0.042554 0.071045 0.049301
34 0.882036 0.179921 0.107920 0.080225
34 0.946675 0.042103 0.065615 0.044814
34 0.977349 0.107311 0.026787 0.041680
34 0.871167 0.019481 0.022510 0.038963
34 0.981260 0.273117 0.037480 0.075502
21 0.385522 0.140964 0.032920 0.053923
0 0.990571 0.044132 0.018721 0.042627
0 0.383535 0.040609 0.023223 0.041060
34 0.091479 0.183055 0.109482 0.081127
35 0.090137 0.102120 0.036328 0.082796
35 0.883228 0.101043 0.037256 0.087091
