0 0.864268 0.898149 0.055410 0.030889
34 0.014463 0.790454 0.028887 0.058232
34 0.952603 0.995649 0.061201 0.008701
34 0.360063 0.995718 0.059150 0.008564
34 0.870483 0.142183 0.059951 0.033740
34 0.603955 0.686387 0.034512 0.060723
34 0.530117 0.048511 0.059453 0.033467
34 0.226187 0.854053 0.102627 0.050781
34 0.079199 0.965103 0.033809 0.057783
34 0.852778 0.854038 0.102178 0.051064
34 0.764214 0.796987 0.102119 0.052666
34 0.598174 0.979521 0.104043 0.040957
34 0.954390 0.854736 0.091221 0.050332
34 0.604966 0.878076 0.060225 0.032773
34 0.478096 0.755498 0.178535 0.125762
34 0.332993 0.854253 0.101865 0.050537
17 0.485488 0.890937 0.105566 0.102090
2 0.329453 0.895576 0.060332 0.032480
2 0.957061 0.896162 0.058008 0.038281
0 0.237900 0.898408 0.056719 0.030742
13 0.686372 0.806450 0.072432 0.107822
0 0.943521 0.012212 0.057920 0.024209
0 0.422202 0.012319 0.058877 0.024639
