34 0.547686 0.741699 0.093418 0.045449
6 0.068135 0.844053 0.030586 0.033359
34 0.275469 0.549497 0.032676 0.046182
5 0.068169 0.049507 0.076084 0.051260
34 0.691055 0.340171 0.115879 0.059189
34 0.034287 0.648418 0.068242 0.265137
34 0.983091 0.366216 0.033564 0.036182
33 0.528374 0.835859 0.038271 0.038418
34 0.593281 0.555649 0.092754 0.044971
34 0.759614 0.724063 0.113389 0.060508
34 0.278618 0.125288 0.030791 0.045830
34 0.046987 0.340005 0.032412 0.046240
34 0.160054 0.440376 0.115752 0.060557
34 0.595024 0.790713 0.092803 0.045469
33 0.180659 0.494429 0.076768 0.043428
33 0.610142 0.056128 0.039600 0.040049
17 0.951885 0.875815 0.096230 0.091396
34 0.191401 0.722051 0.050537 0.259141
33 0.525640 0.552495 0.039756 0.038818
34 0.807310 0.896182 0.034365 0.058496
33 0.610396 0.166948 0.039287 0.041299
33 0.609541 0.012017 0.043594 0.024033
34 0.368965 0.362598 0.102363 0.060234
34 0.689951 0.059209 0.121855 0.046934
34 0.679458 0.014932 0.093115 0.029863
34 0.748218 0.982412 0.059932 0.034551
21 0.726592 0.584722 0.032148 0.039756
34 0.370171 0.844722 0.107803 0.053232
34 0.362876 0.465972 0.112998 0.061221
33 0.399902 0.175698 0.041113 0.041436
34 0.820957 0.603687 0.113965 0.061162
34 0.483218 0.231646 0.122510 0.048154
34 0.142476 0.212646 0.113838 0.062773
34 0.690234 0.170210 0.121113 0.049639
34 0.661665 0.466738 0.059932 0.034941
34 0.469321 0.178271 0.092393 0.047383
33 0.525825 0.788242 0.040635 0.039395
34 0.015508 0.050029 0.031016 0.059531
33 0.400029 0.227622 0.040059 0.039912
33 0.527090 0.693823 0.038711 0.039111
34 0.828579 0.449048 0.102979 0.056494
34 0.606484 0.838350 0.115703 0.045254
34 0.029741 0.153467 0.059385 0.060723
34 0.982300 0.661558 0.035400 0.062627
33 0.475605 0.740103 0.039414 0.041396
0 0.220977 0.214268 0.035078 0.063496
34 0.679136 0.117490 0.092314 0.045137
33 0.453784 0.465215 0.068154 0.037813
34 0.871558 0.669341 0.033291 0.057334
0 0.297988 0.847695 0.033887 0.065078
0 0.890117 0.605171 0.023125 0.041807
33 0.525327 0.599209 0.038604 0.038848
6 0.890176 0.544727 0.020586 0.020762
33 0.787236 0.777480 0.076504 0.042285
33 0.527095 0.647822 0.038838 0.036641
33 0.032114 0.213740 0.064229 0.043867
0 0.825449 0.493726 0.062402 0.033779
0 0.298159 0.363062 0.034014 0.065049
33 0.610454 0.114604 0.039385 0.039189
0 0.690000 0.386753 0.064434 0.033779
