34 0.407485 0.633653 0.243252 0.225908
34 0.382515 0.116347 0.039326 0.079143
35 0.839536 0.723095 0.056396 0.135321
34 0.386699 0.305333 0.037734 0.073213
35 0.014551 0.723551 0.029102 0.137362
34 0.048638 0.855085 0.097275 0.128997
34 0.815220 0.470231 0.039072 0.070564
35 0.409766 0.456990 0.055020 0.139256
34 0.836660 0.852537 0.200195 0.129267
33 0.456724 0.114921 0.091787 0.061454
34 0.569502 0.116026 0.120488 0.085716
6 0.410244 0.194470 0.030820 0.029324
6 0.409414 0.244977 0.032480 0.029369
6 0.409946 0.035023 0.028916 0.027587
6 0.410244 0.218506 0.030820 0.029324
