34 0.669199 0.826133 0.074785 0.036973
0 0.484468 0.288335 0.046240 0.081182
0 0.783276 0.287910 0.046768 0.082598
21 0.855894 0.501167 0.047842 0.053682
25 0.634189 0.098599 0.421230 0.193701
34 0.363242 0.105737 0.122168 0.061201
34 0.908101 0.105508 0.121592 0.062910
33 0.151738 0.167534 0.100820 0.061318
34 0.174209 0.106621 0.115449 0.061406
34 0.561934 0.289072 0.112148 0.064082
34 0.509546 0.976514 0.034014 0.046973
33 0.885210 0.167759 0.102842 0.061709
33 0.384429 0.167788 0.102119 0.060498
34 0.127666 0.286406 0.111406 0.063672
34 0.731997 0.977109 0.034053 0.045684
34 0.865171 0.288188 0.114326 0.066572
34 0.170308 0.392583 0.067412 0.036963
34 0.629517 0.067148 0.164990 0.051738
0 0.049619 0.288081 0.045879 0.082002
