33 0.058320 0.974844 0.063457 0.041035
34 0.783604 0.517212 0.432793 0.051611
34 0.063164 0.412627 0.125508 0.062227
34 0.404214 0.720713 0.121670 0.106367
34 0.539321 0.578926 0.085049 0.059512
5 0.506494 0.739775 0.057109 0.033730
33 0.540566 0.649380 0.041113 0.074912
33 0.057153 0.903252 0.060596 0.039316
34 0.131631 0.899712 0.085312 0.060322
34 0.617476 0.650879 0.082959 0.051973
34 0.132822 0.971641 0.084473 0.056465
0 0.619775 0.689229 0.045195 0.026426
35 0.024121 0.485532 0.040488 0.091143
34 0.703091 0.672305 0.051533 0.030332
34 0.906812 0.719272 0.132490 0.112393
