34 0.392441 0.458923 0.113203 0.055998
34 0.563755 0.455344 0.052158 0.040857
3 0.749868 0.131697 0.064189 0.081680
3 0.969199 0.131167 0.061602 0.084183
3 0.165615 0.131499 0.066328 0.080564
3 0.399336 0.131415 0.068086 0.081003
6 0.336465 0.349865 0.032363 0.042706
17 0.859009 0.151669 0.117920 0.132131
17 0.277505 0.150338 0.120225 0.132131
34 0.590088 0.137136 0.049375 0.023427
34 0.415776 0.343315 0.098389 0.042345
34 0.524927 0.168151 0.049854 0.023878
6 0.511035 0.458636 0.025430 0.036032
