0 0.955073 0.219819 0.021924 0.043955
34 0.834575 0.155039 0.030127 0.047207
34 0.784619 0.970454 0.103066 0.059092
34 0.468091 0.221250 0.085361 0.055020
0 0.596729 0.751260 0.022813 0.043301
34 0.358979 0.221274 0.089326 0.054736
34 0.771973 0.751631 0.087109 0.055898
34 0.613706 0.154209 0.028350 0.047148
34 0.036440 0.218203 0.072881 0.056133
34 0.791411 0.443794 0.110244 0.067275
34 0.652783 0.750889 0.087656 0.054277
0 0.954248 0.750835 0.022695 0.043760
34 0.897769 0.750361 0.088408 0.056758
34 0.556245 0.970771 0.103096 0.058379
34 0.351309 0.443950 0.106113 0.067256
34 0.685039 0.218525 0.084805 0.055566
34 0.568760 0.442290 0.110352 0.066279
0 0.630186 0.219922 0.023086 0.045078
34 0.542783 0.751475 0.088555 0.056094
0 0.853169 0.219824 0.023076 0.044199
0 0.824775 0.751050 0.023262 0.044209
0 0.084082 0.219912 0.022793 0.044590
3 0.786563 0.893555 0.079570 0.094629
3 0.795703 0.361294 0.082793 0.092471
3 0.571514 0.363989 0.083867 0.089248
3 0.358071 0.362368 0.082803 0.090322
34 0.083340 0.177964 0.023652 0.022588
0 0.738857 0.220088 0.022969 0.045273
3 0.556475 0.891279 0.082109 0.094805
34 0.579478 0.600166 0.030029 0.046934
6 0.738223 0.174961 0.019414 0.020293
6 0.955552 0.175332 0.019697 0.019883
6 0.954590 0.706333 0.021113 0.019756
6 0.712583 0.705996 0.020244 0.019785
6 0.520605 0.174961 0.020996 0.020586
0 0.712349 0.751401 0.023213 0.043350
34 0.577280 0.218853 0.086240 0.055225
34 0.795991 0.219185 0.087764 0.053779
34 0.904414 0.218472 0.084336 0.054170
34 0.395166 0.057939 0.031484 0.047246
0 0.414199 0.220527 0.023613 0.044883
0 0.520986 0.219912 0.022539 0.044336
