34 0.658047 0.369985 0.086348 0.050850
34 0.349473 0.534951 0.222578 0.065586
35 0.971748 0.239692 0.044922 0.081162
0 0.761543 0.369111 0.032637 0.059434
21 0.891328 0.697749 0.028203 0.030303
35 0.190322 0.454941 0.081465 0.043105
34 0.175605 0.219429 0.048672 0.034658
20 0.031025 0.802593 0.062051 0.267588
0 0.127544 0.702544 0.058232 0.036123
33 0.274136 0.980215 0.074404 0.039570
35 0.332764 0.702446 0.080508 0.044619
0 0.719839 0.369341 0.033857 0.059424
34 0.950767 0.175513 0.098467 0.050068
34 0.818291 0.368301 0.082168 0.050215
34 0.111206 0.439092 0.048877 0.031562
34 0.914727 0.369780 0.082773 0.052295
34 0.236030 0.655352 0.095459 0.056875
34 0.336709 0.328125 0.095664 0.056426
34 0.329697 0.026943 0.058516 0.034043
34 0.800610 0.800410 0.056553 0.029844
35 0.190776 0.530493 0.082510 0.047295
34 0.121460 0.512954 0.047256 0.033135
34 0.350693 0.461997 0.212266 0.062803
34 0.943945 0.658350 0.086348 0.050508
34 0.954370 0.306563 0.029209 0.047852
34 0.123662 0.654429 0.093437 0.054678
0 0.182729 0.919917 0.033721 0.059072
34 0.180913 0.685850 0.043896 0.028027
34 0.800220 0.851245 0.057764 0.030830
0 0.338853 0.375762 0.058623 0.034492
34 0.117153 0.921357 0.093506 0.050332
0 0.232192 0.702949 0.058779 0.035508
34 0.417778 0.705269 0.083818 0.053252
34 0.360859 0.977197 0.093730 0.045605
0 0.890508 0.657871 0.020859 0.035664
34 0.843477 0.547578 0.106230 0.060000
0 0.972671 0.369243 0.033096 0.059561
