34 0.812134 0.321449 0.122393 0.089549
35 0.970825 0.288867 0.037822 0.097666
35 0.137119 0.350175 0.038105 0.100304
34 0.796602 0.141804 0.022617 0.042345
34 0.137686 0.419679 0.109375 0.046595
34 0.430366 0.229837 0.021943 0.040372
34 0.087056 0.215299 0.079639 0.054002
34 0.227959 0.229989 0.022402 0.040744
34 0.013755 0.146612 0.024053 0.039673
34 0.190894 0.276962 0.080186 0.051939
20 0.937573 0.073890 0.124854 0.147779
0 0.443169 0.274121 0.018135 0.039200
0 0.341011 0.274419 0.017471 0.038850
34 0.956514 0.207909 0.086953 0.069278
34 0.773057 0.060626 0.024883 0.042740
34 0.441274 0.427926 0.282217 0.033326
21 0.549590 0.035970 0.032676 0.035028
6 0.854141 0.427294 0.030332 0.020203
35 0.443828 0.355192 0.040859 0.105626
34 0.860752 0.083061 0.038516 0.024701
35 0.641753 0.358670 0.040811 0.101714
34 0.113096 0.010445 0.031602 0.020891
35 0.545151 0.358596 0.038564 0.099876
35 0.240747 0.358608 0.039365 0.103484
35 0.028491 0.358281 0.041729 0.100440
35 0.342202 0.357554 0.037295 0.099526
34 0.671636 0.022193 0.023721 0.042086
34 0.159243 0.081330 0.041865 0.028794
34 0.532109 0.229932 0.022422 0.039707
35 0.811128 0.228365 0.039639 0.101556
34 0.628818 0.230761 0.022578 0.040620
21 0.437573 0.032599 0.027998 0.041770
34 0.328940 0.229724 0.023115 0.039425
34 0.240605 0.059115 0.022813 0.039605
34 0.471880 0.036652 0.035225 0.026494
34 0.721094 0.215530 0.023184 0.039448
34 0.391421 0.275846 0.079932 0.052120
34 0.472285 0.188534 0.035742 0.027554
34 0.292119 0.275592 0.079648 0.051995
34 0.592993 0.274938 0.077471 0.050913
34 0.923823 0.383337 0.072705 0.053416
34 0.627300 0.170479 0.025107 0.038681
34 0.493379 0.274876 0.081348 0.050744
0 0.544438 0.274092 0.017900 0.038737
6 0.835200 0.100896 0.015732 0.016020
6 0.287271 0.202689 0.018545 0.017531
0 0.027207 0.275135 0.018242 0.037644
0 0.135942 0.212790 0.017119 0.037283
0 0.641348 0.274515 0.018105 0.038861
0 0.971538 0.381815 0.019229 0.037362
0 0.241094 0.274481 0.017344 0.038636
