34 0.857598 0.414961 0.110977 0.053926
34 0.076304 0.094580 0.094619 0.038711
34 0.386978 0.356245 0.061455 0.035674
34 0.493335 0.315391 0.024404 0.035039
34 0.226582 0.355220 0.055078 0.036885
34 0.252212 0.312891 0.023271 0.035566
34 0.477139 0.864844 0.061523 0.038164
34 0.398223 0.865972 0.062031 0.036670
34 0.465684 0.356421 0.061055 0.036768
34 0.991470 0.278149 0.016943 0.042432
8 0.514229 0.098203 0.130996 0.051465
8 0.858086 0.281245 0.053809 0.113447
0 0.344492 0.275059 0.020156 0.034434
0 0.006494 0.863281 0.012988 0.037129
0 0.505957 0.355464 0.020508 0.034756
0 0.007397 0.356870 0.014561 0.035557
0 0.007583 0.277173 0.015029 0.036924
0 0.436113 0.945679 0.020586 0.035537
0 0.425464 0.355605 0.019795 0.034590
0 0.425508 0.275327 0.019043 0.034717
0 0.344731 0.355718 0.020049 0.034658
0 0.188936 0.275586 0.020020 0.034961
0 0.505991 0.275439 0.019971 0.034941
0 0.265493 0.275347 0.020049 0.035049
25 0.138984 0.608145 0.277969 0.192988
0 0.198037 0.945962 0.019824 0.036846
0 0.265703 0.355669 0.020508 0.035244
0 0.198037 0.865151 0.019687 0.036943
0 0.274839 0.945596 0.020947 0.036992
0 0.006924 0.943140 0.013828 0.035459
0 0.274473 0.865137 0.020547 0.037324
0 0.515732 0.945273 0.021934 0.036309
0 0.354111 0.864595 0.020625 0.036592
0 0.188276 0.355552 0.020557 0.035127
0 0.516104 0.864619 0.021855 0.036445
0 0.353960 0.945327 0.020205 0.036553
0 0.437124 0.865068 0.020361 0.035977
8 0.339375 0.215747 0.260820 0.052627
6 0.883843 0.241055 0.017842 0.020020
34 0.763926 0.417993 0.026035 0.038857
34 0.409771 0.096343 0.081260 0.048564
34 0.048086 0.978496 0.025703 0.037383
34 0.316147 0.865200 0.059678 0.037568
34 0.597437 0.354058 0.024150 0.039893
34 0.236411 0.865098 0.055635 0.037227
34 0.048242 0.275586 0.024922 0.035156
34 0.859902 0.361128 0.093359 0.051045
34 0.504277 0.903296 0.023340 0.035811
34 0.262505 0.905479 0.022178 0.036816
34 0.227822 0.275659 0.054922 0.037002
34 0.396572 0.945674 0.061230 0.037363
34 0.158379 0.945293 0.056543 0.037715
34 0.714937 0.351714 0.023076 0.036807
34 0.385454 0.276367 0.058408 0.038457
34 0.111880 0.977793 0.022588 0.034824
34 0.305103 0.275059 0.056377 0.037773
34 0.149062 0.275107 0.055215 0.037246
34 0.019033 0.316001 0.021230 0.035479
34 0.102612 0.327744 0.021885 0.038086
34 0.424375 0.905107 0.020605 0.035195
34 0.158823 0.865259 0.056670 0.038076
34 0.149106 0.355127 0.057920 0.038008
34 0.176250 0.313213 0.022051 0.035020
34 0.235137 0.945215 0.055801 0.036504
34 0.786216 0.191978 0.032432 0.038018
34 0.184951 0.905337 0.022969 0.036572
34 0.314653 0.945249 0.058564 0.037139
34 0.475703 0.945322 0.061660 0.036777
34 0.413433 0.312021 0.023955 0.034219
34 0.340820 0.173896 0.080742 0.046387
34 0.464941 0.275278 0.059375 0.036982
34 0.340625 0.904341 0.020137 0.035947
34 0.330615 0.313330 0.020937 0.035918
34 0.305308 0.354238 0.059014 0.035703
34 0.846699 0.190273 0.036543 0.020391
34 0.868364 0.149419 0.026396 0.037432
34 0.532612 0.184014 0.024971 0.035898
34 0.074150 0.603721 0.141934 0.044082
