0 0.949829 0.163540 0.032861 0.056885
0 0.236738 0.622715 0.024648 0.046270
0 0.740420 0.622900 0.025938 0.045859
0 0.485068 0.622798 0.025254 0.046318
17 0.178638 0.539434 0.095127 0.088164
17 0.432705 0.537690 0.088164 0.087002
17 0.684443 0.538853 0.092812 0.089326
17 0.946621 0.537690 0.092812 0.091650
21 0.557988 0.817856 0.034805 0.039443
6 0.740703 0.398481 0.029004 0.024365
21 0.740420 0.670576 0.032129 0.036855
34 0.577144 0.527866 0.123389 0.103818
34 0.074653 0.527319 0.123486 0.104756
34 0.323813 0.527314 0.124561 0.105059
34 0.840747 0.527510 0.122256 0.104375
34 0.348799 0.711318 0.108809 0.064844
34 0.568853 0.944028 0.106689 0.064912
34 0.832583 0.944233 0.104268 0.064658
34 0.879487 0.165332 0.104971 0.068223
34 0.361689 0.165503 0.106016 0.068350
34 0.314224 0.944023 0.108154 0.064668
34 0.113081 0.165200 0.107744 0.068467
34 0.865967 0.711348 0.103145 0.064688
34 0.553223 0.620547 0.106660 0.064199
34 0.304761 0.620532 0.106416 0.063779
34 0.099312 0.711240 0.108779 0.064883
34 0.065127 0.943813 0.105957 0.065439
34 0.053213 0.620234 0.105684 0.064414
34 0.807642 0.437988 0.106377 0.062070
34 0.304863 0.437617 0.106074 0.062812
34 0.616084 0.165537 0.106465 0.067637
34 0.602861 0.711172 0.106641 0.064473
34 0.053574 0.437397 0.105137 0.063369
34 0.807983 0.620376 0.105811 0.063311
34 0.553320 0.437632 0.106113 0.062900
6 0.237275 0.399224 0.020840 0.020479
6 0.485698 0.399395 0.021045 0.020566
21 0.052900 0.817368 0.033203 0.036084
21 0.485898 0.671191 0.030020 0.037012
21 0.301523 0.817510 0.031484 0.035371
21 0.818447 0.817515 0.032480 0.035908
21 0.236655 0.671260 0.031533 0.036348
4 0.164824 0.942842 0.086563 0.083809
13 0.105327 0.779941 0.050400 0.071680
13 0.610674 0.780010 0.052207 0.072344
4 0.929868 0.942983 0.085518 0.083936
4 0.668984 0.942681 0.086309 0.084248
13 0.354609 0.779868 0.050762 0.071963
13 0.872041 0.780005 0.054219 0.071865
0 0.994448 0.622886 0.011104 0.046533
4 0.413525 0.942588 0.084766 0.083711
0 0.994492 0.441992 0.011016 0.045488
0 0.236934 0.441431 0.025156 0.046084
0 0.687300 0.163506 0.032178 0.056934
0 0.432681 0.163511 0.031104 0.056826
0 0.740464 0.441484 0.026475 0.045996
0 0.183950 0.163535 0.032490 0.056738
0 0.485366 0.441543 0.025420 0.046152
