0 0.943921 0.415708 0.027314 0.050010
0 0.586978 0.380938 0.028154 0.049277
0 0.402261 0.846255 0.029131 0.049756
0 0.286763 0.381055 0.028760 0.048477
0 0.137319 0.380669 0.029072 0.049307
34 0.043745 0.010508 0.032920 0.021016
34 0.656689 0.379634 0.107246 0.061104
34 0.874443 0.413203 0.107070 0.059551
34 0.776001 0.540942 0.053389 0.032061
34 0.383330 0.037749 0.033086 0.051396
34 0.218921 0.380264 0.100986 0.059746
35 0.401221 0.736411 0.045371 0.100713
34 0.471919 0.845015 0.101455 0.060439
35 0.135850 0.272681 0.045215 0.099932
34 0.897017 0.195200 0.205713 0.115576
34 0.226489 0.010396 0.033018 0.020791
34 0.068213 0.380122 0.104102 0.059580
34 0.025586 0.911826 0.051055 0.061602
34 0.515537 0.010356 0.031387 0.020713
35 0.944419 0.304102 0.046084 0.100742
35 0.586450 0.272217 0.043428 0.100000
34 0.582178 0.179785 0.336074 0.091816
34 0.131934 0.010498 0.032344 0.020996
34 0.303862 0.010503 0.033643 0.021006
34 0.402031 0.594438 0.243594 0.177627
35 0.286460 0.271411 0.046299 0.101299
34 0.248682 0.155171 0.186113 0.037158
34 0.252686 0.888521 0.253750 0.210049
34 0.036294 0.681724 0.072588 0.172041
