34 0.325244 0.101945 0.085664 0.055209
35 0.847837 0.219324 0.106182 0.050530
0 0.638022 0.035051 0.030381 0.055536
14 0.637026 0.094904 0.053213 0.057948
14 0.215845 0.098963 0.048193 0.052153
0 0.692642 0.096223 0.028213 0.055107
0 0.637300 0.154470 0.026045 0.053856
0 0.215762 0.036933 0.026406 0.055941
0 0.215039 0.160107 0.025684 0.052616
0 0.270010 0.100400 0.030742 0.050113
34 0.146860 0.099690 0.087451 0.053608
34 0.579927 0.033495 0.085967 0.052559
34 0.579150 0.159820 0.087012 0.054701
34 0.159585 0.036866 0.088369 0.054882
34 0.158306 0.161967 0.087764 0.054036
34 0.970620 0.113061 0.058760 0.056404
34 0.746392 0.097773 0.076279 0.051984
34 0.568486 0.098292 0.086094 0.054307
34 0.840337 0.180333 0.128115 0.039448
34 0.051738 0.516561 0.032832 0.054115
34 0.196045 0.530558 0.029551 0.052255
34 0.616338 0.519915 0.030625 0.052751
