3 0.930796 0.815503 0.040771 0.048799
34 0.491606 0.410215 0.068213 0.034844
33 0.748901 0.694717 0.047295 0.072930
34 0.332300 0.030693 0.084854 0.044941
34 0.393452 0.135127 0.086436 0.046230
34 0.939561 0.150049 0.088828 0.047715
34 0.962324 0.209795 0.075352 0.049062
33 0.473701 0.135308 0.070137 0.046748
33 0.622339 0.076519 0.051553 0.045557
33 0.613584 0.135039 0.068789 0.045625
34 0.393086 0.077124 0.085840 0.045635
33 0.464868 0.076689 0.053311 0.045566
34 0.691948 0.074868 0.086494 0.045010
33 0.226021 0.090117 0.058174 0.044766
9 0.561836 0.409146 0.066660 0.044092
8 0.563447 0.466675 0.065586 0.055908
34 0.749253 0.808652 0.085635 0.046543
34 0.183018 0.030376 0.084805 0.044971
33 0.578052 0.334292 0.059971 0.047744
34 0.692388 0.133428 0.087217 0.047441
34 0.442393 0.592407 0.060723 0.027705
34 0.973047 0.922021 0.053906 0.094961
35 0.284209 0.733433 0.109219 0.047959
34 0.274253 0.850898 0.118174 0.070625
34 0.631309 0.890762 0.053672 0.028320
34 0.274600 0.676035 0.117793 0.064531
34 0.832227 0.832305 0.026719 0.051484
3 0.985225 0.721226 0.029551 0.046475
34 0.749683 0.632793 0.089385 0.047344
34 0.987798 0.811387 0.024404 0.027734
35 0.284180 0.909946 0.109043 0.049795
34 0.275469 0.551045 0.118828 0.071836
34 0.653784 0.334863 0.087803 0.048008
34 0.629106 0.713672 0.052783 0.029414
34 0.905557 0.030376 0.089707 0.045947
34 0.931846 0.769902 0.093848 0.047500
34 0.243042 0.015542 0.023350 0.030713
33 0.864321 0.149644 0.060928 0.046689
34 0.967969 0.673081 0.064063 0.051084
34 0.755864 0.030000 0.089424 0.046484
35 0.283750 0.610879 0.108066 0.047129
34 0.151143 0.089600 0.086035 0.046641
34 0.815127 0.016372 0.024453 0.032529
34 0.962544 0.077441 0.074854 0.046953
33 0.748398 0.870474 0.047266 0.073799
34 0.491377 0.465850 0.068926 0.035039
