34 0.558447 0.234561 0.101934 0.051582
35 0.931616 0.749492 0.135146 0.060215
34 0.652202 0.315249 0.080596 0.041475
34 0.725664 0.241401 0.107754 0.064541
34 0.976475 0.512891 0.047051 0.063477
35 0.364028 0.342651 0.141650 0.059189
34 0.962793 0.655161 0.074414 0.067178
33 0.726025 0.306987 0.044199 0.064033
33 0.839072 0.306826 0.044980 0.063457
34 0.352476 0.278545 0.168604 0.073984
34 0.900820 0.817256 0.198359 0.074531
4 0.577134 0.691982 0.093975 0.089336
3 0.970664 0.413574 0.058672 0.079570
34 0.841680 0.241484 0.106250 0.062461
34 0.963345 0.342061 0.073311 0.063184
34 0.974951 0.157998 0.050098 0.063574
34 0.671226 0.689331 0.107666 0.067686
