34 0.087192 0.762461 0.061357 0.044082
6 0.089463 0.534492 0.016074 0.016074
5 0.368291 0.986309 0.020742 0.027383
8 0.922778 0.375552 0.058076 0.058604
9 0.923555 0.284546 0.058594 0.053936
34 0.226802 0.284980 0.053330 0.025547
34 0.406523 0.154336 0.120566 0.022402
5 0.405854 0.183242 0.020615 0.036309
34 0.433389 0.916133 0.054512 0.080273
34 0.959956 0.670054 0.079521 0.029170
34 0.507651 0.918696 0.027158 0.088232
34 0.454482 0.413452 0.028555 0.050010
3 0.277695 0.904624 0.051777 0.046611
34 0.542129 0.412695 0.028711 0.051582
35 0.291450 0.842529 0.037998 0.070586
3 0.195229 0.538584 0.048252 0.051348
1 0.836836 0.443320 0.020937 0.035547
35 0.209067 0.888521 0.038232 0.070557
5 0.280649 0.258252 0.025166 0.040020
34 0.152842 0.193555 0.048418 0.027129
0 0.469233 0.919849 0.025068 0.049775
34 0.735479 0.380488 0.031113 0.046250
35 0.600879 0.653745 0.035273 0.085713
35 0.992939 0.611387 0.014121 0.084238
34 0.278916 0.226157 0.123496 0.025635
35 0.159902 0.858428 0.033535 0.087988
3 0.196982 0.957510 0.049551 0.048828
35 0.678633 0.653022 0.037813 0.085830
34 0.164546 0.243301 0.047119 0.024160
34 0.378823 0.410840 0.028955 0.050039
0 0.557954 0.919849 0.026709 0.052100
34 0.121753 0.412939 0.029209 0.046797
34 0.393877 0.612734 0.029629 0.051094
33 0.100322 0.984980 0.053926 0.030039
34 0.590781 0.717183 0.063242 0.043955
35 0.937021 0.611885 0.037773 0.086895
35 0.299956 0.651514 0.035225 0.086504
34 0.149746 0.953989 0.033008 0.053994
34 0.020239 0.763423 0.040479 0.042061
34 0.651548 0.959321 0.030146 0.051084
35 0.344199 0.651870 0.035469 0.086143
34 0.252119 0.663315 0.030605 0.050264
34 0.223657 0.821187 0.098877 0.069854
35 0.205723 0.651914 0.035527 0.086660
3 0.590244 0.557900 0.052187 0.050684
34 0.033213 0.370171 0.065566 0.047139
34 0.881924 0.445356 0.069922 0.044326
34 0.687705 0.719971 0.111934 0.048867
34 0.634941 0.447520 0.067793 0.046367
34 0.332412 0.904321 0.066797 0.045225
34 0.858213 0.287358 0.073711 0.047197
34 0.077729 0.831211 0.114287 0.049785
34 0.280474 0.370034 0.067256 0.047139
34 0.527178 0.559414 0.074570 0.045605
34 0.366133 0.951079 0.068574 0.043799
35 0.015688 0.701860 0.031377 0.086455
34 0.041328 0.915010 0.068242 0.046133
34 0.139219 0.531802 0.066719 0.044639
35 0.088477 0.701289 0.036289 0.085078
34 0.135273 0.623799 0.066777 0.045762
34 0.321406 0.717168 0.062480 0.041699
34 0.857422 0.375825 0.075859 0.045361
1 0.678643 0.444390 0.021113 0.034600
33 0.117378 0.916938 0.084795 0.045479
34 0.251001 0.958130 0.066064 0.043506
3 0.076797 0.623135 0.052148 0.051094
34 0.204292 0.716118 0.060889 0.045928
34 0.037134 0.984570 0.069561 0.030859
34 0.618809 0.342173 0.066504 0.046260
34 0.049370 0.501230 0.052783 0.026816
7 0.669902 0.340332 0.037637 0.041934
7 0.337642 0.370977 0.035479 0.038711
7 0.082803 0.368828 0.033340 0.038711
34 0.518228 0.171543 0.045381 0.022949
