34 0.544883 0.467017 0.109277 0.096318
0 0.938311 0.809639 0.079590 0.042559
1 0.325117 0.132554 0.040371 0.078076
0 0.176318 0.302808 0.026250 0.051006
33 0.189756 0.873711 0.083379 0.059512
34 0.163359 0.961821 0.104727 0.076006
0 0.298154 0.313745 0.024043 0.045439
33 0.784751 0.770322 0.058330 0.073086
34 0.038325 0.911079 0.076650 0.162783
34 0.826641 0.967227 0.108027 0.065469
3 0.214907 0.036377 0.086377 0.072168
34 0.114634 0.031079 0.107510 0.061963
34 0.175117 0.793242 0.106719 0.094961
1 0.234302 0.132485 0.039951 0.079229
34 0.157241 0.134160 0.101826 0.065234
3 0.344043 0.035762 0.087734 0.071074
3 0.216191 0.502510 0.085566 0.084277
34 0.401172 0.131138 0.102012 0.065498
34 0.443550 0.031768 0.104092 0.063379
34 0.936880 0.741504 0.107549 0.093027
34 0.368809 0.315522 0.106914 0.097725
34 0.544531 0.789121 0.044473 0.028457
34 0.111602 0.303379 0.100918 0.063027
34 0.034199 0.591973 0.068398 0.098320
34 0.911738 0.396938 0.035566 0.063955
34 0.118467 0.507759 0.104727 0.098779
34 0.325571 0.963501 0.101729 0.069443
21 0.174707 0.380703 0.040586 0.052656
34 0.216191 0.684707 0.027129 0.048691
6 0.298247 0.252700 0.026807 0.025303
33 0.543062 0.554971 0.060283 0.073926
0 0.395298 0.966655 0.041260 0.066689
34 0.018813 0.301211 0.037627 0.065918
0 0.234595 0.967354 0.039443 0.065293
34 0.710337 0.750928 0.105205 0.093691
34 0.718979 0.507012 0.108252 0.094141
34 0.809951 0.579277 0.042402 0.025352
15 0.718389 0.595083 0.072363 0.072646
34 0.803604 0.672363 0.043691 0.025684
34 0.013311 0.031357 0.026543 0.062383
