34 0.901899 0.372720 0.087490 0.049736
34 0.968105 0.881377 0.063633 0.049121
34 0.544150 0.387183 0.024609 0.044932
34 0.560679 0.974282 0.118564 0.047783
34 0.631855 0.815786 0.092051 0.053721
34 0.881304 0.276538 0.089307 0.046338
34 0.303291 0.811367 0.088105 0.051758
34 0.757036 0.920884 0.142354 0.050420
34 0.881099 0.559131 0.089268 0.049277
34 0.878667 0.881123 0.092295 0.048516
34 0.373486 0.971914 0.116602 0.045859
34 0.480347 0.313223 0.090908 0.048418
34 0.899194 0.655361 0.087432 0.050254
34 0.339268 0.256885 0.090879 0.052266
34 0.542007 0.060381 0.027061 0.044883
33 0.878296 0.933247 0.041514 0.053682
34 0.872456 0.115449 0.084541 0.049707
34 0.468496 0.454468 0.091211 0.051377
34 0.871997 0.196621 0.083330 0.047930
34 0.975913 0.153809 0.048174 0.051133
34 0.468496 0.538442 0.091328 0.051650
34 0.652632 0.205386 0.123623 0.090576
34 0.497778 0.745605 0.089463 0.052227
34 0.480195 0.135493 0.091816 0.049131
34 0.976182 0.229683 0.047637 0.050420
34 0.311885 0.745410 0.087187 0.051445
33 0.929800 0.153550 0.041553 0.040771
0 0.868066 0.231650 0.037285 0.022344
0 0.880454 0.598662 0.056162 0.030000
0 0.959243 0.370493 0.022002 0.035127
0 0.479224 0.168599 0.036846 0.019287
22 0.559629 0.255571 0.086523 0.085518
21 0.956719 0.699277 0.033223 0.037129
21 0.959438 0.414248 0.032568 0.037598
5 0.557026 0.813545 0.058467 0.031406
33 0.408608 0.251616 0.048389 0.070967
0 0.374272 0.743892 0.032666 0.058330
0 0.956777 0.654961 0.020254 0.035000
0 0.559507 0.744204 0.033330 0.058252
0 0.868042 0.152432 0.037549 0.022559
0 0.737666 0.718755 0.020410 0.036611
0 0.479067 0.346284 0.037217 0.019736
3 0.549687 0.535103 0.070352 0.064619
3 0.547578 0.451851 0.066250 0.058252
5 0.374116 0.813794 0.047568 0.031318
21 0.738174 0.762349 0.032148 0.035420
35 0.375171 0.903418 0.042842 0.093770
0 0.880928 0.314326 0.056719 0.030469
35 0.560347 0.903271 0.043721 0.093398
33 0.929785 0.233096 0.042285 0.039102
33 0.981460 0.933047 0.036533 0.053477
34 0.780093 0.436763 0.027432 0.062568
34 0.684233 0.719868 0.083076 0.050166
35 0.749507 0.963301 0.094463 0.041133
