34 0.102510 0.644282 0.106504 0.054482
34 0.979360 0.128945 0.033486 0.047949
34 0.144526 0.078579 0.105303 0.056123
34 0.625781 0.550498 0.175195 0.134121
34 0.099268 0.484761 0.106016 0.056045
34 0.376978 0.512124 0.106357 0.056221
34 0.108301 0.820059 0.110469 0.055391
34 0.416372 0.795010 0.105186 0.054941
33 0.333647 0.716318 0.058252 0.038223
34 0.950864 0.907290 0.098271 0.049756
33 0.184634 0.562622 0.056045 0.036260
34 0.280361 0.367017 0.031875 0.046514
34 0.280420 0.868052 0.031895 0.046904
34 0.556377 0.217959 0.319336 0.052520
33 0.184932 0.644517 0.055605 0.037568
0 0.214922 0.081206 0.040176 0.061416
0 0.299829 0.511899 0.040439 0.060908
3 0.026421 0.820308 0.052842 0.051357
32 0.711299 0.957266 0.040938 0.046777
0 0.052983 0.920273 0.018252 0.029746
33 0.798882 0.851567 0.034404 0.053760
0 0.052959 0.974360 0.018066 0.029873
5 0.213057 0.301128 0.050293 0.044443
34 0.120474 0.733306 0.171006 0.059307
34 0.115708 0.975083 0.110068 0.049678
34 0.868076 0.843335 0.104902 0.054893
33 0.333442 0.793740 0.057725 0.037793
34 0.100903 0.563779 0.106963 0.055059
34 0.418433 0.719072 0.105459 0.055449
34 0.417666 0.644341 0.105156 0.055225
34 0.138301 0.300474 0.106016 0.055811
34 0.035806 0.394214 0.071533 0.054932
33 0.333174 0.640928 0.058105 0.039355
34 0.116040 0.919868 0.107881 0.052490
