34 0.678340 0.280210 0.152910 0.078486
35 0.679536 0.356353 0.034443 0.070264
34 0.930186 0.689546 0.139629 0.077061
34 0.547295 0.514438 0.045352 0.023135
34 0.824946 0.822539 0.044717 0.025703
35 0.937119 0.763716 0.034375 0.076338
34 0.211968 0.733154 0.066123 0.049199
34 0.782183 0.880981 0.064658 0.046689
34 0.938008 0.577749 0.123906 0.041650
34 0.148530 0.664043 0.038799 0.023320
34 0.836177 0.566255 0.021436 0.037725
21 0.169150 0.775649 0.031055 0.036045
21 0.740166 0.921665 0.031094 0.034580
0 0.739814 0.877734 0.018770 0.034648
0 0.168433 0.732056 0.018369 0.035791
