34 0.697568 0.764853 0.080352 0.058298
21 0.646060 0.847734 0.043174 0.054476
0 0.695381 0.806454 0.047324 0.030676
0 0.790669 0.664273 0.060283 0.039662
0 0.330288 0.095248 0.045381 0.034284
5 0.970864 0.793833 0.036143 0.074183
34 0.453789 0.039904 0.138066 0.062875
34 0.964795 0.861088 0.070410 0.059921
34 0.966255 0.579825 0.067432 0.060259
35 0.668071 0.664487 0.102451 0.048388
34 0.789517 0.619994 0.080986 0.058952
34 0.329922 0.050750 0.078828 0.060079
34 0.670269 0.622525 0.130186 0.039932
34 0.762246 0.793157 0.037012 0.029741
34 0.806548 0.876623 0.079873 0.057283
34 0.888208 0.727300 0.028135 0.045581
34 0.992578 0.116065 0.014844 0.053912
35 0.455244 0.094059 0.105254 0.051612
5 0.805200 0.806009 0.038154 0.077655
4 0.969360 0.646629 0.053213 0.074183
