5 0.440625 0.592427 0.069531 0.029795
4 0.577466 0.382266 0.064990 0.049102
34 0.195742 0.463154 0.074941 0.050918
34 0.369780 0.436968 0.078701 0.050049
34 0.378896 0.306328 0.077832 0.050352
34 0.256650 0.355083 0.079277 0.053525
34 0.214116 0.192329 0.075225 0.053818
34 0.214546 0.125205 0.075518 0.054395
34 0.081162 0.008926 0.057578 0.017852
4 0.168545 0.017896 0.047734 0.035791
6 0.129072 0.312593 0.016875 0.012803
2 0.074028 0.512622 0.057021 0.027412
2 0.074575 0.403521 0.055928 0.032900
3 0.441353 0.066353 0.067979 0.055928
0 0.263906 0.124746 0.020059 0.032793
0 0.690508 0.435244 0.016348 0.028105
0 0.595977 0.643267 0.027461 0.046318
0 0.441260 0.660815 0.016797 0.030361
0 0.203618 0.357505 0.018896 0.027646
0 0.150186 0.463701 0.016641 0.027832
0 0.024033 0.557529 0.018379 0.030977
0 0.023857 0.608892 0.016973 0.031846
0 0.103032 0.811660 0.017354 0.029004
21 0.440942 0.713633 0.030381 0.045762
21 0.128198 0.327510 0.031143 0.038262
21 0.263218 0.254102 0.036924 0.048945
21 0.691924 0.498662 0.031367 0.050742
21 0.852905 0.390728 0.034131 0.048896
1 0.670459 0.737393 0.031055 0.054336
33 0.109683 0.968818 0.054834 0.062363
5 0.304424 0.307700 0.068359 0.028604
6 0.595757 0.751460 0.019658 0.017803
3 0.580005 0.017002 0.071377 0.034004
6 0.103838 0.774014 0.016992 0.015195
5 0.464941 0.150410 0.084961 0.038750
0 0.263906 0.188853 0.017344 0.032529
0 0.800107 0.203564 0.026602 0.046367
0 0.851118 0.324399 0.016279 0.029756
5 0.443667 0.433203 0.070088 0.028516
34 0.073643 0.364053 0.076680 0.050059
34 0.074219 0.473135 0.076680 0.051797
34 0.072051 0.557334 0.076387 0.050059
34 0.073638 0.609849 0.078994 0.049189
34 0.177368 0.652241 0.030088 0.048896
34 0.056567 0.808052 0.072041 0.050928
34 0.220483 0.775786 0.027783 0.049482
34 0.106333 0.913657 0.077256 0.052080
34 0.510234 0.016821 0.075918 0.033643
34 0.371582 0.070049 0.076660 0.058105
34 0.384170 0.146553 0.076348 0.055391
34 0.577441 0.095806 0.032148 0.056943
34 0.540640 0.186836 0.049971 0.029824
34 0.522627 0.276123 0.048809 0.030215
34 0.503477 0.378770 0.076270 0.055781
34 0.515464 0.541455 0.046865 0.029434
34 0.743999 0.436675 0.070889 0.047646
34 0.783120 0.514146 0.028271 0.060811
34 0.651230 0.541260 0.027891 0.055391
34 0.364028 0.590645 0.077041 0.053457
34 0.392671 0.657852 0.075537 0.049199
34 0.542017 0.642549 0.078975 0.053457
34 0.859741 0.202544 0.077002 0.048877
34 0.904771 0.325737 0.075322 0.053564
34 0.727910 0.737949 0.073945 0.051543
34 0.806338 0.938057 0.134902 0.074395
34 0.576646 0.877554 0.029580 0.054678
