0 0.503462 0.760054 0.021357 0.037627
6 0.503965 0.477896 0.030762 0.026143
0 0.931279 0.753926 0.038496 0.021680
0 0.559873 0.634956 0.021953 0.038760
0 0.560015 0.563672 0.021143 0.037676
15 0.776475 0.959863 0.071758 0.071758
0 0.503916 0.871235 0.021641 0.039834
15 0.777271 0.688330 0.071514 0.072285
3 0.240693 0.667227 0.052637 0.062500
3 0.243438 0.945190 0.055918 0.065791
3 0.135864 0.941353 0.053955 0.060303
3 0.132803 0.669966 0.053496 0.065791
34 0.906187 0.597129 0.093857 0.048750
34 0.774731 0.620981 0.096455 0.057041
34 0.848369 0.722876 0.031113 0.040967
34 0.931079 0.718989 0.091787 0.049775
34 0.932891 0.983169 0.090234 0.033662
34 0.910073 0.873257 0.099561 0.051338
34 0.778105 0.894517 0.100078 0.051338
34 0.189287 0.942227 0.051855 0.028516
34 0.241406 0.611909 0.088672 0.049268
34 0.134839 0.611650 0.091260 0.049785
34 0.187993 0.669209 0.052373 0.028008
34 0.197065 0.555903 0.078818 0.038896
34 0.448306 0.554868 0.082451 0.050303
34 0.535161 0.506641 0.038369 0.028516
34 0.620464 0.564722 0.095928 0.053408
34 0.616060 0.630576 0.090225 0.050293
34 0.562129 0.761250 0.094375 0.049258
34 0.487974 0.813105 0.026963 0.044082
34 0.561348 0.873257 0.091777 0.053408
34 0.243218 0.885444 0.092295 0.049775
34 0.135098 0.884146 0.087637 0.051338
33 0.906504 0.926313 0.043477 0.062295
33 0.905830 0.652705 0.042129 0.060957
