34 0.239292 0.467617 0.029854 0.066641
33 0.502993 0.973291 0.045322 0.053418
33 0.877148 0.507451 0.048848 0.056016
33 0.923086 0.446055 0.043926 0.058711
33 0.834346 0.447617 0.042129 0.057363
4 0.612407 0.801548 0.059209 0.061396
0 0.277573 0.598481 0.017412 0.031240
0 0.311504 0.327598 0.017051 0.027246
0 0.311138 0.380415 0.017783 0.029756
0 0.740234 0.031133 0.030488 0.017090
1 0.024136 0.406699 0.031182 0.055430
0 0.828594 0.031313 0.029395 0.017451
0 0.740962 0.173921 0.030479 0.016729
0 0.828052 0.173555 0.029756 0.014551
0 0.590352 0.602358 0.032754 0.018057
0 0.647871 0.688853 0.030234 0.018896
0 0.537759 0.777056 0.017568 0.030732
0 0.717905 0.924971 0.016260 0.030566
0 0.986816 0.924971 0.016914 0.029258
0 0.064385 0.525361 0.017051 0.030879
0 0.060942 0.671416 0.015244 0.029062
14 0.668413 0.602515 0.044600 0.049600
21 0.984614 0.979722 0.030283 0.040557
21 0.718359 0.979609 0.035762 0.040781
21 0.063696 0.574277 0.033564 0.045527
21 0.290947 0.672256 0.060312 0.040781
6 0.061201 0.627476 0.014355 0.017236
6 0.022568 0.617710 0.016953 0.017803
21 0.312144 0.438052 0.037529 0.050029
6 0.535654 0.733877 0.015391 0.017129
6 0.300488 0.652534 0.015762 0.015947
3 0.601987 0.121724 0.053721 0.067979
3 0.586089 0.456694 0.059209 0.066904
3 0.878306 0.652974 0.051533 0.069072
3 0.876660 0.729180 0.052637 0.067988
0 0.785098 0.964380 0.023027 0.036182
4 0.390913 0.122275 0.057021 0.062500
0 0.745347 0.602085 0.028857 0.018818
0 0.023745 0.253208 0.029385 0.049678
5 0.471396 0.238052 0.057285 0.070107
5 0.255532 0.843677 0.072041 0.041514
0 0.350874 0.723687 0.015967 0.029033
35 0.770977 0.816670 0.084941 0.041934
35 0.879038 0.231187 0.034404 0.088174
35 0.475278 0.603770 0.089248 0.037637
35 0.022588 0.136567 0.037637 0.088174
34 0.503437 0.920928 0.077754 0.048594
34 0.682539 0.859141 0.054141 0.029160
34 0.665879 0.928213 0.079141 0.052070
34 0.836997 0.967437 0.085381 0.056924
34 0.931753 0.925439 0.086084 0.054844
34 0.876221 0.820962 0.111074 0.083311
34 0.688789 0.800132 0.065254 0.026377
34 0.490596 0.770981 0.074277 0.055537
34 0.611729 0.741475 0.079141 0.053457
34 0.934878 0.715791 0.079834 0.050684
34 0.935225 0.640469 0.079141 0.051367
34 0.982192 0.515518 0.035615 0.051367
34 0.938003 0.530786 0.030537 0.051377
34 0.875527 0.565151 0.080527 0.052061
34 0.920996 0.389863 0.084004 0.052754
34 0.832134 0.391602 0.081221 0.057617
34 0.890454 0.312466 0.210342 0.081221
34 0.967612 0.135786 0.064775 0.056924
34 0.967612 0.066021 0.064775 0.050674
34 0.828667 0.139956 0.077061 0.055537
34 0.743276 0.141343 0.079834 0.052764
34 0.826929 0.068799 0.076357 0.053457
34 0.738770 0.067759 0.083301 0.049990
34 0.606875 0.065679 0.081914 0.056924
34 0.394795 0.064980 0.084004 0.051367
34 0.478794 0.120864 0.063174 0.032627
34 0.464214 0.178481 0.083994 0.054834
34 0.571465 0.219785 0.049980 0.031934
34 0.593335 0.402363 0.082607 0.049980
34 0.736689 0.674136 0.048594 0.029854
34 0.649214 0.651577 0.074971 0.054150
34 0.741895 0.567925 0.070117 0.053447
34 0.665527 0.549526 0.072891 0.055537
34 0.589863 0.568965 0.071504 0.051367
34 0.474629 0.560640 0.139531 0.051357
34 0.474277 0.511001 0.195762 0.052061
34 0.456577 0.454771 0.060400 0.028467
34 0.364941 0.380840 0.077051 0.051367
34 0.363555 0.326348 0.075664 0.054844
34 0.327109 0.598125 0.076367 0.061094
34 0.327109 0.846646 0.076367 0.051377
34 0.010830 0.879272 0.021660 0.051377
34 0.149048 0.892461 0.028467 0.051367
34 0.301426 0.724121 0.079141 0.053457
34 0.109131 0.669624 0.079141 0.052764
34 0.118501 0.525928 0.083994 0.055527
34 0.080322 0.403750 0.084004 0.051367
34 0.010830 0.324956 0.021660 0.063174
34 0.077197 0.253110 0.080527 0.056924
34 0.038442 0.047852 0.076885 0.095703
