34 0.689512 0.832397 0.061523 0.043896
34 0.226777 0.948735 0.052891 0.102529
35 0.504985 0.705352 0.030596 0.067930
35 0.613882 0.704834 0.030596 0.067930
35 0.776445 0.707163 0.028008 0.067412
34 0.533882 0.244097 0.249463 0.027959
34 0.222588 0.295708 0.119355 0.032256
0 0.984580 0.871138 0.020684 0.041084
34 0.354956 0.913008 0.064873 0.041309
0 0.355537 0.944053 0.040527 0.022285
34 0.518540 0.851440 0.039150 0.025127
3 0.470396 0.826416 0.042803 0.043906
35 0.888330 0.708604 0.031562 0.070996
35 0.161050 0.943271 0.072236 0.031445
3 0.742832 0.829858 0.044336 0.041846
34 0.611909 0.419517 0.025479 0.043232
34 0.030547 0.989521 0.040098 0.020957
34 0.152246 0.351875 0.024785 0.044687
35 0.289668 0.943667 0.071172 0.032080
34 0.792324 0.855693 0.040273 0.025078
34 0.427305 0.418813 0.026504 0.045322
34 0.424526 0.928643 0.040205 0.025645
34 0.425571 0.988501 0.039873 0.022471
35 0.535620 0.294180 0.033408 0.072910
34 0.517769 0.418691 0.026006 0.044746
0 0.534990 0.369907 0.022324 0.041865
6 0.285669 0.320498 0.021904 0.020840
34 0.833853 0.705435 0.068584 0.041787
34 0.835205 0.658916 0.123574 0.041289
34 0.096592 0.912896 0.066953 0.041455
34 0.267002 0.353086 0.024648 0.042793
0 0.630034 0.369805 0.022021 0.041191
34 0.399272 0.369927 0.065264 0.041357
35 0.983389 0.804727 0.032578 0.072754
34 0.416821 0.828579 0.061475 0.041963
35 0.629990 0.294214 0.034375 0.072979
34 0.031079 0.929907 0.040791 0.024639
34 0.355151 0.976704 0.064541 0.042471
34 0.561621 0.702070 0.068418 0.043574
34 0.961709 0.747778 0.076582 0.044697
34 0.561709 0.651533 0.125313 0.039512
34 0.030801 0.828003 0.061055 0.043408
34 0.105537 0.398774 0.063574 0.041748
35 0.444561 0.294297 0.033887 0.073086
34 0.221465 0.399551 0.063770 0.043379
3 0.276396 0.397764 0.042402 0.041836
34 0.096196 0.976646 0.066982 0.042490
0 0.444570 0.369604 0.022500 0.042080
34 0.983008 0.577407 0.033984 0.041475
34 0.585117 0.369907 0.063301 0.041514
34 0.490557 0.370151 0.064023 0.040127
34 0.941094 0.871279 0.065312 0.041172
0 0.095859 0.944009 0.040352 0.022432
3 0.160938 0.397988 0.043652 0.042051
6 0.171445 0.320767 0.021699 0.020732
