34 0.673662 0.732266 0.043008 0.107520
33 0.985938 0.809473 0.028125 0.037676
34 0.993545 0.559663 0.012910 0.039912
34 0.991948 0.946982 0.015732 0.058418
34 0.911143 0.907539 0.029727 0.028438
34 0.849785 0.549683 0.028691 0.026592
34 0.652808 0.419497 0.045752 0.071025
34 0.919766 0.179805 0.087187 0.037656
34 0.954619 0.675547 0.030273 0.044648
34 0.976260 0.485703 0.047480 0.080527
6 0.970171 0.629507 0.021650 0.035400
6 0.883965 0.946226 0.019160 0.017490
6 0.875640 0.587031 0.017490 0.017070
0 0.970459 0.949468 0.020410 0.036025
6 0.992163 0.579951 0.015674 0.017910
