34 0.803301 0.357075 0.087930 0.046475
35 0.387104 0.550005 0.041943 0.093545
35 0.730654 0.560220 0.043008 0.092471
35 0.907534 0.153770 0.037627 0.092480
35 0.644629 0.193555 0.038711 0.094629
35 0.318286 0.227427 0.091396 0.037627
35 0.087642 0.144092 0.040869 0.096777
3 0.105278 0.350342 0.064697 0.053730
11 0.088457 0.757158 0.095742 0.090078
1 0.087510 0.953525 0.030703 0.062500
13 0.266763 0.358418 0.047646 0.066699
0 0.327339 0.452900 0.036924 0.020996
0 0.856494 0.353281 0.021055 0.036445
0 0.203296 0.227910 0.039033 0.021680
0 0.034214 0.344248 0.021143 0.036055
0 0.033311 0.955278 0.020469 0.037627
0 0.811016 0.443262 0.036641 0.021055
0 0.856055 0.950952 0.020996 0.036221
6 0.642832 0.606743 0.027910 0.022939
6 0.643164 0.806963 0.027246 0.022598
6 0.846797 0.865713 0.023828 0.025820
6 0.025381 0.865435 0.026133 0.027002
11 0.910425 0.765195 0.094971 0.095352
22 0.909268 0.627354 0.069590 0.064980
3 0.927646 0.356982 0.069082 0.053613
3 0.812363 0.252002 0.054023 0.063184
1 0.911094 0.942334 0.030937 0.050879
22 0.086909 0.615581 0.067939 0.061221
5 0.646240 0.763867 0.059082 0.026953
5 0.644092 0.374756 0.060449 0.023145
3 0.627393 0.489990 0.064746 0.052637
3 0.779375 0.850000 0.056406 0.067578
34 0.091743 0.090967 0.125889 0.027109
34 0.134155 0.212593 0.044150 0.028662
34 0.071406 0.224990 0.025566 0.050352
34 0.062109 0.274375 0.043379 0.023633
34 0.204268 0.192261 0.087539 0.047646
34 0.321055 0.196519 0.124336 0.031377
34 0.267402 0.295293 0.085996 0.046875
34 0.181992 0.349912 0.087148 0.050742
34 0.218408 0.436479 0.041445 0.026338
34 0.341968 0.344097 0.044541 0.026729
34 0.322407 0.414980 0.087549 0.050742
34 0.206011 0.490322 0.097998 0.051133
34 0.204653 0.554238 0.091416 0.048809
34 0.169795 0.618149 0.085215 0.054229
34 0.222275 0.679932 0.119687 0.051523
34 0.200391 0.756821 0.117754 0.096064
34 0.224409 0.838740 0.121631 0.050742
34 0.147715 0.954370 0.085215 0.051904
34 0.337900 0.986865 0.088320 0.026270
34 0.452363 0.987061 0.088711 0.025879
34 0.566050 0.770571 0.089092 0.046865
34 0.775796 0.791685 0.088701 0.047256
34 0.882705 0.884839 0.041445 0.026729
34 0.798071 0.953208 0.088311 0.051904
33 0.948750 0.844556 0.065078 0.042998
34 0.963916 0.943906 0.072168 0.048027
34 0.973989 0.626865 0.052021 0.048418
34 0.812598 0.483545 0.089473 0.052285
34 0.728931 0.620474 0.049189 0.024795
34 0.761084 0.426992 0.043770 0.025176
34 0.980767 0.359595 0.038467 0.046865
34 0.712080 0.348359 0.027891 0.039121
34 0.559272 0.374316 0.089482 0.048418
34 0.540293 0.492456 0.089473 0.049189
34 0.627637 0.307690 0.027109 0.052295
34 0.649722 0.121567 0.183604 0.060420
34 0.809497 0.194775 0.091807 0.048809
34 0.893750 0.234482 0.023242 0.053066
34 0.883481 0.283672 0.044541 0.023633
34 0.912729 0.099297 0.126279 0.029824
34 0.957656 0.221313 0.041836 0.029053
34 0.625005 0.676035 0.030479 0.055977
34 0.384561 0.628081 0.145664 0.060459
33 0.124702 0.490557 0.060811 0.046875
33 0.124702 0.555054 0.060811 0.044932
33 0.124526 0.679385 0.061943 0.043379
33 0.125752 0.838896 0.066230 0.048418
33 0.946382 0.498384 0.062607 0.043525
33 0.947725 0.563164 0.062598 0.045195
33 0.946553 0.686191 0.060254 0.040176
