33 0.840298 0.441665 0.044600 0.059736
34 0.150806 0.009448 0.112178 0.018896
34 0.374731 0.009556 0.107646 0.019111
0 0.191382 0.769165 0.035264 0.059385
0 0.481509 0.269712 0.034443 0.057256
0 0.352446 0.769365 0.033350 0.058789
0 0.028867 0.269805 0.033750 0.057070
13 0.333276 0.127900 0.048721 0.070645
21 0.612729 0.165078 0.033643 0.037070
0 0.514717 0.769473 0.032422 0.057539
21 0.160986 0.165576 0.032363 0.038457
13 0.104976 0.129336 0.049893 0.075410
13 0.557412 0.129336 0.056836 0.070762
0 0.255762 0.269580 0.033340 0.057285
34 0.279673 0.764009 0.108838 0.066768
34 0.340005 0.059448 0.108584 0.064053
34 0.350063 0.513228 0.439111 0.116787
34 0.950908 0.376802 0.098184 0.064775
34 0.406577 0.269526 0.107549 0.067021
34 0.118853 0.765024 0.106631 0.065889
34 0.113887 0.059551 0.107383 0.064258
34 0.838652 0.376206 0.110586 0.065986
33 0.791431 0.019883 0.065479 0.039727
34 0.879429 0.024355 0.103623 0.048711
21 0.388052 0.165688 0.032666 0.039463
35 0.351411 0.639849 0.064463 0.146533
34 0.566567 0.059019 0.108076 0.063955
34 0.443472 0.764028 0.109346 0.067588
34 0.657739 0.226118 0.105244 0.062939
34 0.181978 0.269590 0.105752 0.067324
35 0.188999 0.639106 0.065186 0.146807
33 0.660713 0.292539 0.044414 0.067480
34 0.547095 0.225864 0.105850 0.063643
35 0.514443 0.639175 0.063945 0.146494
33 0.551958 0.293467 0.043643 0.065352
33 0.960391 0.441494 0.044902 0.060488
34 0.280181 0.841045 0.077568 0.037695
