6 0.854150 0.889663 0.030840 0.026982
6 0.929321 0.162339 0.030322 0.029033
34 0.023872 0.894229 0.047744 0.061719
8 0.154316 0.217661 0.059922 0.043311
3 0.626592 0.543506 0.065840 0.063945
3 0.626768 0.614058 0.066504 0.068291
8 0.709683 0.217739 0.053877 0.044580
6 0.882876 0.162661 0.034189 0.029678
6 0.795796 0.288130 0.027744 0.034189
6 0.590664 0.080093 0.029023 0.030967
6 0.213135 0.382886 0.028320 0.027490
6 0.183359 0.382676 0.028730 0.027910
6 0.486211 0.286909 0.026992 0.034697
6 0.398027 0.161147 0.031797 0.024092
34 0.044409 0.991382 0.088818 0.017236
34 0.243311 0.406152 0.152090 0.024316
34 0.225737 0.078579 0.022529 0.037861
34 0.251772 0.084224 0.023135 0.047139
34 0.168682 0.179497 0.095391 0.030889
34 0.947476 0.862393 0.092803 0.029902
34 0.847324 0.864209 0.072129 0.027402
34 0.577427 0.596782 0.048389 0.032256
34 0.577427 0.526890 0.046240 0.030107
34 0.190513 0.947104 0.171455 0.045908
34 0.075879 0.509355 0.151758 0.049844
34 0.224541 0.010098 0.021777 0.020195
34 0.422744 0.945791 0.166621 0.046914
6 0.351768 0.162832 0.033730 0.027461
6 0.690005 0.079126 0.032900 0.026455
6 0.960879 0.889180 0.029395 0.026016
