33 0.432329 0.195410 0.051006 0.045078
33 0.620020 0.058394 0.060625 0.045713
34 0.383979 0.102964 0.028408 0.061123
34 0.839990 0.109663 0.089160 0.044229
34 0.597651 0.015962 0.088018 0.031924
33 0.629126 0.157544 0.078604 0.045967
33 0.704385 0.326304 0.067598 0.046494
34 0.680332 0.465645 0.087695 0.046289
33 0.206680 0.120244 0.044863 0.046270
35 0.481050 0.610957 0.109229 0.049668
34 0.259561 0.197397 0.086094 0.045732
34 0.472876 0.551001 0.118389 0.071533
34 0.599102 0.109741 0.087266 0.044521
34 0.962642 0.029932 0.074717 0.048867
34 0.679048 0.408804 0.089795 0.045752
34 0.328682 0.030103 0.091836 0.047490
34 0.477720 0.030732 0.091318 0.046543
34 0.128154 0.119824 0.082637 0.046992
34 0.012769 0.328916 0.025459 0.048633
34 0.040962 0.443193 0.081143 0.048672
34 0.269521 0.119595 0.083828 0.047354
33 0.196558 0.196470 0.047705 0.046865
34 0.008540 0.108945 0.017002 0.049238
34 0.638833 0.593916 0.061318 0.026836
33 0.066035 0.120298 0.044492 0.046182
34 0.011221 0.250293 0.022285 0.046758
34 0.504980 0.196719 0.090273 0.047031
34 0.622886 0.326001 0.088818 0.048721
34 0.840493 0.016069 0.089736 0.032139
8 0.760220 0.465596 0.069893 0.055918
9 0.760757 0.408608 0.073115 0.038701
33 0.811016 0.158184 0.077070 0.045859
34 0.040796 0.529258 0.081494 0.047305
34 0.118169 0.197432 0.085439 0.046035
34 0.943525 0.197876 0.091699 0.047744
33 0.818989 0.058374 0.059404 0.045049
33 0.052427 0.196631 0.052178 0.047422
