34 0.604185 0.182383 0.044229 0.073438
34 0.872534 0.260879 0.212217 0.051289
5 0.390083 0.752690 0.047061 0.074092
6 0.781455 0.516284 0.034980 0.034717
6 0.335942 0.909526 0.034580 0.035752
0 0.710933 0.559272 0.057490 0.035283
6 0.263184 0.753389 0.048516 0.031797
6 0.216191 0.752993 0.046387 0.030928
21 0.852354 0.156084 0.058516 0.075059
0 0.783306 0.080977 0.054482 0.034434
0 0.709277 0.081318 0.055742 0.033437
34 0.873125 0.343555 0.218281 0.056992
34 0.874199 0.433877 0.220430 0.072051
34 0.113711 0.155918 0.227422 0.083867
0 0.266118 0.952100 0.058701 0.035645
0 0.743818 0.926763 0.035078 0.057646
6 0.593618 0.960542 0.034307 0.032178
0 0.186030 0.875254 0.033740 0.056738
33 0.695957 0.347837 0.119961 0.070498
0 0.632109 0.648296 0.033809 0.056904
33 0.696133 0.434980 0.119453 0.072930
34 0.388594 0.673521 0.137441 0.083564
34 0.091997 0.795273 0.069639 0.039844
33 0.696377 0.262817 0.119824 0.072412
34 0.125913 0.727559 0.071416 0.043535
34 0.835713 0.817305 0.070703 0.040547
