34 0.524839 0.994438 0.047002 0.011123
34 0.787104 0.898394 0.102158 0.041943
34 0.206455 0.895166 0.102148 0.037637
7 0.842480 0.738721 0.058066 0.060215
7 0.960220 0.621514 0.069893 0.058066
20 0.678662 0.438779 0.120234 0.092480
20 0.379243 0.036729 0.113291 0.073457
6 0.093691 0.222017 0.034687 0.028896
6 0.027222 0.055542 0.033525 0.028896
6 0.213345 0.221436 0.028896 0.025430
3 0.750132 0.966909 0.064639 0.066182
3 0.969331 0.965332 0.061338 0.069336
3 0.200591 0.830483 0.067021 0.067646
3 0.780176 0.829448 0.067852 0.069072
3 0.399106 0.965591 0.070752 0.068818
3 0.165527 0.966421 0.068203 0.067158
6 0.228950 0.422593 0.032373 0.027744
17 0.277510 0.962163 0.127168 0.075674
17 0.857275 0.962739 0.123691 0.074521
20 0.769990 0.035576 0.120234 0.071152
20 0.482710 0.437041 0.116768 0.098262
34 0.887178 0.547729 0.054023 0.048838
34 0.820923 0.547837 0.046846 0.048447
34 0.304243 0.557466 0.188760 0.055557
34 0.962402 0.576758 0.043008 0.027637
34 0.589937 0.972554 0.048057 0.019736
34 0.790996 0.737275 0.044570 0.030430
34 0.046611 0.083398 0.093145 0.032715
34 0.159458 0.425879 0.103467 0.036484
