34 0.606978 0.347769 0.230674 0.116670
6 0.395713 0.899834 0.031230 0.028320
17 0.396006 0.527793 0.114453 0.120234
34 0.338447 0.111289 0.077773 0.039277
35 0.977148 0.541108 0.045703 0.119951
34 0.931138 0.694268 0.137725 0.196035
34 0.956924 0.169990 0.037754 0.062812
35 0.154507 0.363037 0.054541 0.119375
34 0.957095 0.438530 0.038330 0.063037
34 0.271421 0.203730 0.063408 0.038613
35 0.588911 0.555874 0.133877 0.054521
35 0.585264 0.494785 0.133066 0.057266
34 0.368057 0.979692 0.037305 0.040615
35 0.186816 0.982368 0.053867 0.035264
34 0.305825 0.339883 0.120752 0.071563
33 0.443589 0.982534 0.091064 0.034932
34 0.389751 0.034043 0.116162 0.068086
0 0.981914 0.363853 0.036172 0.072158
6 0.396128 0.921279 0.032900 0.024570
0 0.395625 0.342178 0.038867 0.073887
3 0.138154 0.073809 0.080625 0.075996
6 0.396030 0.878105 0.029639 0.025879
34 0.762041 0.527466 0.208848 0.084170
34 0.183506 0.926660 0.164395 0.073516
34 0.554736 0.976777 0.120820 0.046309
3 0.487930 0.034556 0.081855 0.069111
34 0.375776 0.792554 0.038232 0.063467
34 0.372056 0.417910 0.038018 0.062031
34 0.149810 0.479380 0.226025 0.113682
34 0.047852 0.075117 0.095703 0.074395
34 0.898633 0.362603 0.116563 0.073135
34 0.898921 0.252954 0.116006 0.072666
0 0.981846 0.254951 0.036309 0.074043
34 0.305625 0.681768 0.121953 0.073535
0 0.395747 0.683403 0.039424 0.073662
