3 0.357273 0.666631 0.077811 0.043613
5 0.081246 0.336831 0.088855 0.030029
5 0.080480 0.297168 0.090387 0.035859
0 0.135118 0.434570 0.025253 0.025625
34 0.209276 0.432495 0.122525 0.041807
34 0.209722 0.388208 0.121195 0.039307
34 0.354200 0.450303 0.110084 0.038613
34 0.193822 0.297559 0.125522 0.043301
21 0.135850 0.235864 0.058030 0.036318
34 0.709057 0.501230 0.248384 0.068047
3 0.357020 0.492534 0.077744 0.044326
34 0.708737 0.590679 0.249024 0.067373
34 0.218561 0.156787 0.125168 0.041230
0 0.135892 0.156509 0.027845 0.028584
34 0.052643 0.203989 0.046296 0.046943
34 0.352567 0.624736 0.112273 0.039277
34 0.217803 0.200171 0.124731 0.041318
34 0.708476 0.675806 0.250219 0.069033
34 0.352921 0.540210 0.112441 0.039033
34 0.194066 0.080303 0.125707 0.043984
0 0.135816 0.391304 0.026481 0.028486
34 0.221877 0.663496 0.078906 0.022109
34 0.213367 0.578809 0.079697 0.023320
3 0.357264 0.582251 0.076414 0.042842
0 0.137348 0.201138 0.025034 0.028447
34 0.210034 0.489233 0.076061 0.021006
34 0.327643 0.768462 0.189428 0.047588
34 0.014512 0.335347 0.029024 0.040225
35 0.165547 0.765176 0.127492 0.034512
35 0.523258 0.593013 0.125236 0.036025
35 0.523788 0.677422 0.124411 0.033789
35 0.522441 0.503364 0.125421 0.034893
5 0.082710 0.081802 0.097138 0.039521
6 0.136591 0.366519 0.022441 0.012744
