35 0.763154 0.350282 0.095078 0.051635
34 0.869629 0.466099 0.097480 0.042187
34 0.560483 0.575434 0.037939 0.030846
34 0.555757 0.333732 0.038818 0.028320
35 0.887017 0.594577 0.092861 0.051567
34 0.713257 0.540778 0.106729 0.065524
34 0.925410 0.216680 0.044316 0.028805
34 0.642705 0.302114 0.098809 0.063236
34 0.979604 0.474876 0.040791 0.062424
34 0.883491 0.356426 0.129150 0.110688
34 0.199868 0.043906 0.043955 0.027475
34 0.393120 0.338151 0.101748 0.065457
34 0.968550 0.589944 0.062627 0.061601
34 0.488730 0.395620 0.025332 0.041567
0 0.715161 0.594910 0.058643 0.039493
21 0.453975 0.398523 0.032285 0.041917
0 0.455889 0.336020 0.020430 0.041804
0 0.642715 0.352283 0.057695 0.037215
34 0.737979 0.467176 0.098633 0.047317
