34 0.701084 0.327678 0.030820 0.058241
21 0.947783 0.543596 0.037129 0.053574
0 0.718740 0.403117 0.023730 0.045107
21 0.835903 0.542198 0.039854 0.062052
21 0.719517 0.556871 0.039033 0.059921
0 0.945288 0.434008 0.022666 0.046257
0 0.835913 0.403072 0.023877 0.044634
33 0.739194 0.130062 0.052725 0.050924
34 0.985352 0.321105 0.029297 0.079707
33 0.735063 0.212638 0.043232 0.049267
35 0.309795 0.253935 0.104707 0.052740
34 0.304185 0.042802 0.208799 0.065784
34 0.515518 0.229921 0.057578 0.038692
34 0.979653 0.433393 0.040693 0.058422
34 0.668843 0.130068 0.085186 0.051838
35 0.312310 0.099966 0.104111 0.051635
34 0.304131 0.195163 0.196660 0.069921
34 0.673159 0.212993 0.084502 0.051082
34 0.891812 0.434679 0.085400 0.058151
34 0.490674 0.077926 0.057949 0.038264
34 0.790762 0.173794 0.083008 0.049865
33 0.870322 0.172740 0.072090 0.052018
34 0.779771 0.403861 0.086943 0.058501
34 0.818062 0.336607 0.032568 0.058715
34 0.651514 0.399154 0.099395 0.059932
