34 0.255034 0.743545 0.126455 0.103691
34 0.068042 0.905474 0.037822 0.079971
34 0.257891 0.939438 0.120313 0.100029
34 0.714512 0.952754 0.131855 0.094492
34 0.930498 0.814058 0.130098 0.097744
34 0.932651 0.701904 0.134561 0.099883
34 0.310093 0.658359 0.041025 0.084063
22 0.813643 0.972202 0.088887 0.055596
22 0.471533 0.795859 0.090059 0.070176
22 0.331768 0.811650 0.079531 0.071348
22 0.175630 0.889434 0.085381 0.070176
22 0.093755 0.787681 0.076025 0.074854
34 0.038574 0.715820 0.077148 0.098047
34 0.586084 0.863281 0.038750 0.076699
34 0.556582 0.722930 0.127363 0.100273
34 0.791001 0.711714 0.040615 0.081865
34 0.381602 0.633706 0.038125 0.060068
34 0.453169 0.641304 0.039365 0.081396
34 0.887539 0.357124 0.032949 0.130479
34 0.851572 0.385977 0.141934 0.295703
34 0.636519 0.360176 0.066670 0.181719
34 0.410171 0.379526 0.145166 0.276338
34 0.171460 0.378452 0.147314 0.269893
34 0.024150 0.381143 0.031191 0.159141
