0 0.746060 0.397500 0.021982 0.036875
0 0.491274 0.536948 0.023096 0.039326
6 0.850430 0.593594 0.030605 0.037031
0 0.227417 0.385205 0.036943 0.019824
0 0.645034 0.133745 0.033135 0.059346
0 0.300762 0.160552 0.022031 0.036318
18 0.591406 0.608862 0.056094 0.025146
18 0.707983 0.310937 0.055947 0.034121
21 0.746680 0.442471 0.031504 0.036055
0 0.299209 0.567842 0.060801 0.033262
0 0.300605 0.451182 0.023145 0.038086
21 0.114258 0.657178 0.031328 0.038281
21 0.978525 0.355728 0.028535 0.031787
34 0.970986 0.630742 0.038184 0.024336
34 0.330752 0.992031 0.086055 0.015938
33 0.492280 0.490581 0.040713 0.049189
34 0.972373 0.470601 0.041055 0.023057
34 0.444878 0.991729 0.088154 0.016543
33 0.577534 0.537549 0.040889 0.052012
34 0.628701 0.055596 0.026309 0.047031
34 0.139019 0.990464 0.081045 0.019072
34 0.163682 0.606099 0.081719 0.049854
34 0.228032 0.192153 0.084697 0.048994
34 0.727314 0.703564 0.089648 0.051289
34 0.493330 0.440278 0.092559 0.050303
34 0.030449 0.970029 0.060898 0.051758
34 0.885420 0.960977 0.090039 0.050957
34 0.908018 0.471011 0.052109 0.024424
34 0.018276 0.032510 0.025010 0.051426
34 0.577080 0.484741 0.090684 0.049990
33 0.344478 0.307334 0.066709 0.039473
34 0.802627 0.397783 0.089883 0.051816
34 0.298584 0.526724 0.091426 0.047939
34 0.228066 0.352676 0.084277 0.049434
34 0.911631 0.631191 0.053203 0.025449
34 0.505405 0.754966 0.091338 0.054346
34 0.576099 0.131187 0.090537 0.053193
34 0.101987 0.568667 0.025498 0.038838
34 0.355190 0.160337 0.082686 0.052197
34 0.433438 0.536255 0.089805 0.048838
34 0.043960 0.243120 0.087920 0.093174
34 0.354648 0.448345 0.082227 0.049561
34 0.917056 0.307871 0.091006 0.051152
34 0.357695 0.263926 0.082109 0.048223
34 0.205796 0.550522 0.045049 0.024150
22 0.593374 0.760425 0.091650 0.080049
6 0.851157 0.541660 0.025068 0.030508
20 0.089902 0.341636 0.179805 0.437354
6 0.786006 0.624072 0.031543 0.040176
0 0.227593 0.224800 0.037725 0.020459
0 0.978237 0.307446 0.026865 0.048096
0 0.111885 0.608604 0.020508 0.036270
0 0.785396 0.704927 0.022646 0.037041
