6 0.610586 0.163457 0.021191 0.022852
34 0.533970 0.236313 0.043428 0.028193
34 0.742549 0.787280 0.043789 0.028076
34 0.743618 0.462095 0.043096 0.030342
34 0.627817 0.762012 0.027939 0.025176
34 0.635771 0.128750 0.037031 0.024023
34 0.020171 0.359766 0.040342 0.075156
34 0.805459 0.297915 0.029551 0.027295
34 0.283706 0.364912 0.137549 0.072188
33 0.144971 0.978755 0.084063 0.042490
34 0.048555 0.819268 0.097109 0.075527
34 0.634717 0.039956 0.027676 0.025479
34 0.265566 0.811445 0.135371 0.070000
34 0.701421 0.023076 0.029014 0.043945
34 0.486138 0.813833 0.133096 0.068154
33 0.176714 0.150923 0.044404 0.061592
33 0.477632 0.177324 0.046104 0.061543
34 0.526553 0.366099 0.136172 0.069268
34 0.123579 0.926514 0.113408 0.062109
34 0.641021 0.234858 0.136982 0.052998
34 0.329585 0.928428 0.113779 0.061074
34 0.545112 0.152285 0.109971 0.061484
34 0.249839 0.126855 0.112100 0.062422
34 0.504634 0.059082 0.111143 0.061621
34 0.345645 0.190127 0.110059 0.061113
34 0.050737 0.190415 0.101475 0.060986
34 0.649492 0.303203 0.112617 0.061563
34 0.209673 0.052876 0.111650 0.061592
21 0.718071 0.359512 0.034854 0.040840
0 0.717378 0.301353 0.021279 0.035322
3 0.418130 0.066411 0.074307 0.068857
0 0.110015 0.192158 0.019736 0.035957
0 0.410571 0.191602 0.020439 0.034668
21 0.409780 0.249531 0.034873 0.040020
21 0.110024 0.250132 0.034736 0.039092
6 0.440088 0.939194 0.019199 0.015967
6 0.265205 0.263809 0.019512 0.017285
6 0.509951 0.264087 0.018398 0.020068
6 0.609751 0.075928 0.019521 0.020625
6 0.746899 0.010786 0.034014 0.021572
6 0.781543 0.336230 0.016016 0.014844
6 0.765874 0.478823 0.035654 0.020732
6 0.600117 0.471128 0.016387 0.016865
6 0.765991 0.807471 0.032900 0.025156
34 0.636563 0.482285 0.084941 0.059102
34 0.629897 0.190322 0.062744 0.032715
34 0.624067 0.100913 0.069912 0.028682
33 0.343535 0.979033 0.079531 0.041934
34 0.634897 0.809146 0.083975 0.065596
6 0.600532 0.799409 0.020635 0.015479
6 0.225249 0.936167 0.017158 0.016826
3 0.118237 0.056108 0.077920 0.075986
