35 0.363291 0.970645 0.036406 0.058711
34 0.517407 0.993687 0.045811 0.012627
33 0.476387 0.721777 0.070742 0.045273
33 0.476460 0.844795 0.070264 0.044609
34 0.331880 0.316782 0.044678 0.028975
34 0.982764 0.977856 0.027441 0.042900
34 0.425239 0.978491 0.026494 0.041611
34 0.906328 0.993428 0.044590 0.013145
0 0.302036 0.700635 0.056943 0.030410
0 0.174692 0.700581 0.057803 0.030498
34 0.307290 0.650903 0.095127 0.058955
34 0.560005 0.845146 0.090381 0.054160
34 0.560386 0.785381 0.091045 0.053281
34 0.715322 0.201211 0.029824 0.045000
34 0.560303 0.721958 0.091250 0.054541
34 0.361641 0.896665 0.131602 0.088838
34 0.171011 0.650845 0.096104 0.058838
33 0.476709 0.784834 0.070410 0.044434
