8 0.682129 0.395425 0.060117 0.055498
9 0.861318 0.396001 0.067051 0.056650
34 0.845210 0.694287 0.072236 0.034160
34 0.328145 0.948970 0.030918 0.102061
34 0.521719 0.543979 0.022129 0.033311
34 0.863262 0.349858 0.071914 0.032783
34 0.030225 0.424575 0.060449 0.049482
34 0.381260 0.423154 0.110469 0.046797
8 0.735962 0.739092 0.068115 0.065117
7 0.060225 0.976348 0.056992 0.047305
28 0.530684 0.842827 0.067051 0.147979
25 0.163032 0.596582 0.326064 0.171094
9 0.845078 0.741094 0.060234 0.060117
34 0.739072 0.694404 0.069805 0.033984
34 0.599814 0.974800 0.022637 0.034092
34 0.289019 0.438374 0.047549 0.020635
34 0.316768 0.949106 0.053633 0.101787
34 0.043335 0.941128 0.041533 0.030596
34 0.683496 0.352305 0.069531 0.033320
