0 0.773467 0.274651 0.019102 0.039628
34 0.616846 0.422007 0.348340 0.034408
35 0.673447 0.357103 0.038477 0.099346
35 0.469409 0.355530 0.038623 0.100530
35 0.985820 0.348534 0.028359 0.099481
35 0.880913 0.358055 0.042412 0.104205
34 0.790107 0.009786 0.023867 0.019572
35 0.362559 0.357125 0.039902 0.100135
35 0.312412 0.099910 0.086035 0.043878
35 0.570410 0.354735 0.037559 0.104510
34 0.761284 0.231533 0.021123 0.038805
34 0.455396 0.231240 0.024697 0.038196
34 0.555786 0.231020 0.022432 0.037779
34 0.660454 0.231900 0.023408 0.037892
34 0.723540 0.274944 0.076885 0.051150
35 0.773804 0.357086 0.037881 0.098591
34 0.621108 0.187785 0.036846 0.026618
34 0.831641 0.274216 0.077695 0.051545
34 0.464131 0.045970 0.024102 0.039425
34 0.620718 0.277486 0.078740 0.051409
34 0.349795 0.231133 0.023555 0.039763
34 0.308135 0.039143 0.127871 0.078286
34 0.940654 0.215175 0.082090 0.053348
34 0.308584 0.275395 0.084883 0.054397
34 0.867817 0.231685 0.021846 0.036246
34 0.517495 0.276325 0.077412 0.053754
34 0.968013 0.418918 0.063975 0.046494
34 0.415454 0.276499 0.083174 0.052909
34 0.867334 0.146793 0.024473 0.040395
0 0.672773 0.274696 0.018203 0.040101
0 0.362051 0.273664 0.017578 0.036956
0 0.568706 0.274205 0.018311 0.039526
0 0.989463 0.212570 0.017461 0.037317
0 0.467744 0.273529 0.016914 0.036618
0 0.880435 0.274808 0.018486 0.038140
6 0.409565 0.205028 0.025674 0.025592
