0 0.688901 0.945298 0.042842 0.026318
34 0.121753 0.311465 0.194502 0.072148
34 0.013818 0.629224 0.027637 0.045264
34 0.018750 0.554150 0.037500 0.056465
34 0.166792 0.479976 0.063193 0.044365
34 0.160742 0.527261 0.039434 0.024209
34 0.228418 0.581938 0.060957 0.043018
34 0.229312 0.628545 0.062744 0.043027
34 0.061694 0.747983 0.112939 0.064092
34 0.254858 0.974087 0.064541 0.045713
34 0.256201 0.922329 0.067227 0.045264
33 0.499116 0.987271 0.045713 0.025459
34 0.387295 0.966206 0.108906 0.067588
34 0.495308 0.948320 0.071260 0.048848
34 0.737319 0.983906 0.064990 0.032188
34 0.594800 0.930620 0.068564 0.044814
34 0.683091 0.910000 0.063193 0.043926
34 0.749868 0.888262 0.064092 0.042578
34 0.826284 0.900142 0.065439 0.041240
34 0.418218 0.657905 0.064092 0.046162
34 0.636030 0.692187 0.037197 0.025996
34 0.832329 0.105977 0.063193 0.040332
34 0.633340 0.248496 0.058711 0.043027
34 0.147856 0.130117 0.215049 0.055918
34 0.487104 0.105923 0.065596 0.050537
34 0.580684 0.287715 0.023301 0.034512
33 0.194092 0.976348 0.053770 0.047305
33 0.192480 0.919897 0.054844 0.048389
33 0.593555 0.975273 0.046230 0.049453
3 0.755566 0.931523 0.040430 0.044883
5 0.488477 0.161987 0.037891 0.050830
5 0.421094 0.705537 0.035352 0.047520
34 0.634014 0.201885 0.058262 0.041230
35 0.123125 0.390864 0.040859 0.091396
35 0.061836 0.793018 0.086016 0.035488
3 0.827861 0.148584 0.040566 0.047148
21 0.594082 0.339956 0.040664 0.054053
5 0.824951 0.945078 0.036914 0.045898
1 0.122036 0.481450 0.025908 0.043896
21 0.187622 0.682246 0.036885 0.041875
0 0.187026 0.627988 0.021553 0.036074
0 0.187026 0.582656 0.021084 0.037246
0 0.594463 0.248345 0.020078 0.036064
0 0.594771 0.201772 0.018818 0.036377
