34 0.643999 0.993721 0.084404 0.012559
33 0.704771 0.940591 0.043818 0.043311
34 0.273408 0.979878 0.195879 0.040029
35 0.278906 0.154658 0.107129 0.046719
34 0.063652 0.363052 0.127305 0.055283
34 0.765449 0.813848 0.052578 0.033789
33 0.840586 0.975376 0.074180 0.044307
34 0.464937 0.134175 0.058662 0.031846
34 0.272993 0.103706 0.219326 0.060908
35 0.281846 0.908599 0.106094 0.045439
34 0.781182 0.459722 0.072051 0.033447
34 0.865640 0.503643 0.059541 0.030059
34 0.725591 0.517808 0.100479 0.054150
34 0.179614 0.370059 0.095107 0.056387
34 0.642612 0.941172 0.081338 0.044199
34 0.632827 0.283276 0.084834 0.051846
34 0.642495 0.047407 0.082002 0.043779
33 0.704287 0.118145 0.043281 0.041953
34 0.970986 0.203374 0.058027 0.093955
34 0.292261 0.856001 0.213311 0.065420
34 0.462598 0.009370 0.058770 0.018740
35 0.281499 0.021636 0.106455 0.043271
35 0.062046 0.413311 0.105303 0.046914
34 0.862036 0.309741 0.083428 0.050205
34 0.750151 0.283462 0.083584 0.050732
33 0.706313 0.046660 0.046572 0.041816
34 0.724897 0.626670 0.098604 0.059004
34 0.542407 0.891646 0.060322 0.031455
34 0.670737 0.216377 0.030459 0.049219
34 0.764287 0.081865 0.079648 0.044414
34 0.327817 0.364521 0.104482 0.059102
34 0.764419 0.975542 0.079170 0.044307
34 0.787271 0.224541 0.031631 0.049883
34 0.580249 0.792065 0.098057 0.058545
34 0.899067 0.641978 0.097861 0.057568
33 0.841113 0.081260 0.072676 0.042676
34 0.642295 0.118516 0.081035 0.044336
34 0.721685 0.701738 0.099189 0.058418
34 0.964795 0.309077 0.070410 0.049600
34 0.896812 0.364458 0.031670 0.048467
34 0.248057 0.451733 0.031680 0.049326
34 0.979351 0.705601 0.028369 0.055557
6 0.965220 0.518687 0.032881 0.023213
6 0.938389 0.520571 0.032402 0.025146
6 0.914937 0.520088 0.029014 0.022246
6 0.940566 0.741787 0.035781 0.023691
6 0.915903 0.742266 0.029014 0.021758
6 0.319272 0.286538 0.018193 0.017490
21 0.805239 0.411729 0.041338 0.052969
3 0.974028 0.642114 0.051943 0.064717
6 0.967603 0.743208 0.027627 0.021943
21 0.914858 0.425972 0.040518 0.052939
6 0.645552 0.729727 0.025244 0.022305
0 0.645674 0.791655 0.024805 0.040791
21 0.688799 0.424233 0.040820 0.053408
0 0.180034 0.413950 0.059521 0.032588
0 0.727373 0.556626 0.039687 0.022822
4 0.807866 0.701431 0.068975 0.069150
0 0.264888 0.362446 0.023975 0.039834
0 0.804692 0.283018 0.023193 0.039590
0 0.915000 0.309575 0.023555 0.041221
0 0.688940 0.282896 0.023682 0.040107
3 0.809556 0.622349 0.071396 0.063818
21 0.318770 0.302871 0.041758 0.050039
