0 0.106963 0.351003 0.020098 0.041759
34 0.932310 0.017024 0.074443 0.034047
34 0.158062 0.192835 0.054502 0.030180
34 0.026377 0.069899 0.052754 0.059684
34 0.308237 0.344216 0.092041 0.055062
34 0.712314 0.100468 0.091699 0.056990
34 0.712246 0.200045 0.091426 0.055265
34 0.129453 0.082734 0.092656 0.054171
34 0.308618 0.169301 0.090869 0.053935
34 0.713408 0.313331 0.090234 0.054622
34 0.352544 0.109690 0.054521 0.030541
34 0.308989 0.259245 0.092197 0.054340
34 0.052017 0.352458 0.088721 0.056122
34 0.209111 0.277892 0.060293 0.031838
34 0.578379 0.046714 0.083418 0.056404
34 0.213516 0.368196 0.054434 0.028726
21 0.778730 0.271139 0.031055 0.040609
21 0.528940 0.097182 0.031963 0.041511
0 0.307588 0.388377 0.058047 0.036776
21 0.778770 0.382514 0.032559 0.043157
0 0.129639 0.128523 0.056406 0.036280
0 0.527476 0.046454 0.020537 0.044656
0 0.711909 0.236764 0.037588 0.024735
21 0.880498 0.056082 0.037129 0.050857
21 0.089893 0.020682 0.035957 0.041364
6 0.238271 0.130299 0.016250 0.020846
0 0.711851 0.137762 0.037451 0.022672
6 0.107417 0.310045 0.018936 0.017971
0 0.308125 0.213540 0.057305 0.036731
0 0.713228 0.350705 0.035713 0.022807
21 0.780718 0.171116 0.031807 0.039211
0 0.307744 0.300682 0.057285 0.034126
