34 0.123965 0.018315 0.116178 0.036436
34 0.633502 0.358564 0.203838 0.041543
34 0.654394 0.806182 0.118620 0.041602
34 0.375025 0.710415 0.118098 0.038525
34 0.653325 0.849839 0.118064 0.040146
35 0.697264 0.758955 0.122205 0.031758
33 0.321961 0.226411 0.080993 0.032256
34 0.534907 0.471499 0.052778 0.019463
34 0.441549 0.357944 0.115354 0.042529
34 0.529024 0.379033 0.053064 0.018125
34 0.376507 0.666577 0.115707 0.040010
34 0.441010 0.451592 0.113232 0.042461
34 0.330202 0.379058 0.072593 0.019756
35 0.634722 0.391704 0.124461 0.030771
33 0.418409 0.055137 0.075337 0.030566
35 0.117719 0.227236 0.119882 0.033398
33 0.424899 0.095796 0.066768 0.035244
0 0.577997 0.852778 0.027071 0.029111
0 0.577820 0.806406 0.027492 0.027949
0 0.302576 0.666948 0.024141 0.027822
3 0.497256 0.744561 0.098586 0.057031
0 0.355135 0.095420 0.039394 0.015879
5 0.033182 0.015928 0.056061 0.023164
21 0.578232 0.883140 0.054848 0.025146
6 0.301919 0.638408 0.023367 0.013945
34 0.525025 0.015854 0.126414 0.031709
34 0.496684 0.696562 0.120236 0.040137
34 0.216658 0.225742 0.083182 0.044004
34 0.523241 0.054233 0.124764 0.040654
34 0.633998 0.452969 0.202710 0.040059
34 0.420286 0.224468 0.124646 0.041807
0 0.443561 0.485264 0.088030 0.027578
0 0.302332 0.710713 0.026077 0.028164
35 0.631919 0.486938 0.129024 0.034502
33 0.425227 0.014487 0.062104 0.028975
0 0.443460 0.391885 0.089411 0.028457
34 0.681481 0.715962 0.222222 0.060225
0 0.356473 0.010400 0.040724 0.013945
34 0.525109 0.099053 0.124192 0.042754
