33 0.700576 0.324731 0.036797 0.049580
33 0.730015 0.355332 0.046104 0.041836
20 0.900811 0.183872 0.198379 0.367744
34 0.166714 0.629878 0.059443 0.036729
34 0.193691 0.571172 0.057812 0.037539
3 0.327031 0.514673 0.052734 0.061807
34 0.133428 0.572002 0.058965 0.038281
34 0.022695 0.489399 0.045391 0.032119
34 0.167627 0.463936 0.058672 0.039141
34 0.326445 0.464014 0.060039 0.036699
34 0.256753 0.583198 0.021768 0.031436
34 0.235176 0.629995 0.057988 0.037412
34 0.326992 0.358442 0.060547 0.039990
34 0.768970 0.316987 0.074658 0.046025
34 0.829424 0.384072 0.078867 0.045918
34 0.022168 0.439863 0.044336 0.032793
34 0.166924 0.359004 0.060859 0.040176
34 0.654878 0.286333 0.081201 0.045400
34 0.253618 0.468433 0.026943 0.041885
34 0.594307 0.331030 0.072129 0.048408
35 0.959395 0.599209 0.079570 0.037383
34 0.437192 0.690225 0.043037 0.025195
0 0.054688 0.491387 0.020566 0.037598
0 0.167554 0.656201 0.028271 0.015957
3 0.327334 0.409463 0.052012 0.061895
34 0.950645 0.561963 0.098711 0.045039
0 0.194258 0.597949 0.028242 0.016562
35 0.056538 0.598032 0.081475 0.037334
34 0.122764 0.413550 0.029980 0.018154
0 0.133608 0.598042 0.027822 0.016377
0 0.233911 0.656021 0.028838 0.016006
0 0.054604 0.439351 0.020459 0.038213
6 0.054385 0.398667 0.016680 0.014951
34 0.913037 0.143608 0.173926 0.114131
34 0.120225 0.519604 0.032969 0.017295
34 0.803325 0.514795 0.042178 0.022988
34 0.007178 0.625195 0.014316 0.047070
4 0.167930 0.513862 0.051074 0.061650
33 0.764585 0.388159 0.053682 0.045010
4 0.168203 0.409521 0.045313 0.058105
33 0.649834 0.359399 0.043770 0.051514
