3 0.545059 0.578892 0.078320 0.082334
35 0.179575 0.602695 0.106455 0.044082
35 0.555923 0.306460 0.046240 0.107529
34 0.176655 0.153115 0.090088 0.047754
34 0.265498 0.321328 0.030156 0.050898
34 0.859253 0.854233 0.085791 0.047158
34 0.553291 0.370059 0.103633 0.028262
34 0.183164 0.562944 0.125449 0.035967
34 0.265781 0.539912 0.028594 0.051250
34 0.053604 0.253428 0.029375 0.044707
34 0.426108 0.583369 0.051943 0.028711
34 0.610229 0.811855 0.084365 0.043750
33 0.330820 0.013633 0.075879 0.027266
34 0.604966 0.707788 0.086182 0.047334
33 0.329448 0.069893 0.075303 0.043672
34 0.543179 0.512397 0.093018 0.044814
34 0.857026 0.959097 0.051572 0.028252
34 0.895874 0.141563 0.077100 0.047734
34 0.679092 0.266475 0.085918 0.046914
34 0.531758 0.417734 0.149141 0.024863
34 0.413687 0.015278 0.086025 0.030557
34 0.609131 0.214697 0.028398 0.044980
34 0.945884 0.518262 0.028057 0.048477
34 0.731592 0.195581 0.078945 0.045576
34 0.520723 0.038501 0.087988 0.046162
34 0.817925 0.030107 0.043604 0.025410
34 0.410698 0.068525 0.087100 0.048027
34 0.983594 0.187183 0.032383 0.027842
34 0.674287 0.833721 0.044512 0.024512
34 0.403120 0.414487 0.088994 0.047568
34 0.009795 0.072080 0.019590 0.042988
34 0.721255 0.140576 0.079561 0.047754
34 0.339312 0.226426 0.078623 0.045742
34 0.327202 0.433545 0.043213 0.027344
34 0.733672 0.086191 0.078711 0.045879
34 0.342002 0.272705 0.044277 0.027832
3 0.268955 0.152183 0.092363 0.080322
21 0.623213 0.311729 0.033926 0.034707
1 0.961724 0.040239 0.038154 0.059229
0 0.390518 0.220435 0.030254 0.048740
0 0.578750 0.036396 0.030254 0.048184
0 0.623569 0.266929 0.029131 0.049854
0 0.402837 0.450962 0.047061 0.028018
0 0.789111 0.086255 0.028574 0.050420
0 0.787993 0.191860 0.030811 0.050986
0 0.844575 0.140039 0.030811 0.052656
4 0.947266 0.318755 0.087344 0.087354
3 0.698169 0.709917 0.093369 0.075303
3 0.946167 0.857007 0.085342 0.080322
0 0.614336 0.846460 0.052207 0.031123
6 0.626040 0.032349 0.012979 0.018408
6 0.439609 0.214385 0.015898 0.010879
6 0.556489 0.804980 0.018408 0.017988
6 0.283613 0.498477 0.029121 0.037148
21 0.438379 0.226260 0.044336 0.044258
21 0.625811 0.041426 0.037402 0.039043
14 0.788633 0.139536 0.051211 0.048193
