0 0.065698 0.963916 0.022002 0.039355
34 0.314785 0.866772 0.034629 0.074619
34 0.313091 0.634116 0.038115 0.078623
33 0.495630 0.120610 0.081475 0.041045
33 0.140513 0.811069 0.099482 0.059736
33 0.140098 0.458091 0.097949 0.060088
34 0.366230 0.319492 0.029961 0.042988
35 0.763999 0.640664 0.039580 0.108555
34 0.773125 0.733799 0.241172 0.076816
34 0.517744 0.077588 0.089512 0.045566
34 0.240532 0.812783 0.088076 0.044238
34 0.157617 0.742808 0.113672 0.052588
34 0.023760 0.965630 0.047500 0.046533
34 0.156992 0.390303 0.113301 0.054258
34 0.273599 0.168989 0.114092 0.053955
34 0.239053 0.460093 0.088008 0.044053
