1 0.048877 0.504429 0.027207 0.042686
35 0.815649 0.816792 0.076748 0.030596
35 0.735669 0.227588 0.073604 0.032539
35 0.562524 0.215000 0.075928 0.032148
33 0.861616 0.098491 0.045186 0.036748
34 0.848735 0.044976 0.072471 0.046963
34 0.991123 0.320405 0.017754 0.042842
34 0.170547 0.633926 0.018027 0.029297
34 0.671641 0.850898 0.042441 0.022813
34 0.387993 0.402280 0.089268 0.138213
33 0.871528 0.144106 0.068643 0.035303
34 0.072344 0.407432 0.031172 0.019434
34 0.938169 0.044512 0.078467 0.048691
34 0.731270 0.200737 0.129844 0.026533
34 0.216470 0.305547 0.021240 0.044082
34 0.610024 0.075518 0.132744 0.033496
34 0.182598 0.601226 0.037773 0.017666
34 0.415581 0.782222 0.088506 0.048838
34 0.384990 0.612100 0.087734 0.097793
34 0.908560 0.437554 0.071279 0.042959
34 0.370728 0.201245 0.036787 0.019756
34 0.160278 0.742842 0.112471 0.044219
34 0.465479 0.159531 0.080293 0.048906
33 0.417168 0.834834 0.037207 0.057500
34 0.820845 0.777388 0.154424 0.048643
34 0.028105 0.377241 0.056133 0.046709
34 0.283228 0.172510 0.077275 0.048203
34 0.360435 0.252222 0.077373 0.046846
34 0.097500 0.580898 0.078301 0.047402
33 0.318491 0.444355 0.049033 0.037207
34 0.025371 0.478608 0.019082 0.029717
34 0.188984 0.379653 0.074961 0.046631
33 0.319429 0.358838 0.046104 0.038652
34 0.571533 0.183745 0.131582 0.028096
34 0.839922 0.197358 0.078223 0.044697
0 0.409370 0.251968 0.018076 0.028936
0 0.333418 0.174927 0.018809 0.031104
21 0.409795 0.286084 0.037285 0.032930
0 0.269844 0.401621 0.036953 0.025273
5 0.952788 0.378491 0.044170 0.028115
5 0.111147 0.539219 0.023232 0.036309
6 0.095996 0.395073 0.020820 0.019365
6 0.149521 0.320635 0.019668 0.019258
6 0.332104 0.146045 0.015068 0.014648
30 0.785620 0.024087 0.057236 0.048174
9 0.943252 0.088330 0.045176 0.046191
0 0.048159 0.457690 0.021396 0.042783
0 0.269844 0.593164 0.034355 0.024629
0 0.270493 0.634321 0.036943 0.021396
0 0.850620 0.073154 0.029658 0.018086
0 0.841885 0.227007 0.028633 0.018916
0 0.953433 0.438618 0.016572 0.030010
8 0.469858 0.203794 0.050205 0.044170
6 0.148237 0.570029 0.020615 0.020977
