33 0.516182 0.527773 0.075020 0.124199
0 0.250923 0.219458 0.083252 0.042334
22 0.147900 0.353237 0.205332 0.205342
22 0.146738 0.839897 0.205332 0.220420
1 0.772026 0.194302 0.077725 0.161260
0 0.769712 0.421099 0.089326 0.153135
1 0.940249 0.035371 0.119502 0.063809
0 0.147734 0.507969 0.041758 0.083066
0 0.768828 0.695195 0.043711 0.087578
0 0.249619 0.712520 0.082969 0.040723
34 0.056367 0.248379 0.112734 0.117012
34 0.512236 0.407393 0.207656 0.114707
34 0.055630 0.727437 0.111025 0.116631
34 0.061235 0.509561 0.122471 0.114375
34 0.637583 0.694839 0.203428 0.112783
34 0.255278 0.144009 0.204541 0.115791
34 0.247505 0.637690 0.203252 0.118115
34 0.906289 0.192886 0.187422 0.118350
34 0.906821 0.418257 0.186357 0.114951
