34 0.322036 0.776885 0.094600 0.446230
0 0.568989 0.637852 0.055576 0.030781
0 0.568560 0.810454 0.056533 0.031963
0 0.863447 0.795791 0.030937 0.056797
0 0.569116 0.982290 0.057393 0.032178
34 0.569648 0.588955 0.105605 0.063633
34 0.569048 0.762070 0.105029 0.062148
35 0.444067 0.810449 0.142119 0.062520
34 0.571792 0.934951 0.103018 0.062285
35 0.443228 0.637070 0.143682 0.062754
34 0.790244 0.795386 0.110977 0.063467
34 0.984634 0.794790 0.030732 0.061416
34 0.787725 0.461626 0.109023 0.064248
34 0.972104 0.341021 0.055146 0.041455
33 0.698105 0.466567 0.071250 0.045205
35 0.443853 0.365649 0.141221 0.061221
35 0.442261 0.975010 0.145752 0.049980
34 0.321504 0.364409 0.102891 0.047432
