34 0.040781 0.715508 0.021094 0.031152
21 0.050918 0.844946 0.032324 0.037412
34 0.638486 0.316753 0.048320 0.023096
34 0.006265 0.441367 0.012529 0.042539
33 0.320391 0.338472 0.048320 0.031182
34 0.045518 0.442500 0.061113 0.040898
34 0.021353 0.799229 0.042607 0.039277
34 0.257285 0.407339 0.073711 0.044834
34 0.185439 0.714136 0.092793 0.030225
0 0.300000 0.188765 0.019570 0.035459
34 0.681201 0.592095 0.054883 0.022705
0 0.051445 0.799370 0.019727 0.036904
34 0.330640 0.577363 0.025791 0.049121
6 0.300054 0.156704 0.015029 0.015264
34 0.104536 0.465811 0.059912 0.038047
34 0.174590 0.475391 0.062207 0.038809
34 0.015269 0.628335 0.030420 0.046279
0 0.174375 0.508462 0.047363 0.027764
5 0.104160 0.507510 0.024922 0.042734
34 0.638721 0.239473 0.046602 0.022734
34 0.258760 0.340562 0.070840 0.046904
34 0.257432 0.187695 0.064805 0.044980
35 0.269556 0.508159 0.081846 0.036025
35 0.071685 0.579863 0.082803 0.036016
34 0.323828 0.261445 0.034082 0.020313
34 0.665103 0.530435 0.046748 0.026885
34 0.077861 0.550249 0.145586 0.028193
35 0.182891 0.651196 0.082598 0.035479
34 0.184805 0.619277 0.092539 0.029902
0 0.300464 0.236016 0.020166 0.036348
33 0.046997 0.485073 0.029795 0.044580
34 0.272646 0.474824 0.122324 0.031543
35 0.183223 0.747241 0.083066 0.036455
33 0.321851 0.408418 0.046514 0.031211
34 0.256533 0.237222 0.065547 0.045967
34 0.021104 0.749336 0.042012 0.037422
34 0.503232 0.959683 0.052695 0.029033
34 0.896553 0.315439 0.206895 0.095723
34 0.634116 0.189292 0.039639 0.026572
0 0.051646 0.748208 0.019248 0.036553
