35 0.679933 0.661113 0.095152 0.114375
34 0.494007 0.405176 0.108620 0.038906
34 0.154907 0.792891 0.109949 0.040137
34 0.664596 0.975420 0.258114 0.049160
34 0.262121 0.682231 0.071953 0.065127
34 0.640943 0.357300 0.064545 0.082314
35 0.680059 0.241987 0.093990 0.110986
34 0.157180 0.548945 0.212811 0.072168
34 0.668165 0.749854 0.257407 0.067676
34 0.483418 0.521875 0.208047 0.071328
34 0.666886 0.131553 0.397744 0.108105
3 0.653653 0.522729 0.138687 0.076162
0 0.303527 0.550088 0.064360 0.073223
34 0.031035 0.747095 0.062071 0.064561
34 0.068796 0.117134 0.133182 0.069482
