34 0.974873 0.282476 0.050254 0.077979
35 0.732412 0.806206 0.141699 0.057920
34 0.496221 0.385132 0.041035 0.066650
34 0.438306 0.204438 0.130635 0.078037
34 0.851470 0.307271 0.132002 0.074521
34 0.431812 0.563433 0.131416 0.077666
34 0.322183 0.752134 0.247686 0.124170
5 0.845073 0.388013 0.069502 0.083838
17 0.529990 0.839355 0.128320 0.131797
0 0.528628 0.208813 0.040693 0.079502
6 0.579883 0.387676 0.028867 0.031855
6 0.528643 0.334951 0.032910 0.029199
6 0.529282 0.439429 0.032568 0.030479
0 0.528584 0.566997 0.040508 0.077939
34 0.504507 0.970308 0.041514 0.059385
35 0.734761 0.872100 0.142646 0.059688
34 0.903755 0.840303 0.192490 0.087832
34 0.500176 0.104800 0.041973 0.068291
34 0.703945 0.363257 0.067754 0.040615
34 0.506899 0.683325 0.039170 0.067100
