34 0.495576 0.232187 0.088691 0.060970
5 0.087261 0.685299 0.032998 0.059143
19 0.165620 0.686037 0.074521 0.356990
21 0.163755 0.051635 0.085693 0.068816
20 0.195996 0.193557 0.391992 0.387114
5 0.539424 0.014510 0.039141 0.029019
3 0.011660 0.586747 0.023242 0.057012
5 0.431943 0.461545 0.034434 0.057069
34 0.530645 0.513991 0.128770 0.062886
34 0.088984 0.579589 0.057363 0.036110
34 0.495137 0.165761 0.089395 0.062796
33 0.415308 0.104583 0.064424 0.049910
34 0.235938 0.470192 0.029922 0.082706
35 0.530645 0.568112 0.092109 0.046505
34 0.144536 0.441578 0.031885 0.073461
35 0.627456 0.461719 0.092705 0.045085
34 0.869917 0.252125 0.065322 0.036449
34 0.295361 0.425310 0.029941 0.074115
34 0.085010 0.743918 0.092871 0.060259
33 0.416323 0.230451 0.064268 0.047734
34 0.287808 0.774504 0.160420 0.158027
34 0.436318 0.405011 0.094258 0.060079
34 0.631826 0.403315 0.199551 0.075265
34 0.494795 0.097001 0.088633 0.061669
33 0.415283 0.170846 0.063633 0.049651
34 0.024570 0.529589 0.049043 0.061680
