34 0.709150 0.566670 0.098926 0.040859
27 0.712983 0.739756 0.070088 0.085156
27 0.719458 0.910801 0.066377 0.085371
27 0.706958 0.621553 0.067041 0.083848
34 0.511792 0.599800 0.131299 0.047471
34 0.505728 0.288960 0.131768 0.048447
26 0.702388 0.460620 0.062568 0.040635
34 0.914014 0.285244 0.132715 0.050801
6 0.422422 0.287446 0.025645 0.031221
6 0.421030 0.597983 0.027314 0.030107
34 0.721514 0.857534 0.106445 0.035479
34 0.712910 0.684414 0.095703 0.039785
6 0.784443 0.387334 0.026582 0.031211
34 0.707632 0.423770 0.088291 0.033184
34 0.354844 0.286025 0.095703 0.038711
34 0.356460 0.596245 0.088174 0.033330
