34 0.762070 0.396147 0.112285 0.061904
34 0.045615 0.107241 0.091113 0.063643
34 0.622485 0.146182 0.123174 0.060820
34 0.918291 0.187324 0.112637 0.062344
34 0.959868 0.072793 0.079834 0.061836
34 0.824121 0.599087 0.112695 0.059307
34 0.261016 0.366519 0.113086 0.061865
34 0.907144 0.271670 0.111885 0.060430
34 0.757920 0.283403 0.108887 0.061279
34 0.044673 0.204082 0.089346 0.060918
34 0.538994 0.722500 0.109492 0.062246
34 0.481567 0.595825 0.108389 0.060264
34 0.710444 0.735850 0.029795 0.045000
34 0.478901 0.378906 0.110986 0.061914
34 0.934292 0.529995 0.111377 0.063564
6 0.779604 0.088823 0.017354 0.016865
6 0.417036 0.620596 0.022490 0.033320
6 0.186108 0.598774 0.019580 0.032900
0 0.840303 0.267393 0.019941 0.034414
0 0.823545 0.644780 0.059727 0.035498
6 0.728623 0.487187 0.016973 0.016641
0 0.480610 0.648135 0.061670 0.035527
0 0.107349 0.203057 0.021572 0.037539
0 0.989766 0.183472 0.020469 0.034932
3 0.167764 0.281021 0.075605 0.072959
6 0.596699 0.645293 0.028359 0.023887
6 0.265073 0.464551 0.018740 0.014570
0 0.729106 0.527432 0.020518 0.034746
6 0.264858 0.559502 0.017490 0.015410
21 0.986890 0.228765 0.026221 0.037939
0 0.990454 0.722314 0.019092 0.059023
0 0.687759 0.396440 0.035537 0.063506
21 0.107773 0.260571 0.035801 0.038896
6 0.122935 0.487500 0.017725 0.019590
3 0.672666 0.281284 0.072148 0.072158
6 0.974375 0.645742 0.028691 0.024160
6 0.633779 0.645820 0.029688 0.024395
6 0.890005 0.637422 0.018740 0.014570
6 0.802754 0.769438 0.019160 0.017900
6 0.728003 0.690937 0.022900 0.034141
6 0.687212 0.600732 0.025049 0.033613
0 0.185127 0.367422 0.036934 0.064316
0 0.615786 0.721846 0.036104 0.061348
0 0.122485 0.527583 0.020850 0.035088
21 0.840205 0.325000 0.036426 0.039805
0 0.551719 0.380762 0.035391 0.061738
34 0.293911 0.520464 0.031768 0.026592
35 0.986680 0.873794 0.026641 0.130225
34 0.292158 0.422485 0.036230 0.027275
34 0.756929 0.630894 0.050537 0.025928
34 0.914243 0.599292 0.030205 0.026494
34 0.760137 0.040039 0.042363 0.027168
33 0.136758 0.102124 0.079355 0.047646
34 0.830771 0.729688 0.027480 0.026484
35 0.615835 0.874956 0.046357 0.130088
34 0.274985 0.627471 0.053057 0.030625
34 0.980923 0.785029 0.027764 0.054219
34 0.400430 0.519639 0.029531 0.043164
34 0.670791 0.489531 0.030312 0.046953
33 0.977959 0.125991 0.043887 0.044541
34 0.599448 0.785562 0.029053 0.054502
34 0.955205 0.963066 0.089590 0.053203
34 0.609150 0.966113 0.175625 0.055605
34 0.261191 0.285073 0.113184 0.064053
34 0.793550 0.523887 0.110713 0.063730
34 0.168569 0.495962 0.031279 0.046533
34 0.958608 0.354658 0.082627 0.063086
34 0.052383 0.533213 0.104766 0.063770
