34 0.162773 0.585449 0.061543 0.038770
34 0.294561 0.535312 0.124688 0.073145
35 0.263096 0.231851 0.054688 0.118818
34 0.263350 0.328813 0.218203 0.077197
6 0.048379 0.608125 0.030684 0.032363
34 0.130562 0.077690 0.130850 0.072705
34 0.453369 0.510586 0.124609 0.070840
6 0.524175 0.607969 0.028428 0.028906
0 0.010234 0.441318 0.020469 0.076387
0 0.010356 0.776011 0.020713 0.077412
8 0.244341 0.078574 0.085889 0.075195
5 0.294453 0.609727 0.063281 0.078320
35 0.192373 0.985015 0.137813 0.029971
34 0.914775 0.944790 0.170449 0.110420
34 0.595439 0.587417 0.062402 0.037842
