34 0.025854 0.008408 0.051709 0.016816
34 0.026787 0.557798 0.053574 0.089697
33 0.893979 0.219517 0.059951 0.037178
34 0.452573 0.012295 0.082783 0.024297
34 0.807671 0.561831 0.078213 0.045342
34 0.760674 0.291948 0.090410 0.084131
33 0.061992 0.379448 0.060117 0.036943
33 0.401309 0.868530 0.036875 0.075166
34 0.909888 0.164639 0.080010 0.046035
34 0.844678 0.510552 0.023418 0.036416
34 0.989399 0.726685 0.020830 0.046221
34 0.392441 0.944385 0.097051 0.082422
34 0.333154 0.391357 0.037871 0.023008
34 0.629800 0.488091 0.076846 0.046279
34 0.754336 0.059600 0.082871 0.043223
34 0.806470 0.465557 0.078271 0.043691
34 0.983237 0.647661 0.033096 0.023662
35 0.649502 0.094482 0.084141 0.034863
34 0.781372 0.739897 0.077549 0.045908
34 0.164204 0.199932 0.082080 0.046563
34 0.519224 0.569175 0.080518 0.045752
34 0.213037 0.011094 0.064121 0.022187
34 0.361431 0.588672 0.034346 0.021797
34 0.412739 0.568462 0.081494 0.044775
34 0.621270 0.991650 0.129180 0.016699
34 0.454062 0.844360 0.068848 0.037646
34 0.968071 0.305898 0.063857 0.044258
33 0.825625 0.400444 0.061523 0.037354
34 0.027603 0.267319 0.054678 0.059600
34 0.254058 0.370195 0.084561 0.045059
34 0.645112 0.059336 0.136689 0.042324
34 0.393413 0.370537 0.082900 0.045020
34 0.844375 0.355747 0.024297 0.037744
3 0.847837 0.741694 0.056338 0.054150
0 0.753584 0.093794 0.048457 0.028193
34 0.312437 0.539189 0.084971 0.045020
35 0.913032 0.958677 0.088193 0.037939
34 0.014795 0.379028 0.029570 0.045439
34 0.754595 0.399927 0.078115 0.045381
34 0.983950 0.817383 0.031650 0.045742
34 0.037275 0.156479 0.074434 0.048584
34 0.962725 0.218428 0.074375 0.044453
34 0.551924 0.752568 0.024238 0.039961
34 0.513193 0.371074 0.082188 0.044648
34 0.082441 0.315693 0.020742 0.033984
34 0.985347 0.925098 0.029033 0.045840
0 0.468911 0.568833 0.017236 0.031240
5 0.565190 0.488120 0.059072 0.034658
6 0.926084 0.276270 0.014805 0.014434
5 0.095142 0.200054 0.056924 0.031924
0 0.036006 0.126685 0.034258 0.020205
6 0.469058 0.539258 0.014521 0.013730
6 0.463032 0.342305 0.014795 0.012969
2 0.414868 0.604165 0.052334 0.027002
6 0.859971 0.382378 0.017656 0.018486
6 0.859263 0.679521 0.016572 0.019590
6 0.860020 0.620762 0.019590 0.022598
21 0.348892 0.858228 0.025674 0.035010
20 0.169722 0.833721 0.297666 0.326719
11 0.859004 0.292720 0.088379 0.084209
11 0.095742 0.551802 0.089883 0.088994
1 0.393760 0.404692 0.048848 0.028330
3 0.312622 0.589585 0.055518 0.055225
1 0.213501 0.035054 0.053135 0.029854
3 0.359497 0.024355 0.056182 0.048262
0 0.927090 0.307129 0.017754 0.034863
0 0.253257 0.404917 0.046553 0.026514
0 0.859375 0.562915 0.029883 0.051084
0 0.463384 0.372212 0.018643 0.031533
0 0.502832 0.011147 0.018477 0.022100
1 0.859634 0.468306 0.030361 0.053271
0 0.859136 0.163550 0.030830 0.053428
