33 0.416875 0.056978 0.062461 0.045811
33 0.608315 0.156606 0.077666 0.045518
34 0.266450 0.029922 0.091787 0.048418
34 0.625327 0.204009 0.084502 0.047588
34 0.015752 0.016499 0.031406 0.032998
34 0.173340 0.101055 0.028262 0.061406
34 0.406592 0.204546 0.091973 0.046318
34 0.015767 0.109321 0.031436 0.046006
34 0.117388 0.030190 0.090811 0.047314
33 0.425537 0.156514 0.079609 0.045273
34 0.406738 0.101377 0.088770 0.044746
34 0.090459 0.197813 0.091953 0.047402
34 0.622217 0.102021 0.083105 0.045703
33 0.615264 0.056514 0.062578 0.046660
33 0.162871 0.198638 0.051113 0.045322
