34 0.711558 0.387573 0.031240 0.170771
25 0.216113 0.389189 0.432227 0.372012
25 0.796216 0.395659 0.407568 0.367744
34 0.141113 0.391226 0.037578 0.172373
34 0.196328 0.392583 0.033281 0.182822
34 0.255967 0.393164 0.027891 0.187871
34 0.316001 0.392583 0.031768 0.192900
34 0.380688 0.392583 0.035635 0.189795
34 0.042378 0.384834 0.084756 0.044160
34 0.649424 0.392085 0.033320 0.175635
34 0.769521 0.386533 0.033320 0.165918
34 0.825400 0.388267 0.027070 0.166611
34 0.880938 0.387573 0.035410 0.155498
34 0.967715 0.384453 0.064570 0.040957
35 0.710615 0.761060 0.050078 0.108311
35 0.165342 0.039624 0.039473 0.079248
34 0.787104 0.917129 0.049873 0.029160
35 0.320542 0.761006 0.050674 0.108086
34 0.720806 0.848262 0.106826 0.064180
34 0.814531 0.730869 0.031504 0.059902
34 0.242280 0.019238 0.029502 0.038477
34 0.328262 0.849834 0.111992 0.066328
34 0.161963 0.093779 0.165117 0.036465
