34 0.489259 0.322803 0.158384 0.049297
21 0.584057 0.455566 0.069125 0.085938
5 0.131902 0.359814 0.040909 0.061621
34 0.065194 0.089082 0.130387 0.052441
34 0.082483 0.138159 0.078805 0.029580
34 0.247828 0.116641 0.160707 0.051992
35 0.673258 0.180127 0.159411 0.033301
34 0.437887 0.118213 0.163788 0.047949
34 0.666961 0.137036 0.251094 0.056924
34 0.129226 0.243701 0.158384 0.052441
34 0.129226 0.302412 0.158384 0.050645
0 0.248948 0.155171 0.066549 0.023643
0 0.074310 0.422852 0.035623 0.035605
0 0.315017 0.358755 0.067475 0.020928
21 0.693114 0.575693 0.079057 0.064375
0 0.488157 0.358213 0.063249 0.019297
0 0.445985 0.154492 0.064192 0.022832
34 0.171338 0.421177 0.162239 0.048857
34 0.307702 0.322803 0.161465 0.050195
