34 0.127119 0.979238 0.033770 0.041211
34 0.601406 0.720825 0.055371 0.030732
34 0.331318 0.918398 0.106465 0.053535
33 0.251289 0.977715 0.049785 0.039824
33 0.251411 0.916143 0.046670 0.038379
0 0.147900 0.841562 0.040703 0.061484
0 0.761846 0.919810 0.038867 0.060420
0 0.223560 0.841489 0.039990 0.061709
34 0.331084 0.975156 0.105234 0.049687
34 0.072876 0.841206 0.105010 0.054170
34 0.036108 0.722319 0.071982 0.024033
34 0.293555 0.840962 0.106133 0.054932
34 0.014453 0.589033 0.028750 0.030234
34 0.202363 0.678301 0.034453 0.048730
34 0.692051 0.916899 0.105527 0.055049
34 0.457705 0.497432 0.055371 0.031191
