33 0.166118 0.090571 0.044268 0.044521
34 0.947910 0.387969 0.060371 0.031289
34 0.505747 0.338071 0.216006 0.050615
34 0.367871 0.348438 0.043301 0.029766
34 0.955215 0.968442 0.089570 0.058936
35 0.849180 0.917861 0.074395 0.036855
34 0.257817 0.245566 0.048037 0.033027
34 0.613164 0.420112 0.093047 0.051904
35 0.716401 0.463423 0.073291 0.035400
35 0.933145 0.307969 0.088379 0.037402
34 0.753901 0.683076 0.031826 0.048027
34 0.584097 0.220532 0.090889 0.052686
34 0.416294 0.222710 0.229717 0.074502
34 0.697759 0.219023 0.139873 0.055078
34 0.846909 0.886479 0.135732 0.030459
34 0.670596 0.326211 0.091992 0.051797
34 0.711274 0.430059 0.088037 0.031660
35 0.836133 0.621577 0.075410 0.034775
34 0.941436 0.681064 0.095176 0.051973
34 0.941558 0.736221 0.093662 0.052715
34 0.843677 0.566514 0.131143 0.078203
34 0.958706 0.441587 0.082588 0.053408
35 0.703687 0.263066 0.088877 0.036719
34 0.926753 0.130386 0.111904 0.054111
34 0.935522 0.032627 0.110908 0.055371
34 0.939717 0.847471 0.108535 0.053281
34 0.959600 0.553687 0.080625 0.050928
34 0.169102 0.581094 0.182285 0.136172
34 0.928184 0.261128 0.143066 0.056963
0 0.613315 0.462524 0.049287 0.032510
0 0.670210 0.367559 0.048193 0.031660
0 0.898804 0.962549 0.019307 0.028945
0 0.882363 0.730200 0.019180 0.030811
3 0.940488 0.904546 0.050801 0.058447
3 0.972183 0.609219 0.051357 0.057324
6 0.731685 0.320732 0.014619 0.021445
3 0.844058 0.129683 0.057666 0.053115
3 0.972939 0.498188 0.052793 0.057373
0 0.587236 0.263584 0.049043 0.031328
34 0.478774 0.431294 0.181768 0.051631
0 0.872031 0.030596 0.019336 0.028691
32 0.165688 0.092354 0.044443 0.049121
21 0.882485 0.765859 0.025654 0.029805
34 0.520923 0.083828 0.284951 0.047305
34 0.357485 0.441353 0.052686 0.033330
21 0.872720 0.068062 0.029248 0.031885
0 0.882568 0.675181 0.019453 0.029561
