0 0.641313 0.021426 0.070370 0.042852
3 0.260362 0.258545 0.133384 0.076406
0 0.289091 0.021465 0.066162 0.042930
34 0.717795 0.752261 0.067138 0.061182
3 0.614478 0.258213 0.134949 0.077305
1 0.288880 0.129053 0.061768 0.073965
34 0.247256 0.351113 0.067609 0.061191
34 0.601296 0.350542 0.067677 0.061416
34 0.496566 0.125815 0.209226 0.073818
34 0.143535 0.125796 0.209461 0.073701
34 0.096035 0.258672 0.191465 0.072617
34 0.443089 0.258208 0.204125 0.070791
1 0.641103 0.128701 0.064461 0.073984
34 0.145067 0.020620 0.215522 0.041240
34 0.499327 0.020542 0.230572 0.041084
