34 0.877612 0.276924 0.134307 0.032676
34 0.877358 0.339150 0.129639 0.037852
34 0.768198 0.482012 0.084521 0.037344
34 0.644009 0.478901 0.059111 0.033193
34 0.429067 0.572236 0.250459 0.030078
34 0.340869 0.900547 0.097852 0.037637
34 0.322612 0.675015 0.088154 0.037334
34 0.529512 0.675532 0.086074 0.036299
11 0.708774 0.526924 0.061201 0.059746
11 0.628545 0.624980 0.059746 0.058301
11 0.564219 0.624980 0.060234 0.057344
3 0.892856 0.673760 0.067451 0.068281
11 0.572407 0.340444 0.058311 0.057822
11 0.707788 0.437295 0.057373 0.058789
6 0.354795 0.705977 0.034004 0.027871
34 0.489414 0.905376 0.115352 0.052920
6 0.496963 0.707095 0.029551 0.030107
6 0.563032 0.705977 0.030107 0.025645
6 0.629937 0.707930 0.031221 0.028438
6 0.821162 0.527852 0.028984 0.034004
6 0.821719 0.435303 0.026758 0.029551
6 0.795796 0.273623 0.026201 0.028438
6 0.796909 0.207275 0.028428 0.029551
6 0.795518 0.144277 0.027871 0.032891
11 0.431543 0.625601 0.060195 0.060498
11 0.284463 0.624624 0.061465 0.060693
34 0.528584 0.802231 0.181230 0.110947
34 0.344810 0.806465 0.184736 0.113418
34 0.899233 0.889409 0.046592 0.022900
34 0.899868 0.487476 0.159209 0.114521
34 0.797559 0.053682 0.209043 0.090215
34 0.979976 0.093857 0.040049 0.047598
34 0.519951 0.993398 0.054219 0.013203
34 0.756318 0.287471 0.020938 0.020703
34 0.694927 0.287397 0.042783 0.020303
34 0.694688 0.157202 0.043438 0.019775
34 0.694438 0.354238 0.044678 0.018770
34 0.633745 0.069805 0.104580 0.022363
11 0.573618 0.274189 0.057822 0.057344
11 0.573613 0.206729 0.055898 0.055410
11 0.572891 0.143853 0.057344 0.054932
6 0.417109 0.902622 0.026504 0.033252
6 0.283154 0.705698 0.027871 0.027314
6 0.430342 0.706533 0.028984 0.026758
11 0.355576 0.625698 0.060234 0.057822
6 0.795635 0.340073 0.029570 0.031240
11 0.498447 0.623774 0.059746 0.057822
34 0.874199 0.144092 0.136563 0.032266
34 0.652158 0.119902 0.094629 0.037637
34 0.651079 0.184414 0.088174 0.037637
34 0.651616 0.251621 0.091396 0.038711
34 0.650005 0.318286 0.088174 0.036553
34 0.875811 0.207534 0.137637 0.036553
