33 0.772529 0.201421 0.046934 0.065342
34 0.475205 0.753105 0.097031 0.054355
34 0.713901 0.973066 0.026826 0.053672
33 0.578491 0.748604 0.105342 0.046660
34 0.472554 0.561279 0.097861 0.053848
34 0.988462 0.142759 0.023076 0.055811
34 0.543945 0.302109 0.099961 0.052539
34 0.773892 0.141675 0.100459 0.052549
33 0.577383 0.653506 0.105352 0.047383
34 0.472036 0.653936 0.096768 0.053672
34 0.571226 0.498779 0.097666 0.051895
34 0.859814 0.416973 0.161816 0.135449
33 0.574595 0.436846 0.049971 0.072734
33 0.550586 0.365864 0.045781 0.073604
33 0.559453 0.557954 0.068906 0.044814
34 0.963848 0.973159 0.029180 0.053682
