34 0.573477 0.157051 0.082383 0.050020
34 0.966284 0.798198 0.067432 0.050127
34 0.712529 0.543374 0.081621 0.052861
0 0.468066 0.377808 0.028516 0.052256
0 0.404780 0.196948 0.053115 0.031143
0 0.767588 0.542358 0.029062 0.055830
0 0.573345 0.196846 0.050654 0.029863
34 0.979390 0.375776 0.041221 0.073994
34 0.738057 0.990215 0.080625 0.019570
34 0.916040 0.946201 0.098350 0.096953
34 0.729966 0.181621 0.036299 0.026211
34 0.748452 0.486646 0.027783 0.034365
34 0.302002 0.157466 0.133125 0.047861
34 0.627954 0.341797 0.038037 0.027402
34 0.405146 0.157456 0.076836 0.048154
34 0.408613 0.376465 0.081348 0.049609
