34 0.904307 0.940327 0.134414 0.065596
0 0.532715 0.479106 0.048945 0.073428
0 0.013711 0.458071 0.027422 0.073115
33 0.486567 0.761836 0.083877 0.061289
33 0.485493 0.689253 0.086025 0.064521
34 0.938979 0.872583 0.122041 0.069893
34 0.102158 0.294097 0.097852 0.069893
34 0.396777 0.860757 0.158066 0.033330
34 0.134956 0.858608 0.150537 0.033330
34 0.397856 0.756455 0.087100 0.061289
34 0.382803 0.693018 0.087090 0.054844
34 0.936025 0.374199 0.103223 0.066660
34 0.941406 0.243018 0.098926 0.066660
34 0.930117 0.059146 0.097852 0.064521
34 0.513984 0.193018 0.033340 0.061289
34 0.325811 0.225273 0.100000 0.061289
34 0.324736 0.050010 0.097852 0.063437
34 0.606997 0.479575 0.105381 0.068818
34 0.682266 0.675811 0.101074 0.059141
1 0.173042 0.293833 0.036104 0.063975
17 0.135742 0.915381 0.081055 0.075684
17 0.406738 0.916211 0.079102 0.076758
21 0.604883 0.764644 0.067187 0.063076
13 0.601792 0.659756 0.060029 0.075410
13 0.247720 0.039766 0.051885 0.075352
13 0.246987 0.210332 0.053350 0.075625
