0 0.471821 0.678804 0.024404 0.040068
6 0.472178 0.624941 0.024238 0.021875
3 0.346846 0.468828 0.066152 0.065215
0 0.389858 0.951670 0.024424 0.040059
4 0.146816 0.123711 0.070645 0.079082
0 0.344678 0.354185 0.039004 0.023096
34 0.784727 0.010522 0.093965 0.021045
34 0.804004 0.915605 0.032695 0.052656
33 0.446953 0.763984 0.060996 0.044980
34 0.008374 0.981133 0.016709 0.036895
34 0.630630 0.020415 0.034502 0.040635
34 0.145645 0.054370 0.106992 0.057939
34 0.535371 0.677378 0.098516 0.059463
34 0.709590 0.746807 0.034043 0.051445
34 0.252314 0.335425 0.049746 0.032412
33 0.156924 0.814404 0.060645 0.045117
33 0.447148 0.843018 0.060391 0.043867
34 0.977153 0.559360 0.033271 0.050264
34 0.348701 0.406558 0.105000 0.056553
34 0.070391 0.807979 0.108613 0.061504
34 0.531035 0.764199 0.097773 0.058496
34 0.151641 0.951987 0.097051 0.058428
34 0.346719 0.307915 0.103789 0.057744
34 0.531143 0.843516 0.098047 0.056387
34 0.452593 0.949775 0.098037 0.057148
33 0.047383 0.983843 0.059180 0.032314
34 0.900645 0.584902 0.104238 0.057031
34 0.303164 0.574751 0.156641 0.125400
34 0.864917 0.087856 0.033193 0.057705
0 0.788569 0.034131 0.039170 0.023867
0 0.899893 0.626235 0.039473 0.024189
0 0.213325 0.952222 0.022822 0.037744
