35 0.462870 0.189790 0.079714 0.104307
0 0.311490 0.973779 0.095572 0.033809
6 0.678064 0.310435 0.059293 0.031748
0 0.311490 0.773647 0.100253 0.033799
0 0.674503 0.381406 0.047660 0.054219
0 0.312205 0.564258 0.089394 0.035156
34 0.457971 0.104590 0.237963 0.058262
34 0.567685 0.381333 0.154529 0.056025
34 0.571549 0.438701 0.080337 0.032715
34 0.422820 0.412036 0.062576 0.043018
34 0.310791 0.512871 0.175387 0.057363
34 0.102963 0.513994 0.057946 0.051543
34 0.314268 0.721948 0.185438 0.055127
34 0.104125 0.723267 0.058721 0.052393
34 0.104512 0.923179 0.056397 0.047959
34 0.312727 0.921157 0.174613 0.054678
