34 0.615156 0.289819 0.027559 0.074424
3 0.275693 0.050527 0.051133 0.044551
5 0.365752 0.137100 0.019746 0.038730
34 0.160220 0.364526 0.052686 0.249463
21 0.044844 0.712310 0.024648 0.022861
6 0.835767 0.426318 0.016084 0.019707
6 0.701719 0.469873 0.018672 0.020742
6 0.639233 0.470137 0.020225 0.023340
6 0.582192 0.426836 0.019189 0.018672
6 0.408740 0.426318 0.020742 0.023848
34 0.152368 0.745142 0.047314 0.021826
34 0.420381 0.062417 0.030645 0.081689
34 0.711274 0.289282 0.054502 0.076338
33 0.099360 0.138848 0.052725 0.045215
35 0.209077 0.037212 0.039619 0.072412
34 0.757271 0.716157 0.048506 0.026143
6 0.750742 0.428486 0.015977 0.018809
3 0.081001 0.529839 0.049990 0.048760
0 0.557715 0.066411 0.028418 0.051670
34 0.697954 0.289019 0.027881 0.075869
35 0.436997 0.639932 0.086025 0.035078
34 0.547007 0.291431 0.047842 0.071553
34 0.980366 0.215640 0.039072 0.029893
0 0.751118 0.290366 0.026494 0.049541
0 0.087197 0.696519 0.032109 0.016553
0 0.469434 0.066504 0.025879 0.051855
0 0.665435 0.291016 0.025244 0.050820
34 0.516001 0.779790 0.049561 0.025869
1 0.407930 0.369707 0.025293 0.051055
0 0.835977 0.290093 0.026504 0.052100
34 0.752124 0.589814 0.073154 0.048105
34 0.363569 0.192065 0.026377 0.047510
34 0.438052 0.600728 0.116514 0.048213
34 0.015869 0.260249 0.031680 0.048662
0 0.407593 0.291846 0.026729 0.050586
34 0.332422 0.050679 0.066836 0.045635
34 0.588652 0.588521 0.073555 0.047588
34 0.149351 0.099839 0.030713 0.052764
34 0.087915 0.667583 0.071240 0.044248
3 0.196934 0.103994 0.049883 0.049492
0 0.165498 0.696353 0.030703 0.016279
33 0.117690 0.063892 0.084717 0.045537
1 0.836016 0.369077 0.025898 0.051416
34 0.263872 0.386362 0.069775 0.044502
34 0.624741 0.662769 0.023916 0.044287
34 0.041235 0.061377 0.068486 0.045508
34 0.360771 0.293076 0.070430 0.045410
34 0.366284 0.097583 0.069717 0.043643
34 0.360869 0.371230 0.071289 0.044629
0 0.582407 0.290791 0.027783 0.050840
34 0.164976 0.667974 0.071123 0.042959
6 0.664253 0.427803 0.017275 0.021230
34 0.651538 0.106064 0.029619 0.051895
3 0.264204 0.432349 0.051240 0.049541
0 0.701211 0.588828 0.027188 0.051387
3 0.316309 0.220186 0.054414 0.056387
34 0.311436 0.167041 0.074668 0.048164
34 0.885527 0.291812 0.071797 0.042217
35 0.338438 0.968799 0.038496 0.062187
34 0.251245 0.104683 0.066084 0.044287
3 0.078799 0.434868 0.051523 0.048740
0 0.639380 0.588774 0.026631 0.052100
34 0.079590 0.483818 0.072187 0.042285
34 0.037402 0.138174 0.069531 0.045684
34 0.306069 0.624121 0.059209 0.028027
34 0.886167 0.369570 0.072783 0.041738
34 0.078325 0.387700 0.070049 0.042529
34 0.508638 0.426816 0.056592 0.027637
