33 0.184766 0.821128 0.039883 0.103076
6 0.382544 0.234023 0.013896 0.008965
21 0.349468 0.989219 0.027783 0.021563
33 0.691875 0.853848 0.034961 0.049297
33 0.446499 0.780566 0.034502 0.049746
33 0.298394 0.701694 0.037607 0.041670
34 0.368257 0.396523 0.096260 0.048516
33 0.562437 0.824937 0.034541 0.062451
34 0.368750 0.421079 0.096426 0.098994
21 0.383716 0.243281 0.026182 0.029141
33 0.462695 0.667148 0.070762 0.037090
33 0.300850 0.342905 0.036367 0.035908
34 0.114541 0.823853 0.095605 0.054971
34 0.367324 0.345093 0.095371 0.049756
34 0.510249 0.778794 0.091396 0.051982
34 0.759282 0.849414 0.094307 0.052949
0 0.348438 0.938354 0.024902 0.045928
0 0.348696 0.259756 0.024580 0.046504
34 0.407285 0.939824 0.094961 0.052285
33 0.463481 0.401641 0.073115 0.037090
34 0.289062 0.260063 0.096328 0.052412
34 0.549165 0.401050 0.096592 0.054033
33 0.300815 0.442207 0.035889 0.036055
34 0.367983 0.513540 0.094189 0.051143
33 0.300845 0.509741 0.036182 0.037373
34 0.365908 0.705850 0.094727 0.052441
33 0.300635 0.393389 0.036250 0.035449
34 0.626973 0.816587 0.095020 0.053975
34 0.550132 0.668857 0.095654 0.052598
34 0.349814 0.591909 0.136816 0.103193
