34 0.125586 0.136626 0.079121 0.047568
34 0.605430 0.778013 0.085313 0.078174
34 0.969878 0.639023 0.060244 0.046387
34 0.345571 0.778628 0.085752 0.079658
34 0.026445 0.317324 0.052812 0.047207
3 0.779609 0.640308 0.056465 0.050049
34 0.868818 0.636455 0.070273 0.045898
34 0.238755 0.752256 0.027900 0.044531
34 0.049517 0.928994 0.027412 0.044492
34 0.684028 0.510161 0.046064 0.029795
15 0.029604 0.175117 0.056631 0.058125
11 0.889370 0.873135 0.070928 0.073203
34 0.263604 0.208257 0.030996 0.048525
34 0.224424 0.321802 0.089590 0.049502
34 0.027432 0.983003 0.054863 0.033955
34 0.585332 0.936587 0.026797 0.045615
34 0.332764 0.157290 0.057148 0.028643
17 0.346538 0.859956 0.081592 0.085283
0 0.558174 0.642290 0.029648 0.048877
0 0.454194 0.641836 0.030166 0.050137
0 0.919912 0.642383 0.030469 0.051328
17 0.606460 0.858071 0.084951 0.083877
17 0.073125 0.852695 0.082793 0.081719
0 0.349810 0.455815 0.031240 0.054150
0 0.019927 0.357930 0.039854 0.031934
5 0.282422 0.261958 0.044805 0.024033
3 0.220693 0.159111 0.049824 0.054414
0 0.067993 0.983091 0.026260 0.033760
34 0.608926 0.692280 0.044023 0.026357
34 0.828550 0.858716 0.044424 0.026826
34 0.470020 0.876113 0.057676 0.027949
34 0.324946 0.353784 0.044189 0.025967
0 0.658755 0.641982 0.026416 0.048340
34 0.223970 0.403755 0.091279 0.052236
34 0.965103 0.868594 0.069795 0.076914
34 0.403101 0.639116 0.068721 0.045732
34 0.401885 0.455518 0.075117 0.049141
34 0.074229 0.772285 0.087461 0.080156
35 0.089990 0.358018 0.074766 0.031875
34 0.404214 0.958608 0.028994 0.046553
34 0.509268 0.641177 0.070840 0.046553
34 0.935703 0.966963 0.077441 0.049883
0 0.986797 0.970181 0.025313 0.047432
34 0.715425 0.641240 0.068252 0.047598
3 0.779351 0.777495 0.057236 0.049639
34 0.609907 0.640908 0.067979 0.045332
34 0.220435 0.107793 0.077920 0.048828
0 0.282153 0.321221 0.022490 0.039492
34 0.032695 0.122310 0.065352 0.047314
0 0.282041 0.406201 0.022793 0.039023
1 0.127603 0.174165 0.051807 0.030186
34 0.545396 0.986909 0.077998 0.026182
34 0.212544 0.263203 0.091240 0.050762
21 0.282109 0.450630 0.034629 0.035615
34 0.710605 0.775386 0.068750 0.045732
