33 0.326865 0.571055 0.122441 0.071680
0 0.651025 0.651362 0.031035 0.054248
0 0.324824 0.252500 0.056309 0.036816
6 0.801338 0.280625 0.034336 0.033789
21 0.852075 0.986074 0.052197 0.027852
6 0.112847 0.280542 0.033271 0.033154
0 0.183525 0.324380 0.059238 0.035635
21 0.263550 0.740435 0.056279 0.086201
0 0.730391 0.324248 0.057812 0.035703
0 0.263125 0.651533 0.033379 0.055039
0 0.797451 0.196416 0.056641 0.034883
0 0.709014 0.934780 0.056309 0.033525
34 0.892744 0.483882 0.214512 0.051611
34 0.509639 0.574351 0.226543 0.047705
34 0.559302 0.172349 0.069189 0.038486
34 0.366826 0.172710 0.068750 0.038975
34 0.891611 0.576333 0.213359 0.049482
34 0.815200 0.114097 0.071221 0.043311
33 0.715532 0.397119 0.121963 0.072520
33 0.327168 0.396772 0.122051 0.073896
34 0.401499 0.230215 0.070830 0.038828
34 0.514756 0.229409 0.070020 0.038330
33 0.714995 0.571509 0.122314 0.072842
33 0.715459 0.483062 0.121250 0.070439
33 0.327441 0.482920 0.121641 0.070527
0 0.118218 0.197261 0.055029 0.033877
0 0.783198 0.934868 0.054307 0.032607
0 0.589590 0.252861 0.057031 0.037207
21 0.651914 0.740957 0.053945 0.086328
34 0.891670 0.398394 0.216660 0.056982
34 0.509688 0.481191 0.237637 0.054844
34 0.512910 0.402695 0.233340 0.054844
34 0.116138 0.579580 0.226885 0.058066
34 0.120972 0.486563 0.232256 0.061289
34 0.120439 0.396245 0.235488 0.050537
