34 0.889927 0.196763 0.219092 0.032412
34 0.703135 0.396279 0.038477 0.021094
33 0.148618 0.987637 0.080654 0.024727
34 0.716187 0.623569 0.198037 0.054346
34 0.699790 0.267246 0.037783 0.021367
34 0.123174 0.385581 0.102520 0.101064
34 0.806440 0.542705 0.387119 0.057676
34 0.920659 0.463672 0.044150 0.020898
34 0.235728 0.984590 0.095830 0.030684
34 0.894038 0.954053 0.043975 0.024668
34 0.015815 0.432373 0.031631 0.049355
34 0.205664 0.897798 0.095254 0.051768
34 0.038955 0.274790 0.077910 0.053232
34 0.908745 0.152637 0.044131 0.023789
14 0.668745 0.475439 0.057646 0.057539
0 0.058472 0.389238 0.021084 0.036621
0 0.146523 0.898379 0.022168 0.037832
18 0.584253 0.331240 0.020947 0.034668
18 0.789351 0.840459 0.040537 0.025488
18 0.634097 0.841084 0.041787 0.020898
6 0.146738 0.860195 0.029004 0.024355
