3 0.868496 0.212104 0.075840 0.073467
3 0.881377 0.477856 0.075195 0.073564
35 0.443672 0.692515 0.054336 0.120830
34 0.745464 0.070894 0.113936 0.060518
34 0.769360 0.206377 0.081885 0.038066
34 0.630488 0.097344 0.060430 0.036523
33 0.981152 0.192114 0.037422 0.069170
0 0.678633 0.068340 0.019121 0.034180
34 0.745215 0.541221 0.040449 0.060195
34 0.564473 0.397881 0.038906 0.071035
34 0.743306 0.276758 0.038408 0.053672
34 0.796655 0.471113 0.080654 0.039141
34 0.861641 0.144863 0.112187 0.060313
34 0.441006 0.786611 0.184160 0.068242
34 0.881240 0.409595 0.118477 0.060674
34 0.970205 0.387075 0.059590 0.067158
35 0.529888 0.960327 0.118271 0.053701
34 0.961138 0.122769 0.077451 0.064854
34 0.044893 0.874956 0.089785 0.065732
0 0.679053 0.011816 0.018262 0.023477
6 0.696460 0.231064 0.030537 0.027129
6 0.587070 0.266699 0.029629 0.019746
3 0.043535 0.943594 0.072480 0.069258
