34 0.458208 0.689243 0.050850 0.026885
34 0.288828 0.918784 0.086758 0.045596
34 0.030381 0.198926 0.060762 0.079805
34 0.397026 0.861455 0.028994 0.042676
6 0.658081 0.464058 0.017393 0.013389
6 0.579233 0.883281 0.029326 0.024961
14 0.357910 0.915640 0.047188 0.050205
15 0.577290 0.830801 0.058232 0.057227
34 0.875635 0.608179 0.079355 0.047002
0 0.711494 0.424082 0.046035 0.028867
0 0.817158 0.605078 0.029707 0.045195
0 0.359551 0.970615 0.034316 0.047285
0 0.414165 0.920396 0.027197 0.049795
1 0.110923 0.896567 0.043174 0.065264
3 0.559116 0.949878 0.082334 0.079326
21 0.817754 0.653091 0.037148 0.039150
21 0.657612 0.470361 0.036143 0.037148
0 0.357881 0.863901 0.024277 0.049795
34 0.468281 0.920962 0.085684 0.050166
34 0.091060 0.827124 0.029893 0.051729
34 0.173726 0.898130 0.086377 0.048447
34 0.007676 0.377222 0.015352 0.046377
34 0.800068 0.564116 0.029414 0.043779
34 0.713569 0.387202 0.091182 0.048623
34 0.558315 0.778555 0.028447 0.051504
34 0.926279 0.838281 0.025820 0.050254
34 0.286768 0.381006 0.026074 0.048984
6 0.018823 0.429038 0.030107 0.029033
6 0.944092 0.761831 0.026875 0.027959
35 0.739253 0.581191 0.049463 0.105371
35 0.383340 0.182803 0.043008 0.104297
35 0.224736 0.184956 0.046230 0.110752
35 0.097319 0.183340 0.045166 0.107520
34 0.300542 0.864111 0.086064 0.047520
34 0.647681 0.950093 0.086924 0.047920
34 0.303203 0.197676 0.091445 0.077578
34 0.341079 0.780688 0.030049 0.043564
34 0.160151 0.096050 0.294365 0.045049
34 0.735850 0.647373 0.101621 0.027832
34 0.300576 0.972603 0.086133 0.047158
34 0.651611 0.830474 0.085977 0.050127
34 0.041055 0.984902 0.080840 0.029570
