33 0.496538 0.217798 0.051143 0.039893
34 0.371475 0.673364 0.017930 0.036299
34 0.622993 0.701582 0.019756 0.039512
6 0.636548 0.728696 0.016650 0.017822
6 0.636357 0.684541 0.016270 0.013945
20 0.722588 0.115059 0.306445 0.230117
21 0.351338 0.745176 0.029043 0.038887
33 0.417231 0.223174 0.036748 0.048848
33 0.462251 0.182212 0.055166 0.040342
33 0.539546 0.250063 0.034971 0.048857
34 0.721152 0.037891 0.253809 0.075781
1 0.587524 0.909136 0.052119 0.027783
34 0.813535 0.612700 0.060020 0.046416
34 0.720239 0.579233 0.035068 0.019268
34 0.992954 0.213638 0.014092 0.048252
34 0.495742 0.530552 0.065020 0.045186
34 0.385273 0.820518 0.111035 0.026113
33 0.531431 0.251089 0.052393 0.044775
35 0.384746 0.768174 0.037012 0.081816
34 0.154829 0.184106 0.039014 0.027158
5 0.768193 0.590562 0.022031 0.040908
34 0.167471 0.516113 0.102832 0.042891
34 0.681621 0.612109 0.063359 0.046992
35 0.899492 0.511572 0.084414 0.036230
34 0.309243 0.656904 0.066924 0.043086
0 0.635059 0.434517 0.019414 0.035322
34 0.205605 0.110405 0.029512 0.042764
34 0.809712 0.709136 0.059111 0.043994
34 0.310449 0.701582 0.066309 0.044590
34 0.806660 0.275840 0.141016 0.049004
34 0.905283 0.481509 0.113008 0.026787
34 0.299063 0.568149 0.072734 0.047139
34 0.202466 0.364707 0.066807 0.043945
35 0.914365 0.829038 0.083184 0.038506
0 0.928169 0.653271 0.020049 0.037148
34 0.672144 0.499380 0.035967 0.020205
4 0.811973 0.756250 0.051016 0.047910
4 0.369390 0.567407 0.063115 0.050693
34 0.224644 0.319121 0.048662 0.023359
34 0.304390 0.507754 0.059385 0.044316
3 0.369658 0.503521 0.062715 0.048643
0 0.757246 0.886172 0.028320 0.016035
34 0.809185 0.478560 0.063271 0.043877
34 0.846714 0.739414 0.016631 0.036211
34 0.535591 0.323848 0.041475 0.018437
35 0.162402 0.454219 0.036992 0.082285
34 0.559316 0.397622 0.059609 0.045146
0 0.840488 0.830205 0.029648 0.017422
34 0.585610 0.695391 0.021064 0.041113
6 0.928564 0.614253 0.015430 0.016631
0 0.815654 0.886191 0.028906 0.016660
0 0.928027 0.727290 0.020859 0.037334
34 0.676743 0.389673 0.066533 0.046006
34 0.533130 0.637764 0.100381 0.050039
34 0.265493 0.382363 0.043311 0.024648
34 0.512388 0.834160 0.060869 0.045391
35 0.919043 0.273555 0.080645 0.038457
34 0.736572 0.714634 0.019766 0.031553
0 0.353325 0.656387 0.019287 0.037637
34 0.748833 0.657363 0.039033 0.017852
34 0.673740 0.439683 0.060937 0.045732
0 0.537788 0.574824 0.019580 0.038242
33 0.512285 0.881328 0.038203 0.050293
34 0.733472 0.467905 0.061592 0.045166
21 0.635112 0.479316 0.030889 0.034277
34 0.494609 0.575435 0.065547 0.043955
0 0.635317 0.388940 0.019424 0.037236
34 0.423623 0.148730 0.085332 0.046055
34 0.713853 0.817715 0.020088 0.031719
0 0.808374 0.512002 0.049443 0.025664
34 0.916465 0.688374 0.020820 0.032861
34 0.978188 0.830356 0.043623 0.047920
34 0.371973 0.197285 0.071934 0.045723
34 0.568599 0.484941 0.032646 0.019004
34 0.891748 0.651460 0.057246 0.039404
5 0.731743 0.511313 0.023838 0.041963
34 0.350474 0.365586 0.059541 0.044824
34 0.892500 0.726812 0.055273 0.037158
34 0.267744 0.438633 0.062617 0.044785
0 0.311665 0.363696 0.021416 0.038721
34 0.175874 0.248447 0.047705 0.021895
34 0.623901 0.746763 0.018447 0.032373
34 0.232676 0.534473 0.041895 0.025547
0 0.312119 0.432847 0.021699 0.036963
34 0.178677 0.589604 0.050068 0.023467
34 0.756489 0.859360 0.058760 0.037490
34 0.031118 0.326816 0.062119 0.071211
34 0.818164 0.859229 0.060410 0.036504
34 0.444434 0.606411 0.019004 0.039482
0 0.777046 0.830229 0.029443 0.016611
0 0.353521 0.700786 0.019092 0.037510
34 0.309458 0.307070 0.040205 0.024648
3 0.588306 0.449609 0.055225 0.052559
0 0.537749 0.529556 0.019678 0.037197
4 0.812759 0.658560 0.051807 0.047080
34 0.597720 0.249302 0.073779 0.045225
34 0.538359 0.180781 0.075293 0.046152
34 0.528989 0.453027 0.060967 0.044453
34 0.587085 0.875269 0.059639 0.045986
0 0.201880 0.397607 0.038115 0.020645
34 0.365400 0.612783 0.030215 0.019316
34 0.768188 0.551372 0.059072 0.039150
34 0.680762 0.708115 0.058164 0.043867
5 0.965889 0.766323 0.025156 0.044014
34 0.969502 0.727827 0.058691 0.039053
34 0.780625 0.802334 0.056895 0.036855
34 0.841387 0.802183 0.057832 0.037334
3 0.682417 0.755718 0.050615 0.049463
3 0.682544 0.658501 0.050479 0.047510
