34 0.503516 0.203096 0.199277 0.115762
33 0.670190 0.196001 0.124502 0.080654
34 0.321235 0.963408 0.274170 0.073184
34 0.706997 0.686567 0.204307 0.106455
34 0.711836 0.564521 0.203223 0.118281
0 0.125864 0.267217 0.042900 0.086367
6 0.312637 0.893838 0.084688 0.070762
33 0.889155 0.680605 0.124619 0.080352
33 0.889214 0.551396 0.124053 0.078145
34 0.851626 0.843975 0.201455 0.115918
34 0.049937 0.267544 0.099795 0.114873
33 0.978672 0.840576 0.042656 0.080410
34 0.090566 0.570859 0.181094 0.126270
