6 0.513096 0.251953 0.014043 0.012129
34 0.398325 0.022383 0.162158 0.044531
34 0.430508 0.900205 0.125840 0.050977
34 0.969380 0.484014 0.061240 0.068848
34 0.925894 0.385884 0.147510 0.129580
34 0.632417 0.202739 0.104736 0.065908
34 0.744956 0.167168 0.032275 0.074727
34 0.971006 0.288848 0.057988 0.068691
34 0.607979 0.098711 0.104355 0.065156
34 0.446528 0.483926 0.102822 0.065645
34 0.449053 0.289893 0.102559 0.066484
34 0.613022 0.599365 0.102686 0.066641
34 0.393887 0.384414 0.166777 0.124844
0 0.509429 0.483779 0.019209 0.034316
0 0.543872 0.600835 0.030771 0.054365
21 0.510366 0.526226 0.020791 0.030947
15 0.540371 0.203047 0.063086 0.063203
0 0.513066 0.285850 0.020098 0.034922
0 0.540425 0.099292 0.029248 0.052510
