34 0.041599 0.339443 0.078316 0.047207
35 0.309529 0.465293 0.130505 0.037129
34 0.469655 0.623921 0.056347 0.049170
34 0.042054 0.039307 0.084108 0.045723
35 0.349714 0.246367 0.153838 0.037148
34 0.301785 0.420088 0.264714 0.054824
34 0.212231 0.323955 0.182879 0.054512
34 0.059453 0.422349 0.118906 0.052783
34 0.086675 0.203179 0.167997 0.053896
34 0.343636 0.199268 0.219832 0.055117
6 0.352955 0.300010 0.042643 0.025801
0 0.086692 0.246758 0.085438 0.033516
0 0.220606 0.368569 0.085623 0.032080
0 0.036852 0.463394 0.073704 0.030107
