34 0.089899 0.882700 0.179798 0.083018
0 0.683232 0.857881 0.047138 0.051152
34 0.081658 0.426060 0.160589 0.055752
34 0.309175 0.278345 0.116768 0.037822
34 0.158695 0.653418 0.181229 0.058457
34 0.638502 0.734785 0.071380 0.059473
34 0.788931 0.859668 0.168603 0.055566
33 0.343089 0.653052 0.169747 0.061221
34 0.371532 0.895024 0.069630 0.065439
34 0.667635 0.408003 0.271431 0.118389
34 0.696987 0.624487 0.280741 0.061279
0 0.201330 0.423135 0.062323 0.054668
21 0.674865 0.668906 0.082088 0.046738
12 0.413392 0.418022 0.188502 0.107588
