0 0.859243 0.487329 0.058232 0.034639
34 0.628447 0.169927 0.024336 0.038740
34 0.860918 0.441694 0.105078 0.058994
34 0.051816 0.238706 0.103477 0.032373
34 0.307544 0.169863 0.025654 0.037910
34 0.982690 0.143311 0.034619 0.059316
34 0.535361 0.053716 0.102383 0.059229
34 0.703379 0.900659 0.101895 0.059229
35 0.044546 0.274370 0.089092 0.040498
34 0.198247 0.471523 0.047393 0.025352
5 0.946445 0.971973 0.038086 0.056055
3 0.454175 0.052690 0.062217 0.060322
3 0.702915 0.959165 0.061904 0.060732
1 0.832896 0.972671 0.059990 0.035186
34 0.945210 0.920132 0.099775 0.054619
34 0.834575 0.930469 0.099873 0.054453
34 0.983354 0.405977 0.033291 0.059043
34 0.531279 0.832881 0.026230 0.039414
34 0.451851 0.835537 0.025459 0.045449
