17 0.556836 0.154858 0.090488 0.093975
17 0.783052 0.154277 0.092803 0.090488
21 0.607876 0.077134 0.034795 0.040596
6 0.847432 0.422842 0.026680 0.029004
0 0.847017 0.463447 0.026221 0.045508
34 0.467324 0.940923 0.029473 0.052568
34 0.486216 0.359116 0.109463 0.064287
34 0.917656 0.461479 0.107871 0.064932
34 0.342061 0.096372 0.109492 0.064639
34 0.139897 0.194951 0.111143 0.067441
34 0.673247 0.032417 0.108311 0.062881
34 0.615156 0.728911 0.107031 0.066025
34 0.370151 0.729814 0.108545 0.066270
34 0.415400 0.633950 0.107578 0.065146
34 0.413262 0.823213 0.108301 0.067578
34 0.608486 0.915635 0.108633 0.065957
33 0.247607 0.397368 0.061660 0.045361
34 0.899302 0.033247 0.107295 0.063662
34 0.097603 0.102417 0.110342 0.067939
34 0.335332 0.396772 0.110020 0.065146
34 0.945776 0.358936 0.108369 0.065098
33 0.247231 0.483667 0.061104 0.044854
34 0.672129 0.155557 0.122773 0.107363
34 0.335532 0.488071 0.110322 0.065830
34 0.711172 0.358135 0.108047 0.062754
33 0.519863 0.915962 0.060605 0.043369
34 0.608228 0.977065 0.108877 0.045752
34 0.446191 0.154585 0.121836 0.109697
33 0.520107 0.979302 0.061738 0.041396
34 0.905742 0.155498 0.123223 0.108516
34 0.136558 0.014136 0.110186 0.028037
34 0.015073 0.991650 0.030146 0.016582
0 0.487290 0.825005 0.032373 0.057822
21 0.830610 0.078081 0.031006 0.037100
0 0.604575 0.029873 0.027041 0.046348
0 0.215093 0.196265 0.032959 0.057939
0 0.487612 0.635737 0.033564 0.058018
0 0.782900 0.356768 0.030918 0.055996
0 0.556650 0.357031 0.029609 0.055469
0 0.269604 0.096851 0.032178 0.057607
0 0.541367 0.728677 0.033105 0.059775
0 0.830449 0.030142 0.026660 0.046455
4 0.468081 0.727192 0.083330 0.081143
4 0.195376 0.098281 0.081982 0.081738
