34 0.975049 0.207383 0.049902 0.052559
34 0.479482 0.534307 0.030781 0.047363
34 0.958008 0.630513 0.083828 0.055166
0 0.499165 0.380596 0.039736 0.060742
5 0.761743 0.285122 0.057510 0.034189
3 0.577310 0.870972 0.057100 0.051592
0 0.761885 0.066768 0.039199 0.060957
0 0.852388 0.497139 0.040146 0.060840
0 0.605586 0.971777 0.019160 0.030879
0 0.393506 0.529253 0.037402 0.059951
34 0.192969 0.975249 0.282793 0.049502
33 0.248882 0.065010 0.052686 0.039785
35 0.563398 0.781680 0.040859 0.081719
33 0.731782 0.643823 0.055029 0.037920
33 0.251392 0.178315 0.049053 0.037256
34 0.197603 0.904927 0.305342 0.055830
34 0.126855 0.129858 0.033320 0.047939
33 0.731484 0.485166 0.056914 0.037910
34 0.832847 0.853789 0.033115 0.047070
34 0.832290 0.352612 0.034365 0.047412
33 0.731821 0.562446 0.056045 0.036709
33 0.251187 0.123335 0.049424 0.036924
33 0.885420 0.779160 0.060449 0.037813
33 0.885337 0.627583 0.060205 0.037334
33 0.885459 0.702104 0.060840 0.036572
34 0.203306 0.473511 0.032666 0.048311
34 0.925811 0.497310 0.105762 0.055967
34 0.671680 0.784321 0.169531 0.058584
34 0.659575 0.870698 0.110752 0.056299
34 0.331763 0.182544 0.106260 0.052568
34 0.959028 0.704058 0.081787 0.054658
34 0.692578 0.063843 0.104961 0.055088
34 0.322900 0.530029 0.104551 0.053477
34 0.331543 0.123086 0.104902 0.051504
34 0.371997 0.345977 0.033018 0.048887
34 0.648730 0.564028 0.106719 0.055947
34 0.645752 0.484883 0.106152 0.055859
34 0.685083 0.285908 0.105537 0.054961
34 0.331157 0.065493 0.106572 0.054287
34 0.669326 0.971343 0.106523 0.054248
34 0.650376 0.644302 0.106689 0.054814
34 0.574746 0.381675 0.114629 0.056143
34 0.033789 0.843242 0.067578 0.055957
34 0.958853 0.781299 0.082295 0.054707
