34 0.343140 0.373687 0.037041 0.076595
34 0.822700 0.163360 0.138057 0.074183
21 0.560405 0.313134 0.056416 0.079572
34 0.719023 0.545603 0.063418 0.040541
34 0.638018 0.232993 0.126191 0.072661
35 0.937856 0.161246 0.087705 0.047114
34 0.159097 0.029166 0.252861 0.058331
34 0.276807 0.156257 0.031777 0.052108
0 0.361401 0.238360 0.033193 0.073653
34 0.575161 0.384820 0.279854 0.073089
0 0.561499 0.230936 0.023154 0.049560
22 0.959922 0.040823 0.079395 0.081646
34 0.986104 0.234453 0.027793 0.070485
34 0.983984 0.118444 0.032031 0.066629
34 0.972861 0.464487 0.054277 0.041939
34 0.434595 0.236454 0.115186 0.073202
