2 0.807412 0.356714 0.067285 0.048721
2 0.506553 0.630547 0.059766 0.035527
3 0.803418 0.462739 0.061426 0.058252
34 0.133296 0.988521 0.065244 0.022686
34 0.349009 0.988442 0.066260 0.023037
34 0.056533 0.170029 0.065059 0.049922
34 0.599351 0.356733 0.068213 0.049619
34 0.972358 0.989487 0.053467 0.020869
34 0.487764 0.963945 0.068086 0.048438
34 0.138721 0.259053 0.067500 0.050273
34 0.449028 0.439214 0.065635 0.047646
34 0.390000 0.458945 0.044648 0.025469
34 0.105200 0.392280 0.065654 0.049053
34 0.491885 0.356250 0.066895 0.048555
34 0.374175 0.159463 0.065752 0.047969
34 0.321792 0.392207 0.067275 0.050098
34 0.034702 0.224419 0.066221 0.046338
34 0.141914 0.614175 0.037656 0.024072
34 0.586543 0.964146 0.067344 0.047412
34 0.041890 0.855728 0.066396 0.048506
34 0.379644 0.665107 0.064600 0.048398
34 0.056006 0.799736 0.065254 0.050625
34 0.224922 0.576099 0.066211 0.048721
34 0.098672 0.503833 0.065645 0.046025
34 0.794604 0.933193 0.068291 0.047910
34 0.298589 0.522490 0.115400 0.058984
34 0.959141 0.107051 0.040293 0.024258
34 0.212866 0.315493 0.067744 0.048740
34 0.555708 0.440610 0.065674 0.046729
34 0.164458 0.893081 0.066865 0.051025
34 0.713105 0.441089 0.067949 0.046670
34 0.241787 0.924819 0.068027 0.049541
34 0.057051 0.592583 0.063340 0.047295
34 0.808354 0.317676 0.067510 0.048457
34 0.697725 0.954204 0.040137 0.027100
34 0.369175 0.775811 0.066201 0.047461
34 0.506084 0.694702 0.066875 0.047021
34 0.506826 0.087227 0.066211 0.046738
34 0.895073 0.339355 0.038643 0.026387
33 0.213984 0.360762 0.074199 0.041934
33 0.241406 0.969360 0.060215 0.044092
34 0.193018 0.718823 0.311836 0.031182
15 0.224741 0.630503 0.056631 0.058330
34 0.206602 0.107827 0.303047 0.023369
34 0.976162 0.418052 0.047676 0.100068
33 0.104292 0.887144 0.041104 0.040537
34 0.506689 0.590303 0.065312 0.048359
33 0.490327 0.399229 0.040166 0.037441
33 0.099067 0.550737 0.039404 0.049443
34 0.895293 0.439282 0.068125 0.046240
33 0.598647 0.400718 0.039424 0.040479
34 0.804507 0.411187 0.067002 0.045713
33 0.082100 0.256768 0.038594 0.039336
0 0.147905 0.391733 0.019717 0.034736
0 0.040464 0.888320 0.036279 0.019043
0 0.034028 0.255811 0.036807 0.018125
0 0.417510 0.771675 0.019375 0.036143
0 0.099795 0.592319 0.020117 0.036182
0 0.277036 0.391719 0.019287 0.035059
0 0.427656 0.661050 0.019355 0.035342
0 0.490791 0.439834 0.019258 0.035273
0 0.417407 0.159292 0.018838 0.035713
21 0.418389 0.816123 0.033105 0.035391
0 0.711128 0.478125 0.057178 0.032266
0 0.597983 0.441021 0.019111 0.035205
21 0.427915 0.703823 0.030908 0.031924
18 0.058965 0.433760 0.057617 0.029121
2 0.794028 0.973345 0.054893 0.031826
2 0.507178 0.732095 0.055996 0.033018
21 0.419316 0.203564 0.032402 0.035781
2 0.505205 0.125273 0.059160 0.038281
2 0.895576 0.475049 0.067285 0.034805
22 0.216924 0.480264 0.085840 0.093965
