34 0.357324 0.875947 0.075215 0.045723
35 0.380117 0.527437 0.033184 0.071553
35 0.963853 0.680151 0.072295 0.042002
33 0.535937 0.755337 0.037852 0.031631
33 0.536719 0.803047 0.038379 0.033711
33 0.414858 0.810049 0.035264 0.030078
34 0.750527 0.688062 0.077832 0.086299
34 0.408164 0.416050 0.032969 0.020576
34 0.853970 0.019600 0.033662 0.017754
34 0.953857 0.377104 0.088457 0.050322
34 0.805767 0.085215 0.030576 0.017891
34 0.629697 0.622515 0.073945 0.045557
34 0.971338 0.497808 0.057324 0.043643
34 0.948486 0.638208 0.102891 0.045068
34 0.354751 0.110420 0.074912 0.045273
34 0.686450 0.030923 0.073662 0.046631
34 0.357192 0.923701 0.075752 0.045605
34 0.593726 0.751074 0.072900 0.044824
34 0.357461 0.809146 0.077305 0.048096
34 0.356943 0.237920 0.073945 0.045781
34 0.330586 0.464331 0.078574 0.046045
34 0.356602 0.287505 0.076016 0.046045
34 0.786475 0.571973 0.072871 0.043926
34 0.594995 0.800820 0.067822 0.046152
34 0.370010 0.582847 0.131426 0.040576
34 0.707163 0.572134 0.073701 0.043486
34 0.357168 0.063252 0.075215 0.045684
0 0.404165 0.063521 0.017158 0.030127
9 0.635015 0.667148 0.041162 0.051211
21 0.402778 0.956011 0.021787 0.022764
21 0.404097 0.317749 0.029111 0.027100
0 0.404580 0.108506 0.018828 0.030547
0 0.403325 0.239492 0.017158 0.029707
0 0.404370 0.284897 0.018408 0.030967
0 0.378848 0.463589 0.017578 0.030127
0 0.476895 0.778608 0.034355 0.021338
0 0.402568 0.922197 0.022422 0.032187
0 0.734175 0.031011 0.027197 0.041846
3 0.713638 0.615518 0.038447 0.042832
3 0.747402 0.667876 0.049082 0.044385
4 0.777524 0.618638 0.044854 0.041963
21 0.403091 0.141045 0.029111 0.025098
0 0.403472 0.875176 0.019170 0.032187
