35 0.282725 0.550762 0.034844 0.082383
35 0.073818 0.275527 0.086367 0.039883
34 0.186357 0.344707 0.130078 0.043848
35 0.974971 0.554722 0.037070 0.081982
34 0.185479 0.415889 0.131504 0.043496
34 0.536875 0.373140 0.035762 0.021865
34 0.960327 0.921597 0.079268 0.046963
34 0.543521 0.971987 0.072471 0.042881
34 0.597612 0.630010 0.076885 0.045273
34 0.692607 0.921230 0.074941 0.044258
34 0.141841 0.972080 0.069072 0.043516
34 0.477036 0.350220 0.083350 0.044346
34 0.724678 0.612837 0.077715 0.046084
34 0.184878 0.726514 0.037002 0.024199
34 0.462134 0.682349 0.076963 0.044092
34 0.410581 0.972480 0.071709 0.042715
34 0.590264 0.727388 0.036855 0.022451
34 0.026001 0.948618 0.051221 0.046299
34 0.978687 0.812476 0.035205 0.023838
34 0.066997 0.656953 0.082080 0.046074
34 0.906440 0.649507 0.081865 0.043174
34 0.330957 0.675015 0.078047 0.045635
34 0.962773 0.612026 0.024160 0.035693
34 0.591567 0.681206 0.077588 0.044580
35 0.551016 0.551030 0.033652 0.083096
34 0.022041 0.855518 0.044082 0.047422
35 0.073887 0.415474 0.085215 0.041162
35 0.245327 0.550190 0.034756 0.083154
34 0.523828 0.184604 0.079062 0.045439
34 0.958408 0.973628 0.081191 0.045400
34 0.629692 0.772021 0.041143 0.023359
34 0.848594 0.489023 0.122129 0.055645
34 0.414336 0.922104 0.071367 0.045225
34 0.679561 0.973394 0.071836 0.045811
34 0.012100 0.314990 0.024141 0.047363
34 0.955283 0.488257 0.089434 0.056240
34 0.769097 0.727065 0.082061 0.046318
34 0.524517 0.292495 0.076455 0.044619
34 0.185967 0.275771 0.131563 0.044785
34 0.149395 0.922231 0.075469 0.045186
35 0.074019 0.347139 0.086104 0.039336
34 0.788091 0.648652 0.072764 0.045605
34 0.353550 0.922910 0.023760 0.033828
35 0.676611 0.550581 0.036309 0.087334
35 0.512686 0.550361 0.035566 0.083437
35 0.074141 0.206611 0.084434 0.039336
35 0.378677 0.549751 0.035947 0.085205
35 0.340405 0.387529 0.086260 0.036914
34 0.012393 0.175845 0.024785 0.048916
35 0.637729 0.550498 0.037744 0.084258
35 0.153330 0.550688 0.034219 0.082764
34 0.012383 0.385630 0.024766 0.046748
35 0.117402 0.548984 0.035488 0.082988
34 0.527046 0.825103 0.019072 0.034111
34 0.012803 0.247881 0.025566 0.054062
34 0.220767 0.923828 0.022979 0.033262
34 0.298818 0.435947 0.042324 0.024590
1 0.577622 0.295840 0.032432 0.055273
0 0.062954 0.950020 0.017646 0.032187
0 0.577515 0.184951 0.032021 0.053203
0 0.097393 0.972217 0.018691 0.034160
0 0.675361 0.614199 0.017090 0.031445
0 0.118057 0.656758 0.019180 0.032715
0 0.478296 0.386875 0.054033 0.031465
0 0.638965 0.680791 0.017031 0.030723
0 0.909614 0.972363 0.017490 0.033730
0 0.415303 0.632930 0.019316 0.034844
0 0.378281 0.681211 0.016953 0.031055
0 0.246191 0.675083 0.017852 0.031514
0 0.549463 0.633003 0.017500 0.034502
0 0.512896 0.680913 0.017881 0.030732
0 0.738550 0.922915 0.017842 0.033369
0 0.282007 0.622534 0.015967 0.032783
0 0.820547 0.725508 0.017637 0.032402
0 0.199033 0.922695 0.017461 0.033340
0 0.600728 0.923105 0.018037 0.033262
3 0.966162 0.649004 0.038340 0.038887
0 0.331577 0.922671 0.017783 0.033564
0 0.773770 0.972300 0.019141 0.034736
0 0.635576 0.972280 0.017637 0.034502
0 0.875010 0.922988 0.017871 0.033945
0 0.463560 0.922866 0.019502 0.034053
0 0.153013 0.621616 0.015830 0.031357
0 0.498223 0.972490 0.018047 0.034238
0 0.234399 0.972383 0.018291 0.034492
0 0.366240 0.972197 0.018242 0.034746
3 0.844956 0.649219 0.037979 0.037969
21 0.819995 0.759185 0.028740 0.031475
34 0.085332 0.922983 0.023594 0.036104
34 0.329424 0.620767 0.080547 0.044053
34 0.450918 0.727969 0.036641 0.022910
34 0.335620 0.727305 0.036494 0.022520
34 0.197993 0.674346 0.072959 0.045605
34 0.773110 0.397715 0.037314 0.023770
34 0.841162 0.612305 0.023477 0.034570
34 0.201016 0.620840 0.080195 0.044453
34 0.185469 0.204907 0.131445 0.045713
34 0.287246 0.921934 0.069473 0.044805
34 0.817896 0.972339 0.073037 0.043447
34 0.554888 0.921851 0.073975 0.044678
35 0.415522 0.550532 0.036240 0.084912
34 0.333477 0.350264 0.086523 0.041250
34 0.463555 0.629878 0.076797 0.046201
34 0.275918 0.972061 0.068496 0.043027
34 0.300522 0.765454 0.021904 0.034561
34 0.829790 0.921367 0.072490 0.044082
35 0.854966 0.553984 0.037158 0.083457
