34 0.813306 0.345420 0.026455 0.045605
34 0.937739 0.324370 0.072314 0.075225
34 0.576401 0.630718 0.054170 0.026670
34 0.508242 0.351528 0.026465 0.046045
34 0.651582 0.105791 0.073145 0.048047
6 0.881470 0.552222 0.022686 0.015811
3 0.425396 0.538208 0.050869 0.056709
34 0.018564 0.408228 0.037109 0.028994
35 0.767461 0.978018 0.035859 0.043887
0 0.224087 0.268945 0.031162 0.053145
0 0.524180 0.267617 0.031309 0.054922
0 0.830039 0.267871 0.032285 0.055215
17 0.283105 0.554648 0.083027 0.086719
34 0.684790 0.246245 0.026982 0.054463
34 0.312637 0.324116 0.071680 0.071631
34 0.280107 0.475269 0.086270 0.076025
0 0.602007 0.107407 0.026221 0.045752
11 0.388950 0.327935 0.072549 0.070889
34 0.248394 0.143999 0.043740 0.025244
34 0.635127 0.483452 0.076445 0.050713
34 0.689824 0.610664 0.077266 0.049355
6 0.585356 0.552031 0.020791 0.016895
34 0.374268 0.245186 0.026035 0.054023
34 0.973340 0.810205 0.053320 0.050547
34 0.207461 0.351562 0.026367 0.045234
34 0.625557 0.323296 0.074395 0.070947
34 0.713589 0.791392 0.076514 0.048838
34 0.689116 0.695391 0.075146 0.048730
34 0.471294 0.266538 0.076865 0.049521
34 0.961719 0.107656 0.074766 0.051055
34 0.039292 0.641758 0.027881 0.055703
34 0.236274 0.107759 0.075146 0.047588
34 0.552310 0.106021 0.075479 0.046768
34 0.711411 0.901108 0.076436 0.049932
34 0.425186 0.482993 0.077871 0.048721
34 0.169658 0.265010 0.078457 0.049590
34 0.892871 0.697173 0.077773 0.049814
0 0.286816 0.108589 0.026504 0.047451
34 0.857085 0.105596 0.071924 0.046445
34 0.359893 0.538086 0.054414 0.025527
34 0.890088 0.611929 0.075605 0.047139
4 0.635112 0.538394 0.052432 0.057686
34 0.991011 0.243218 0.017979 0.053877
34 0.337705 0.107949 0.074980 0.049961
4 0.634663 0.631323 0.050264 0.057627
34 0.837402 0.484785 0.076543 0.048477
34 0.776460 0.265967 0.077842 0.048926
34 0.751743 0.686782 0.025830 0.043057
0 0.766426 0.901050 0.027715 0.048330
34 0.869302 0.143125 0.044619 0.025234
4 0.634629 0.715884 0.050293 0.057803
34 0.936831 0.534790 0.054326 0.026377
0 0.766611 0.791431 0.026777 0.047725
0 0.907568 0.107119 0.028086 0.048164
3 0.833481 0.716050 0.048701 0.055869
34 0.560737 0.715684 0.055088 0.027871
11 0.700942 0.325513 0.070967 0.071006
34 0.565317 0.142432 0.042393 0.024824
3 0.833477 0.632104 0.048262 0.056162
34 0.660093 0.016084 0.044463 0.025723
34 0.337378 0.016499 0.043291 0.026982
34 0.863979 0.832319 0.044990 0.026416
1 0.700781 0.107358 0.027813 0.049150
34 0.969448 0.016587 0.044521 0.027080
1 0.388350 0.108638 0.027539 0.049033
3 0.833599 0.538550 0.049639 0.056162
0 0.978213 0.849438 0.043574 0.034326
