5 0.426543 0.965444 0.063516 0.023076
6 0.816172 0.013291 0.024590 0.024922
1 0.878335 0.089185 0.029326 0.055205
34 0.168628 0.824531 0.160752 0.053066
34 0.426411 0.713008 0.160361 0.032148
34 0.202910 0.909976 0.086758 0.053447
34 0.200586 0.980166 0.089863 0.039668
34 0.352231 0.962656 0.087158 0.046484
6 0.442446 0.402358 0.020400 0.019092
35 0.425811 0.777427 0.039785 0.092471
35 0.164521 0.750005 0.037637 0.091396
34 0.487031 0.908042 0.093359 0.048037
34 0.542227 0.989849 0.094512 0.020303
3 0.037642 0.414600 0.063193 0.052832
3 0.861475 0.414111 0.068262 0.052246
34 0.192646 0.422305 0.093359 0.048809
34 0.274375 0.323921 0.094121 0.049580
34 0.379541 0.322754 0.092188 0.048809
34 0.150815 0.601030 0.029053 0.042998
34 0.360366 0.506729 0.058486 0.024824
34 0.229634 0.670400 0.093740 0.049199
3 0.861704 0.283560 0.056221 0.056123
5 0.170898 0.357715 0.027344 0.059766
34 0.621440 0.164912 0.040674 0.029043
33 0.913696 0.247690 0.058877 0.037959
33 0.091528 0.248369 0.060264 0.040176
0 0.353633 0.153979 0.038457 0.023232
0 0.277427 0.358457 0.039912 0.019961
0 0.137905 0.423047 0.019229 0.038105
21 0.432998 0.433481 0.061504 0.084404
1 0.054839 0.090762 0.033994 0.055352
3 0.037876 0.286816 0.065850 0.052734
15 0.879414 0.213276 0.042871 0.043193
34 0.096196 0.445742 0.041455 0.027500
34 0.015464 0.212559 0.030928 0.050742
34 0.097939 0.343247 0.044160 0.026338
34 0.173472 0.303735 0.091416 0.047256
34 0.168242 0.244688 0.086387 0.050000
34 0.349907 0.118042 0.094131 0.049189
34 0.030156 0.029922 0.041836 0.024785
34 0.143452 0.137798 0.045322 0.028271
34 0.239512 0.118623 0.092578 0.048027
34 0.119048 0.091699 0.091025 0.048418
34 0.955337 0.957217 0.084834 0.057285
34 0.911758 0.789707 0.127051 0.032148
34 0.961885 0.639023 0.076230 0.050742
34 0.896265 0.546646 0.027881 0.036416
34 0.918926 0.444561 0.044551 0.027539
34 0.984736 0.419751 0.030527 0.047646
5 0.991514 0.359131 0.016973 0.061973
34 0.974277 0.302808 0.051445 0.049189
34 0.919507 0.342490 0.047256 0.024746
34 0.779478 0.414541 0.091025 0.048770
34 0.647393 0.452324 0.092578 0.048418
34 0.650879 0.397515 0.091797 0.053447
34 0.780645 0.286733 0.087930 0.051123
34 0.809111 0.211396 0.093730 0.053066
34 0.972729 0.246060 0.054541 0.049580
0 0.238604 0.153613 0.040645 0.023223
0 0.166484 0.670610 0.022051 0.038154
0 0.909072 0.637212 0.024082 0.042139
0 0.824424 0.097705 0.021816 0.037617
0 0.958735 0.421260 0.021064 0.040625
0 0.377905 0.358062 0.039834 0.018271
0 0.594297 0.396318 0.020332 0.036328
0 0.593486 0.452563 0.019785 0.038760
34 0.965991 0.136787 0.040283 0.027891
34 0.940034 0.087612 0.091416 0.049541
34 0.765151 0.098057 0.093350 0.055781
34 0.851914 0.031255 0.039902 0.025986
35 0.910225 0.727427 0.036562 0.093545
15 0.056787 0.211382 0.045527 0.038213
4 0.270791 0.982461 0.048359 0.035078
3 0.403521 0.910103 0.066885 0.059209
3 0.269146 0.912842 0.048350 0.038379
