0 0.757456 0.429888 0.027295 0.050381
34 0.773140 0.056523 0.167393 0.085195
34 0.930635 0.430913 0.129590 0.061201
35 0.759683 0.177964 0.051611 0.149463
33 0.472051 0.937104 0.061289 0.065596
33 0.714521 0.319902 0.083867 0.059141
34 0.666641 0.433906 0.136797 0.068398
34 0.590444 0.318716 0.148799 0.043193
34 0.966816 0.057720 0.066367 0.086396
34 0.606348 0.726401 0.140996 0.073799
33 0.717192 0.716890 0.074229 0.063877
34 0.598545 0.948091 0.140996 0.056396
34 0.985117 0.775298 0.029766 0.052803
34 0.737144 0.774697 0.030596 0.054004
17 0.883550 0.958901 0.083252 0.080049
