6 0.035469 0.382920 0.023242 0.028086
6 0.322808 0.761963 0.025947 0.021758
6 0.161489 0.829961 0.016318 0.015488
34 0.486465 0.168765 0.078105 0.046807
34 0.225073 0.164800 0.024990 0.049834
34 0.765122 0.089453 0.184893 0.032676
34 0.301680 0.594839 0.029492 0.050947
34 0.217524 0.851914 0.027373 0.044473
34 0.016636 0.164746 0.026787 0.049844
34 0.356411 0.110620 0.042646 0.026318
34 0.303403 0.144771 0.041729 0.025713
34 0.550640 0.839150 0.082236 0.046133
34 0.095459 0.345635 0.086152 0.046094
34 0.555547 0.432930 0.081504 0.045059
34 0.195610 0.756094 0.091084 0.049492
34 0.651392 0.687080 0.027529 0.043418
33 0.359141 0.664902 0.065645 0.042500
34 0.552729 0.705537 0.082314 0.045996
34 0.441377 0.663926 0.088848 0.050137
34 0.308657 0.345894 0.088916 0.046631
34 0.302466 0.849790 0.026279 0.047705
34 0.441299 0.724424 0.088457 0.050488
34 0.423442 0.482095 0.096279 0.059365
34 0.541431 0.770493 0.083506 0.047861
34 0.013965 0.567974 0.027930 0.049932
33 0.285312 0.261001 0.075293 0.041318
33 0.076318 0.260825 0.076465 0.042373
34 0.832285 0.444834 0.084434 0.045840
34 0.720850 0.774722 0.082754 0.049248
34 0.300308 0.215288 0.070615 0.046553
34 0.964253 0.440718 0.071338 0.047568
34 0.097144 0.143774 0.042607 0.028408
34 0.512480 0.511147 0.047949 0.028525
34 0.091567 0.214917 0.071182 0.046846
34 0.902524 0.512295 0.049678 0.025605
3 0.831201 0.509619 0.082324 0.084336
1 0.424878 0.526724 0.060752 0.030752
14 0.610420 0.769053 0.044180 0.056230
0 0.609814 0.836318 0.026152 0.049863
13 0.214087 0.339888 0.033896 0.040596
4 0.963345 0.508008 0.073311 0.089355
21 0.160620 0.841846 0.040166 0.047188
6 0.719858 0.531104 0.026104 0.036152
6 0.244453 0.106406 0.027109 0.030117
4 0.483413 0.107407 0.081318 0.087354
0 0.610054 0.705342 0.026631 0.048418
0 0.197632 0.796846 0.048740 0.028574
0 0.665015 0.773374 0.027119 0.051807
3 0.612329 0.108511 0.082334 0.085342
6 0.244175 0.215942 0.022100 0.023154
6 0.243633 0.302388 0.022461 0.026768
6 0.244175 0.384126 0.019932 0.025322
6 0.242905 0.407993 0.019561 0.029658
6 0.034985 0.106694 0.021299 0.019854
6 0.034502 0.216846 0.023242 0.025176
6 0.034985 0.303516 0.024209 0.027109
6 0.034258 0.407861 0.020820 0.027598
0 0.243271 0.343325 0.030605 0.056162
0 0.033911 0.343325 0.030205 0.052295
13 0.008823 0.337515 0.017646 0.042217
35 0.760762 0.127964 0.105371 0.047314
34 0.303877 0.711670 0.024766 0.049863
34 0.096968 0.300400 0.041260 0.025703
34 0.046206 0.094175 0.092100 0.044561
34 0.595376 0.588633 0.026787 0.043340
34 0.221079 0.567378 0.029189 0.052354
34 0.014600 0.259556 0.028262 0.048896
34 0.224580 0.257437 0.025488 0.049912
34 0.612310 0.169712 0.078682 0.044482
34 0.306133 0.300068 0.041211 0.025703
33 0.555928 0.491108 0.042832 0.067451
33 0.359712 0.723682 0.065557 0.042422
