4 0.730957 0.500195 0.038672 0.047852
5 0.906309 0.840674 0.065117 0.028418
34 0.701562 0.833203 0.029785 0.061582
33 0.853232 0.755381 0.047305 0.063438
33 0.974727 0.247012 0.050547 0.037324
34 0.717080 0.978481 0.115039 0.043037
15 0.942012 0.212305 0.043711 0.040234
6 0.879165 0.012378 0.020771 0.022314
35 0.359150 0.630117 0.102148 0.038711
34 0.444150 0.666646 0.029434 0.042998
34 0.582666 0.981387 0.115820 0.037227
34 0.455620 0.918228 0.204131 0.059658
34 0.380430 0.777231 0.085605 0.049580
34 0.376558 0.722617 0.084834 0.052676
34 0.849937 0.698018 0.091025 0.048418
34 0.979878 0.702280 0.040244 0.049189
34 0.970386 0.843662 0.059229 0.051523
34 0.701177 0.745469 0.088740 0.046484
34 0.700190 0.695308 0.090635 0.049189
34 0.627173 0.772583 0.056162 0.029443
3 0.626411 0.501772 0.038975 0.049580
34 0.359712 0.586660 0.209170 0.051133
3 0.680078 0.614526 0.051367 0.062354
34 0.679312 0.557412 0.088311 0.048418
34 0.623491 0.452056 0.089092 0.049189
34 0.677725 0.496016 0.043379 0.027891
34 0.727925 0.452056 0.088701 0.049971
34 0.845288 0.433652 0.084053 0.053457
34 0.979297 0.463286 0.041406 0.026729
34 0.980845 0.360835 0.038311 0.028662
34 0.924111 0.358315 0.023242 0.053838
35 0.910225 0.959683 0.040859 0.080635
35 0.717207 0.911294 0.039785 0.091396
35 0.591406 0.910757 0.044082 0.092471
35 0.460762 0.845708 0.043008 0.091396
34 0.846431 0.287236 0.087197 0.052676
34 0.874883 0.210352 0.089082 0.053066
34 0.913462 0.033716 0.039893 0.025186
34 0.829565 0.102085 0.085986 0.052686
3 0.445991 0.723271 0.053135 0.038613
3 0.922153 0.433154 0.064678 0.052051
1 0.941733 0.102554 0.030186 0.056064
6 0.757881 0.657988 0.016621 0.018281
0 0.759009 0.748149 0.021318 0.036455
0 0.758022 0.694683 0.020869 0.038721
0 0.887310 0.101025 0.020869 0.037949
3 0.925947 0.286230 0.065684 0.056641
5 0.458105 0.774951 0.063477 0.023145
