35 0.582886 0.126150 0.085205 0.042762
34 0.225459 0.357046 0.025078 0.055333
35 0.776113 0.505000 0.087930 0.044837
34 0.903564 0.488596 0.042578 0.026685
34 0.030063 0.357959 0.060127 0.114070
34 0.585947 0.091522 0.070078 0.028365
35 0.401147 0.241640 0.040166 0.102920
33 0.854316 0.090372 0.035410 0.062638
34 0.015923 0.098703 0.031846 0.106900
33 0.832324 0.237576 0.038008 0.045299
0 0.401436 0.155130 0.022988 0.045389
1 0.101851 0.168540 0.028291 0.060462
0 0.241323 0.218890 0.023291 0.049278
0 0.401421 0.097368 0.022314 0.044791
6 0.160425 0.035598 0.032744 0.031060
34 0.087998 0.232187 0.024805 0.052063
34 0.352300 0.155107 0.076045 0.045389
34 0.290210 0.015581 0.054307 0.026381
34 0.831650 0.189961 0.080566 0.048557
34 0.155576 0.168563 0.073711 0.047903
34 0.779458 0.455017 0.159951 0.058647
34 0.288022 0.218929 0.073193 0.047847
34 0.800396 0.074324 0.071436 0.053720
34 0.402983 0.319803 0.161924 0.056990
34 0.681426 0.106708 0.043965 0.026832
34 0.352280 0.097954 0.076787 0.049391
34 0.986768 0.315592 0.025566 0.048501
