34 0.395430 0.923882 0.047500 0.031553
33 0.212681 0.843286 0.062549 0.041318
33 0.026504 0.977427 0.052988 0.044990
34 0.393301 0.981841 0.048809 0.034404
34 0.480977 0.814629 0.144141 0.054688
33 0.026265 0.087378 0.052529 0.045186
34 0.955288 0.612612 0.049990 0.032393
34 0.222217 0.725259 0.082422 0.042510
35 0.470635 0.737690 0.046055 0.104131
34 0.700005 0.627896 0.041826 0.030107
34 0.416211 0.170996 0.049258 0.030625
34 0.398765 0.572578 0.049971 0.031914
34 0.641030 0.495752 0.032275 0.047031
34 0.222212 0.805776 0.082959 0.038076
34 0.148604 0.310571 0.087344 0.049795
33 0.212544 0.766772 0.062510 0.040400
34 0.796548 0.787666 0.102295 0.060039
33 0.308174 0.317939 0.066211 0.046016
34 0.155317 0.710581 0.029209 0.055850
34 0.331040 0.797734 0.103350 0.058008
34 0.727603 0.332144 0.101982 0.059541
34 0.398486 0.319321 0.103047 0.059600
34 0.339673 0.007231 0.051709 0.014463
34 0.040864 0.311938 0.081689 0.050068
34 0.072954 0.366450 0.032998 0.049287
34 0.042207 0.517217 0.060352 0.030625
34 0.790918 0.584639 0.100273 0.057285
34 0.340557 0.460156 0.102598 0.058848
34 0.815874 0.970869 0.103232 0.057812
34 0.073550 0.639238 0.102119 0.057344
34 0.339404 0.884746 0.049980 0.030566
34 0.340542 0.663701 0.102744 0.058281
34 0.534502 0.646699 0.092031 0.057285
33 0.884673 0.790527 0.063662 0.045332
34 0.177866 0.204575 0.121963 0.092471
34 0.544868 0.551108 0.104756 0.057842
34 0.410127 0.038076 0.048652 0.029902
34 0.184702 0.365542 0.030596 0.049424
34 0.253911 0.540430 0.031729 0.058555
0 0.547197 0.591592 0.040391 0.022285
0 0.730771 0.584375 0.020625 0.038594
0 0.659263 0.331660 0.030713 0.055684
0 0.091377 0.311572 0.023086 0.039277
0 0.271255 0.665698 0.033584 0.058975
0 0.392466 0.798809 0.023857 0.040625
21 0.863521 0.584648 0.041436 0.048477
0 0.471162 0.647222 0.033047 0.058350
0 0.989053 0.736250 0.021797 0.039336
21 0.985190 0.802070 0.029619 0.052949
21 0.202783 0.426738 0.042363 0.052852
6 0.863154 0.569214 0.019824 0.018857
6 0.090723 0.536064 0.027090 0.021309
6 0.142554 0.533901 0.028174 0.019150
6 0.088916 0.753145 0.028535 0.023477
6 0.114561 0.753506 0.026367 0.025645
6 0.141289 0.753145 0.027090 0.027090
6 0.392441 0.736367 0.030703 0.027715
6 0.116128 0.534458 0.032744 0.022607
21 0.091553 0.426665 0.041895 0.052100
0 0.008970 0.631597 0.017939 0.062451
21 0.600479 0.639023 0.039727 0.051582
3 0.161680 0.639814 0.072891 0.065508
0 0.203076 0.311416 0.022383 0.039590
4 0.903384 0.966870 0.070967 0.066260
4 0.254678 0.460474 0.069102 0.066904
