34 0.913076 0.725093 0.033320 0.049971
34 0.642319 0.775454 0.209170 0.054619
35 0.806997 0.969897 0.107529 0.051611
35 0.809146 0.774736 0.109678 0.046230
35 0.681187 0.880649 0.109678 0.049463
35 0.809146 0.560757 0.107529 0.050537
34 0.725791 0.299785 0.117363 0.055391
35 0.682266 0.461836 0.105371 0.052695
35 0.721509 0.351079 0.108604 0.046240
35 0.343560 0.195171 0.049463 0.108604
34 0.544902 0.666992 0.148359 0.083281
34 0.082017 0.373770 0.079404 0.119688
34 0.068462 0.460347 0.053076 0.033311
34 0.172466 0.492490 0.078252 0.115430
34 0.266587 0.311411 0.075146 0.121240
34 0.340186 0.109209 0.177402 0.060039
34 0.435283 0.292427 0.085605 0.052295
34 0.500938 0.331553 0.048027 0.032148
34 0.590415 0.248271 0.085986 0.053066
35 0.677964 0.669897 0.107529 0.049463
34 0.545869 0.458794 0.148750 0.092959
34 0.811396 0.414058 0.099551 0.058486
34 0.643096 0.565894 0.213047 0.059268
34 0.801328 0.626128 0.094902 0.055771
34 0.914819 0.513213 0.030596 0.048418
6 0.340498 0.723755 0.028691 0.041514
0 0.807256 0.459155 0.053711 0.027217
0 0.805444 0.671616 0.052979 0.032666
0 0.805439 0.882808 0.050078 0.033389
5 0.339526 0.307241 0.059033 0.029521
0 0.101729 0.735371 0.030234 0.052480
0 0.101309 0.605845 0.030234 0.052061
0 0.021885 0.378301 0.034102 0.054824
34 0.039990 0.607339 0.073594 0.114268
34 0.228628 0.620317 0.084443 0.119307
34 0.037812 0.737881 0.075625 0.117363
34 0.224175 0.988340 0.081729 0.023320
34 0.049482 0.969360 0.087148 0.061279
34 0.321401 0.953633 0.032920 0.055391
34 0.323335 0.841494 0.028271 0.048027
34 0.268525 0.778740 0.074375 0.120078
5 0.101758 0.518262 0.054297 0.037695
5 0.339648 0.775195 0.061133 0.034375
5 0.437075 0.349277 0.040303 0.052461
3 0.591914 0.325049 0.073867 0.088965
6 0.341401 0.899180 0.032412 0.039375
21 0.104312 0.822290 0.048389 0.052197
3 0.319590 0.617886 0.096602 0.080049
34 0.643481 0.971875 0.209951 0.056250
34 0.540835 0.876162 0.146416 0.087930
34 0.914043 0.924385 0.032148 0.052676
