0 0.557251 0.871289 0.021162 0.041816
34 0.864077 0.836006 0.058799 0.041348
0 0.530088 0.888501 0.022773 0.042119
34 0.604663 0.870444 0.066924 0.043643
34 0.967891 0.656621 0.064219 0.040566
34 0.484927 0.887573 0.064326 0.041982
34 0.981899 0.708931 0.036201 0.042666
35 0.558628 0.805059 0.030303 0.071816
35 0.664404 0.709941 0.030977 0.073008
4 0.810757 0.836567 0.046240 0.043018
35 0.777241 0.710298 0.031924 0.071963
34 0.761113 0.858081 0.039492 0.025693
34 0.493394 0.986841 0.068623 0.026260
34 0.567251 0.986978 0.066709 0.025811
35 0.938628 0.709551 0.031670 0.072852
34 0.722876 0.655830 0.123584 0.042734
34 0.723745 0.707456 0.064814 0.042178
34 0.545410 0.748403 0.158184 0.045537
