0 0.697856 0.616929 0.019443 0.036904
34 0.414795 0.143193 0.026289 0.045762
34 0.594883 0.726299 0.038867 0.024941
33 0.910283 0.309678 0.065723 0.038984
34 0.588428 0.810283 0.037832 0.026582
34 0.215054 0.354023 0.064756 0.047363
33 0.330889 0.309307 0.064063 0.039102
34 0.516470 0.678135 0.024912 0.047617
35 0.690762 0.739897 0.071328 0.035693
34 0.964160 0.390200 0.022480 0.046729
34 0.618423 0.258022 0.216592 0.068682
34 0.072402 0.257100 0.144727 0.068320
34 0.236802 0.768501 0.037979 0.025010
34 0.794136 0.355972 0.064541 0.046084
35 0.688164 0.825493 0.065879 0.033252
34 0.794063 0.196313 0.064805 0.045635
34 0.946592 0.509302 0.039609 0.022666
34 0.236475 0.293657 0.064746 0.047021
34 0.328213 0.451499 0.063926 0.050186
34 0.214258 0.195562 0.063379 0.047510
34 0.683491 0.574761 0.025361 0.037412
34 0.074727 0.616646 0.064238 0.047939
34 0.923291 0.267109 0.065020 0.048301
34 0.345366 0.265234 0.065146 0.049629
34 0.816860 0.294805 0.065576 0.049160
34 0.107017 0.571636 0.024229 0.037549
34 0.909746 0.452437 0.064980 0.046826
21 0.432124 0.254048 0.035967 0.034795
20 0.091060 0.341055 0.182119 0.450117
21 0.118853 0.661021 0.044189 0.040439
0 0.117188 0.617261 0.019316 0.036084
0 0.287070 0.164370 0.019844 0.036650
34 0.874092 0.554854 0.066562 0.048379
0 0.918721 0.556240 0.018320 0.033633
0 0.739771 0.024365 0.019326 0.035273
21 0.919312 0.601343 0.030967 0.034932
0 0.213516 0.227837 0.034414 0.017783
0 0.286982 0.452822 0.019727 0.036504
0 0.867119 0.164419 0.019355 0.036396
0 0.213672 0.386909 0.036484 0.019131
0 0.793345 0.387134 0.036201 0.018291
0 0.793618 0.227832 0.034756 0.017910
0 0.867104 0.453071 0.019561 0.036064
21 0.698018 0.660928 0.033145 0.037734
21 0.739785 0.068711 0.030449 0.035859
20 0.621797 0.348594 0.290020 0.421113
34 0.908130 0.164858 0.063408 0.047588
34 0.782300 0.027344 0.065674 0.047949
34 0.329756 0.164814 0.063359 0.048418
34 0.653438 0.620840 0.063672 0.050391
