34 0.472432 0.726602 0.096836 0.057715
34 0.113159 0.137061 0.042998 0.031367
34 0.208643 0.117886 0.092969 0.049580
34 0.318071 0.118662 0.088701 0.045703
34 0.138726 0.245908 0.089482 0.049199
34 0.139692 0.302847 0.098389 0.051514
34 0.378105 0.861016 0.053066 0.029824
35 0.055918 0.727964 0.037637 0.090322
34 0.502251 0.901689 0.047256 0.027500
35 0.771514 0.787642 0.036563 0.093545
34 0.376172 0.945845 0.086387 0.052295
34 0.101348 0.956694 0.085996 0.052295
34 0.062100 0.790713 0.124199 0.034082
34 0.780176 0.849780 0.160742 0.040674
34 0.645186 0.647778 0.089082 0.054229
34 0.646733 0.582900 0.088311 0.053066
34 0.824722 0.687485 0.088701 0.051514
34 0.976177 0.589482 0.047646 0.028281
34 0.886309 0.445972 0.043770 0.027119
34 0.969399 0.420986 0.061201 0.048418
34 0.888247 0.342549 0.042217 0.027891
34 0.749771 0.415371 0.091416 0.052676
34 0.751123 0.287744 0.092578 0.055391
34 0.778818 0.210850 0.088320 0.050352
34 0.957002 0.244551 0.085996 0.048809
34 0.958550 0.303428 0.082900 0.054238
34 0.933955 0.138613 0.043770 0.025176
34 0.908584 0.090967 0.090645 0.051523
34 0.735630 0.096973 0.091807 0.055000
34 0.819302 0.029375 0.040674 0.027500
34 0.241597 0.322554 0.094111 0.051494
34 0.346470 0.323208 0.087842 0.056475
1 0.025176 0.088828 0.034102 0.057012
34 0.115488 0.637710 0.087930 0.050361
34 0.084692 0.088257 0.089092 0.049189
5 0.138682 0.357275 0.026543 0.058301
5 0.449707 0.946436 0.061914 0.023730
3 0.831201 0.285205 0.066699 0.054980
21 0.702051 0.733789 0.051758 0.065820
21 0.405366 0.442827 0.053369 0.065107
15 0.024839 0.212554 0.038604 0.039873
15 0.556714 0.724077 0.069404 0.066729
15 0.847710 0.212817 0.048486 0.041377
5 0.961943 0.358711 0.032285 0.063652
0 0.701733 0.652129 0.020322 0.038105
0 0.769229 0.690776 0.020313 0.039912
0 0.056973 0.636548 0.020391 0.041396
0 0.345137 0.356909 0.040977 0.020166
0 0.246289 0.356260 0.039668 0.021465
0 0.322373 0.155308 0.043574 0.022764
0 0.207920 0.154980 0.040977 0.019512
0 0.701914 0.583003 0.022129 0.037744
0 0.928530 0.423521 0.021045 0.040283
0 0.793540 0.097661 0.023955 0.037373
0 0.106362 0.423281 0.022490 0.037480
6 0.783843 0.011914 0.023076 0.023457
1 0.845562 0.088750 0.029326 0.057793
33 0.883442 0.247803 0.060928 0.037832
33 0.061475 0.247603 0.060508 0.037197
3 0.829453 0.413389 0.063711 0.054824
34 0.196831 0.554814 0.056943 0.025566
34 0.041504 0.545908 0.029824 0.038730
34 0.160610 0.420991 0.095283 0.049971
34 0.063970 0.445972 0.042998 0.027119
34 0.064741 0.343130 0.042998 0.029053
3 0.181978 0.957246 0.071377 0.054824
