34 0.022690 0.221416 0.023682 0.050195
34 0.576147 0.138315 0.202021 0.055225
34 0.613906 0.316567 0.099746 0.039932
34 0.416436 0.665146 0.098945 0.054121
34 0.397114 0.464956 0.101748 0.054678
34 0.641406 0.988711 0.103223 0.022578
35 0.584214 0.183936 0.095889 0.042148
34 0.763296 0.989258 0.085791 0.021484
34 0.478491 0.317261 0.100029 0.041885
33 0.070562 0.183320 0.060166 0.041035
34 0.462075 0.893140 0.045244 0.023604
34 0.011318 0.661450 0.022539 0.056357
34 0.673711 0.578994 0.164609 0.035957
34 0.608647 0.730054 0.043838 0.022588
3 0.128711 0.599941 0.060410 0.061445
6 0.037861 0.165112 0.017617 0.021006
15 0.037432 0.386475 0.053828 0.051191
13 0.713311 0.066431 0.041035 0.054346
0 0.458579 0.464619 0.019502 0.035859
0 0.357822 0.661729 0.018125 0.038145
21 0.457710 0.518184 0.034033 0.036816
21 0.765313 0.094736 0.034492 0.035215
1 0.038267 0.460386 0.033428 0.057295
21 0.357725 0.715396 0.031797 0.035225
0 0.148423 0.311387 0.059404 0.034629
11 0.043442 0.059009 0.086885 0.094912
3 0.028882 0.544736 0.057764 0.059824
34 0.056104 0.654590 0.026367 0.041992
34 0.022183 0.128926 0.024639 0.046230
34 0.165371 0.059546 0.143437 0.116729
34 0.130488 0.541831 0.104473 0.056357
35 0.677104 0.415859 0.094033 0.044375
34 0.286943 0.283032 0.155000 0.032529
34 0.645728 0.052690 0.095752 0.054600
34 0.148672 0.264175 0.104531 0.054404
34 0.154165 0.186836 0.102705 0.056973
34 0.680635 0.381216 0.175664 0.031807
35 0.276621 0.314019 0.092266 0.039463
35 0.674136 0.613638 0.095205 0.040361
34 0.791924 0.799697 0.045332 0.024492
34 0.077861 0.298931 0.044121 0.025752
34 0.781699 0.167241 0.038145 0.024658
