34 0.649790 0.895737 0.080732 0.041982
34 0.968901 0.013721 0.061416 0.027422
0 0.452539 0.451201 0.031973 0.057422
0 0.270859 0.029658 0.026113 0.044844
13 0.397832 0.319858 0.049473 0.070654
21 0.346274 0.372378 0.035967 0.041768
17 0.458223 0.131079 0.099766 0.095127
17 0.220405 0.129341 0.092803 0.089326
6 0.022383 0.923569 0.029414 0.024463
0 0.503760 0.031206 0.026016 0.045205
0 0.218745 0.450103 0.034404 0.058701
13 0.164189 0.316577 0.049492 0.068115
6 0.452915 0.554922 0.022861 0.027852
21 0.110649 0.368979 0.034326 0.039678
34 0.340830 0.030073 0.110391 0.060010
34 0.390479 0.253789 0.113086 0.063262
34 0.948052 0.102344 0.103896 0.069004
34 0.157925 0.250522 0.108545 0.063838
33 0.247930 0.883643 0.045410 0.071309
34 0.109316 0.130264 0.124746 0.106289
34 0.343735 0.133716 0.122061 0.105811
34 0.110713 0.806011 0.111387 0.065088
34 0.148472 0.450308 0.107959 0.063076
34 0.381152 0.451191 0.111816 0.061973
34 0.572476 0.030298 0.111318 0.060596
34 0.248452 0.814561 0.111064 0.064785
33 0.115078 0.879756 0.045098 0.078398
34 0.968892 0.194927 0.062217 0.069404
34 0.843247 0.991704 0.082393 0.016592
