34 0.664258 0.702021 0.176719 0.126348
34 0.611479 0.013198 0.105986 0.026396
34 0.750034 0.987578 0.032822 0.024805
34 0.713467 0.013247 0.101719 0.026494
34 0.103003 0.013237 0.107080 0.026475
34 0.360264 0.988325 0.030723 0.023252
34 0.717559 0.153076 0.061230 0.033770
34 0.829858 0.442441 0.058975 0.026816
34 0.271279 0.705615 0.176621 0.125566
34 0.153804 0.896318 0.032646 0.059043
34 0.036758 0.771597 0.073203 0.054307
34 0.803057 0.770713 0.102227 0.053672
34 0.413223 0.770757 0.101621 0.053271
34 0.099282 0.153398 0.060947 0.033867
34 0.975342 0.024775 0.049316 0.031465
34 0.934521 0.892236 0.032559 0.059199
34 0.265854 0.132090 0.103701 0.051152
34 0.106152 0.977031 0.101250 0.045937
34 0.907603 0.132480 0.103154 0.050508
34 0.496602 0.977334 0.101094 0.045332
34 0.887070 0.977109 0.100898 0.045781
34 0.332754 0.023804 0.060605 0.032139
34 0.544775 0.893232 0.030625 0.059512
13 0.030576 0.848154 0.061152 0.099687
0 0.621406 0.044912 0.053945 0.030254
0 0.906533 0.174180 0.056211 0.033828
0 0.267222 0.174399 0.054131 0.032998
0 0.018882 0.044668 0.037764 0.030371
17 0.213442 0.045815 0.097451 0.091631
17 0.665303 0.838735 0.096289 0.104404
17 0.277827 0.834678 0.098604 0.105566
2 0.712861 0.045811 0.063809 0.040605
2 0.104395 0.044653 0.067285 0.035967
2 0.564951 0.976211 0.034805 0.047578
2 0.175742 0.974473 0.035957 0.051055
2 0.953911 0.976895 0.028740 0.046211
17 0.836997 0.045815 0.103252 0.091631
13 0.416392 0.848125 0.068350 0.099375
13 0.806406 0.850122 0.070879 0.095557
