0 0.487588 0.570264 0.020332 0.035391
17 0.146196 0.922021 0.227959 0.155957
34 0.392568 0.390718 0.041016 0.023174
34 0.610503 0.988403 0.021982 0.022861
34 0.676206 0.337368 0.040908 0.025537
34 0.911030 0.737739 0.035518 0.022842
34 0.146440 0.798691 0.113779 0.089648
34 0.524380 0.699639 0.088057 0.050117
34 0.939907 0.201284 0.089658 0.050811
34 0.261113 0.702744 0.086230 0.052070
34 0.511587 0.917676 0.070771 0.048555
34 0.497285 0.259785 0.111484 0.057969
34 0.399004 0.988174 0.024043 0.023203
34 0.988184 0.390054 0.023164 0.025400
34 0.744023 0.295151 0.069590 0.041045
34 0.888247 0.074424 0.087666 0.044805
34 0.579102 0.583843 0.092773 0.045693
34 0.493018 0.204702 0.084297 0.049678
34 0.929570 0.014512 0.035254 0.028809
34 0.346162 0.568750 0.077480 0.046992
34 0.602930 0.508452 0.089688 0.045420
34 0.849600 0.717852 0.079316 0.047461
34 0.740293 0.857583 0.043437 0.023838
33 0.569258 0.930537 0.038730 0.054805
34 0.971162 0.712041 0.057676 0.045215
34 0.932441 0.659399 0.086777 0.050850
34 0.876929 0.556895 0.092744 0.045234
34 0.506279 0.984448 0.023906 0.030264
34 0.205972 0.598608 0.093643 0.044287
34 0.342949 0.921353 0.070937 0.041221
34 0.853496 0.500767 0.088867 0.044756
34 0.180337 0.543369 0.088936 0.044082
34 0.436641 0.569087 0.077734 0.044990
34 0.948486 0.984077 0.021250 0.031182
34 0.963643 0.101748 0.024336 0.037344
0 0.976660 0.025259 0.020859 0.035869
0 0.788081 0.296797 0.021689 0.040469
0 0.234814 0.544639 0.022012 0.037188
6 0.789077 0.248496 0.014033 0.021055
8 0.922607 0.612822 0.154785 0.071348
8 0.930015 0.136802 0.092393 0.054971
6 0.446392 0.348496 0.025732 0.017539
6 0.548145 0.049082 0.018711 0.019883
8 0.495508 0.111655 0.070176 0.133330
8 0.523003 0.658438 0.164932 0.069004
8 0.261577 0.657852 0.161436 0.070176
6 0.643174 0.349541 0.020742 0.016992
6 0.677383 0.405220 0.029238 0.021045
0 0.940371 0.074766 0.020703 0.035098
0 0.520010 0.584019 0.019746 0.037197
0 0.548809 0.506426 0.021270 0.036973
0 0.263491 0.599116 0.020459 0.035850
0 0.293145 0.923101 0.022285 0.038721
0 0.296304 0.570054 0.022100 0.036396
0 0.968057 0.528022 0.021074 0.036689
0 0.935728 0.557017 0.020400 0.035518
0 0.906611 0.502603 0.020195 0.034893
0 0.851479 0.752900 0.041045 0.022852
6 0.871533 0.351416 0.022227 0.030410
6 0.870952 0.404053 0.028076 0.021055
6 0.293018 0.882603 0.014395 0.011729
