34 0.818867 0.809551 0.071270 0.047344
34 0.199761 0.966089 0.075693 0.051689
4 0.974707 0.295830 0.050586 0.055937
34 0.331089 0.274429 0.028584 0.057373
34 0.903970 0.350449 0.028252 0.045762
34 0.520049 0.794365 0.057852 0.027441
0 0.477539 0.914805 0.021602 0.038848
21 0.920972 0.498765 0.041904 0.045635
34 0.420469 0.914565 0.091289 0.049229
34 0.607393 0.677910 0.072168 0.048496
0 0.254751 0.385645 0.028994 0.051484
34 0.435034 0.745391 0.077939 0.048691
34 0.501431 0.696802 0.071826 0.048506
34 0.967573 0.242520 0.064541 0.048750
34 0.408730 0.857266 0.090059 0.051582
34 0.201553 0.895483 0.074375 0.049092
34 0.419414 0.985723 0.091289 0.028359
21 0.253379 0.459248 0.043945 0.046016
0 0.148682 0.898589 0.026953 0.047295
34 0.969424 0.706621 0.061152 0.047031
34 0.966909 0.432646 0.066182 0.048008
34 0.450869 0.222271 0.058359 0.028857
34 0.239116 0.285337 0.028838 0.046377
34 0.650674 0.232124 0.089570 0.075322
3 0.885000 0.677085 0.058711 0.051143
34 0.201313 0.384351 0.079619 0.049287
34 0.351572 0.774097 0.078223 0.048936
0 0.148428 0.967344 0.027168 0.048242
34 0.845317 0.268657 0.077529 0.048252
34 0.816040 0.679731 0.070889 0.047061
34 0.264482 0.759614 0.077930 0.049854
0 0.552407 0.697061 0.026650 0.046953
0 0.920762 0.433691 0.028809 0.051270
34 0.513735 0.947310 0.043232 0.025439
34 0.155830 0.314082 0.047715 0.027266
34 0.712759 0.678779 0.070068 0.046113
34 0.554238 0.586611 0.072109 0.025059
0 0.762148 0.678999 0.027949 0.047334
15 0.266343 0.812495 0.057275 0.055830
3 0.885522 0.817007 0.057725 0.049150
34 0.986152 0.545513 0.027617 0.028662
34 0.767358 0.350010 0.075615 0.046230
34 0.575381 0.925415 0.075703 0.048584
34 0.148291 0.743052 0.083555 0.069834
3 0.435757 0.796807 0.050244 0.054941
34 0.177056 0.222554 0.064326 0.029111
1 0.353784 0.810688 0.050186 0.027197
34 0.934072 0.860669 0.046250 0.027607
34 0.684033 0.370713 0.046523 0.028379
34 0.657930 0.934404 0.073242 0.027695
0 0.842686 0.307935 0.049551 0.028643
34 0.042036 0.293047 0.076182 0.046094
34 0.107690 0.916157 0.043799 0.025576
0 0.658022 0.679194 0.028193 0.047725
35 0.551431 0.633804 0.034658 0.073057
35 0.653706 0.963110 0.073623 0.033018
34 0.031021 0.987559 0.061787 0.024629
0 0.478447 0.990049 0.020059 0.019473
11 0.981455 0.879580 0.037090 0.077422
0 0.040908 0.331655 0.055879 0.033486
0 0.765728 0.388530 0.054990 0.034521
0 0.575186 0.962900 0.053516 0.033477
6 0.201621 0.810757 0.021504 0.025811
6 0.150547 0.860225 0.018281 0.017207
11 0.150005 0.810220 0.073115 0.069893
5 0.477427 0.856460 0.048389 0.031182
6 0.398394 0.238179 0.025811 0.018271
