0 0.571865 0.748018 0.034277 0.060312
3 0.940190 0.770137 0.063721 0.059805
0 0.795942 0.329512 0.019990 0.036836
1 0.580161 0.350854 0.031904 0.058799
29 0.709448 0.502915 0.548428 0.166865
0 0.620063 0.261089 0.019443 0.035908
5 0.228242 0.356895 0.062402 0.036133
1 0.840239 0.350776 0.031533 0.058076
3 0.729438 0.857144 0.064033 0.058916
4 0.124067 0.178550 0.061338 0.062197
3 0.495977 0.763237 0.064863 0.059600
3 0.332002 0.178960 0.061660 0.060557
0 0.358989 0.836235 0.033057 0.059678
21 0.795454 0.383052 0.033135 0.035322
21 0.619526 0.314756 0.032295 0.036230
34 0.906128 0.350723 0.100127 0.058398
34 0.144878 0.356226 0.102158 0.054639
34 0.648843 0.858311 0.101338 0.057676
34 0.544839 0.951777 0.167412 0.070176
34 0.008110 0.714595 0.016162 0.041182
34 0.858184 0.770366 0.099277 0.058193
34 0.870557 0.844600 0.100137 0.057578
34 0.412314 0.765088 0.101895 0.056973
34 0.620073 0.635811 0.043623 0.026250
34 0.727051 0.694453 0.024375 0.039316
34 0.421523 0.835103 0.096230 0.057510
34 0.162856 0.278457 0.101084 0.058262
34 0.494209 0.674575 0.024766 0.036787
34 0.952793 0.956660 0.094316 0.070547
6 0.666860 0.192534 0.019834 0.019834
3 0.283467 0.850347 0.062734 0.062061
0 0.229038 0.275679 0.033389 0.058643
0 0.806045 0.844487 0.033438 0.057490
35 0.741948 0.955376 0.043291 0.089248
35 0.952930 0.870957 0.043848 0.095059
35 0.508809 0.864780 0.042090 0.096631
35 0.571533 0.865317 0.041074 0.096201
34 0.755757 0.175557 0.042412 0.023848
34 0.204087 0.850576 0.094873 0.058047
35 0.228037 0.449702 0.040527 0.095752
34 0.704307 0.517749 0.235488 0.056982
35 0.806484 0.955571 0.042168 0.088857
34 0.222671 0.533584 0.152549 0.072305
34 0.937139 0.678018 0.024863 0.038672
34 0.196045 0.175239 0.045176 0.024619
34 0.513237 0.353799 0.098525 0.059961
34 0.123037 0.119731 0.098301 0.056709
34 0.678188 0.262041 0.097881 0.054824
34 0.278745 0.711328 0.025635 0.038711
34 0.641211 0.748979 0.101406 0.057061
34 0.737900 0.327773 0.095156 0.055879
34 0.333584 0.121079 0.100723 0.058740
