22 0.591514 0.513267 0.077324 0.079111
33 0.950557 0.693481 0.035820 0.055498
22 0.038247 0.978931 0.076494 0.042139
22 0.411416 0.609014 0.075195 0.075293
22 0.323027 0.909863 0.071973 0.075664
34 0.528877 0.457422 0.090781 0.078184
34 0.975801 0.142720 0.048398 0.053506
34 0.523174 0.890313 0.064160 0.027461
34 0.512534 0.589751 0.066064 0.029639
34 0.884346 0.681641 0.094082 0.052441
34 0.523921 0.680923 0.100596 0.074463
34 0.351929 0.547495 0.092998 0.077998
22 0.485195 0.754561 0.073848 0.077480
34 0.264531 0.854629 0.093164 0.076953
