33 0.118286 0.640835 0.059678 0.043701
34 0.833906 0.378652 0.102891 0.032715
34 0.251353 0.378647 0.118975 0.037080
34 0.424858 0.684248 0.087549 0.049355
25 0.253467 0.380493 0.277266 0.264502
21 0.519595 0.459521 0.029775 0.031719
21 0.634165 0.459199 0.028486 0.036250
21 0.518618 0.738188 0.034307 0.033662
21 0.636431 0.737861 0.034307 0.031719
34 0.523213 0.376406 0.113965 0.030937
34 0.018125 0.373535 0.036250 0.028320
34 0.981836 0.377148 0.036328 0.031250
34 0.308071 0.642993 0.089170 0.055049
33 0.776348 0.643555 0.059141 0.046230
33 0.382266 0.639795 0.060215 0.043008
34 0.639648 0.376240 0.100391 0.029746
34 0.072256 0.686421 0.091875 0.052393
34 0.726143 0.687104 0.087188 0.050010
34 0.850532 0.642075 0.087607 0.056377
34 0.194971 0.642124 0.091211 0.056299
0 0.519595 0.588013 0.029775 0.064736
5 0.635601 0.682246 0.052393 0.030742
5 0.518701 0.680259 0.053809 0.029912
0 0.637407 0.586719 0.029775 0.062148
5 0.671387 0.455962 0.043379 0.025889
5 0.483994 0.459844 0.041426 0.031074
22 0.516226 0.830610 0.060322 0.062646
22 0.636875 0.832354 0.055684 0.059160
