34 0.978467 0.390430 0.028027 0.173242
34 0.198623 0.394272 0.032676 0.186162
34 0.140547 0.392202 0.034746 0.177861
34 0.081431 0.389336 0.043037 0.176328
34 0.029062 0.389585 0.029570 0.172725
34 0.984565 0.020107 0.030479 0.040215
34 0.676201 0.917046 0.049590 0.029189
35 0.052642 0.089873 0.041729 0.095605
35 0.599590 0.760337 0.048652 0.108135
34 0.958828 0.150371 0.081328 0.033398
34 0.704116 0.730840 0.031963 0.059766
34 0.066636 0.152412 0.132822 0.034023
34 0.034795 0.019712 0.033496 0.039287
35 0.208838 0.761211 0.050293 0.109844
34 0.608955 0.847832 0.108281 0.063555
34 0.214863 0.849419 0.110137 0.067334
34 0.132402 0.025151 0.029043 0.050303
35 0.992539 0.088599 0.014922 0.087588
25 0.740303 0.389204 0.519395 0.369893
34 0.533828 0.392432 0.044082 0.176348
34 0.599419 0.389204 0.035479 0.169893
34 0.658560 0.388130 0.033330 0.152686
34 0.715552 0.388667 0.029033 0.164521
34 0.769312 0.389204 0.031182 0.154834
34 0.874692 0.377915 0.108604 0.046240
34 0.266294 0.397383 0.036299 0.199648
