34 0.364678 0.922593 0.047754 0.029951
34 0.368188 0.044219 0.046201 0.030293
34 0.363608 0.642759 0.049541 0.031787
33 0.182300 0.842568 0.064170 0.041172
35 0.436226 0.804321 0.045283 0.103115
34 0.369614 0.173706 0.049482 0.032061
34 0.682646 0.752642 0.042773 0.030342
33 0.181348 0.761558 0.064277 0.041553
34 0.195117 0.803438 0.079805 0.039707
34 0.755645 0.855840 0.098203 0.058477
34 0.021084 0.503828 0.042031 0.029531
34 0.118496 0.309028 0.083789 0.048916
33 0.845962 0.857148 0.077354 0.046250
34 0.516016 0.623130 0.090078 0.053701
34 0.708604 0.356758 0.097734 0.060664
33 0.277412 0.325547 0.066406 0.046426
34 0.987070 0.771260 0.025859 0.057617
34 0.194165 0.717549 0.078662 0.041855
34 0.126313 0.705732 0.027705 0.054551
34 0.447764 0.881255 0.139785 0.052959
34 0.928423 0.649727 0.050674 0.030937
34 0.500693 0.714702 0.094355 0.057236
34 0.047085 0.641909 0.094170 0.058174
34 0.774473 0.709482 0.096523 0.056777
34 0.623145 0.534888 0.035156 0.048701
34 0.025186 0.310239 0.050371 0.050459
34 0.316362 0.006626 0.053857 0.013252
34 0.307622 0.420088 0.098076 0.058594
34 0.307251 0.755957 0.096045 0.056406
34 0.146714 0.203403 0.117217 0.092529
34 0.367271 0.985205 0.048096 0.029453
34 0.361914 0.328066 0.097754 0.058633
34 0.308984 0.825166 0.097305 0.056191
34 0.155005 0.363828 0.032490 0.049980
34 0.042920 0.364194 0.031855 0.048877
34 0.316904 0.882773 0.048965 0.030605
34 0.223359 0.638027 0.030469 0.058418
21 0.960513 0.838516 0.042354 0.053320
6 0.088232 0.744141 0.027891 0.023105
6 0.368564 0.760654 0.022344 0.019297
6 0.386802 0.482461 0.033252 0.030586
6 0.061421 0.744185 0.024189 0.022236
6 0.060186 0.518462 0.031758 0.021729
0 0.241289 0.754048 0.032480 0.062646
3 0.130522 0.642280 0.071787 0.063311
6 0.112217 0.742881 0.031348 0.020898
6 0.844717 0.694365 0.020488 0.018105
6 0.085894 0.518047 0.032178 0.020898
0 0.062104 0.309619 0.023896 0.040918
6 0.112637 0.518882 0.030508 0.022568
0 0.368857 0.822393 0.023301 0.039629
0 0.714307 0.709443 0.022754 0.040645
0 0.436504 0.715493 0.031035 0.058584
0 0.960620 0.772295 0.023096 0.040137
0 0.172314 0.309561 0.023594 0.041719
0 0.642925 0.355610 0.032314 0.056729
0 0.515371 0.660996 0.040215 0.020742
21 0.172363 0.425767 0.039785 0.052646
4 0.225933 0.418516 0.065693 0.067832
21 0.577046 0.709463 0.041045 0.051602
21 0.062095 0.425444 0.040830 0.052861
21 0.846318 0.708706 0.041758 0.051904
