34 0.792886 0.708164 0.072393 0.041777
6 0.968042 0.616357 0.013057 0.011387
21 0.986333 0.103208 0.027334 0.033193
3 0.853940 0.399062 0.043604 0.044648
6 0.860464 0.114497 0.015029 0.013643
35 0.929219 0.269146 0.034141 0.071572
35 0.453433 0.674316 0.071943 0.032910
0 0.988721 0.070840 0.016133 0.027676
34 0.720864 0.022412 0.028564 0.044609
35 0.956978 0.408433 0.072900 0.035342
0 0.728140 0.440215 0.015674 0.027051
4 0.877852 0.665171 0.045430 0.044209
34 0.934419 0.315181 0.039580 0.021533
34 0.828418 0.522290 0.045703 0.021924
21 0.210098 0.300229 0.033828 0.037080
34 0.295352 0.219468 0.042070 0.023896
0 0.743506 0.705386 0.014707 0.026357
0 0.314658 0.568081 0.015605 0.027080
34 0.610601 0.140659 0.026631 0.046494
21 0.550376 0.739663 0.032041 0.036670
34 0.324019 0.013486 0.044385 0.020996
21 0.387861 0.131938 0.031465 0.036240
34 0.881929 0.204565 0.071553 0.041904
0 0.208813 0.265464 0.016689 0.028271
0 0.550342 0.705361 0.014297 0.025977
0 0.929722 0.202842 0.016494 0.027305
0 0.387563 0.097446 0.016240 0.027080
3 0.680469 0.664473 0.043906 0.044258
34 0.267295 0.568394 0.071309 0.042373
0 0.859526 0.139287 0.015674 0.029043
34 0.880249 0.622651 0.065713 0.039795
34 0.599609 0.708389 0.072480 0.041875
34 0.160073 0.267886 0.070400 0.042686
5 0.450947 0.233608 0.037051 0.053447
34 0.680127 0.441646 0.067344 0.041143
21 0.743555 0.739902 0.033457 0.036992
21 0.728438 0.475186 0.033027 0.035977
34 0.014282 0.270591 0.028486 0.042373
34 0.774717 0.357617 0.060098 0.041211
34 0.903037 0.139170 0.071309 0.039512
34 0.041870 0.377754 0.083740 0.109453
0 0.387769 0.054233 0.016455 0.028467
34 0.341304 0.056069 0.074678 0.039893
34 0.452515 0.185073 0.070889 0.041436
0 0.968521 0.642261 0.016123 0.029229
4 0.775762 0.399878 0.044375 0.044053
34 0.990020 0.641587 0.019961 0.039697
34 0.853384 0.356025 0.061494 0.040195
21 0.314902 0.602500 0.033438 0.035176
34 0.339785 0.098540 0.075918 0.040303
34 0.682456 0.622573 0.064561 0.039404
34 0.455313 0.628887 0.133516 0.059941
