34 0.046943 0.661543 0.087363 0.052363
34 0.852324 0.412627 0.159727 0.124453
34 0.768887 0.662754 0.086152 0.050918
34 0.939697 0.661816 0.086133 0.051309
34 0.859409 0.822588 0.162920 0.081426
34 0.083672 0.436704 0.085371 0.053975
34 0.525317 0.302041 0.086084 0.053672
33 0.984575 0.302275 0.030361 0.042109
34 0.526831 0.247241 0.086084 0.052510
34 0.920767 0.301860 0.084795 0.052451
33 0.072915 0.485146 0.061436 0.041328
33 0.603955 0.302002 0.062539 0.041074
34 0.696841 0.564751 0.082666 0.054170
34 0.877871 0.181968 0.069023 0.027900
33 0.961514 0.579170 0.065918 0.041738
34 0.965601 0.531401 0.068799 0.051064
34 0.965801 0.436855 0.068398 0.053965
0 0.883779 0.663984 0.022422 0.039121
0 0.823145 0.664351 0.021074 0.037705
0 0.750010 0.565913 0.021035 0.037998
6 0.748276 0.534028 0.013486 0.015166
34 0.922153 0.247090 0.084521 0.051563
33 0.963662 0.484365 0.067012 0.041074
33 0.071436 0.579507 0.063223 0.042588
34 0.037061 0.247651 0.074121 0.051865
33 0.741411 0.508765 0.070205 0.043252
34 0.024351 0.821577 0.048701 0.079033
34 0.083291 0.531611 0.084766 0.053145
35 0.885269 0.735488 0.040303 0.091504
33 0.108975 0.302012 0.062500 0.040938
33 0.604453 0.249321 0.062051 0.041885
33 0.109414 0.249385 0.061152 0.042832
34 0.036387 0.302139 0.072676 0.051953
35 0.006924 0.734727 0.013848 0.088125
35 0.823306 0.735664 0.040029 0.091816
34 0.727490 0.459629 0.085586 0.050957
