34 0.991733 0.369912 0.016533 0.032617
33 0.952695 0.875273 0.061289 0.098926
34 0.058657 0.396772 0.037861 0.065166
34 0.968809 0.220718 0.061836 0.035557
33 0.559834 0.113408 0.055781 0.057070
33 0.939141 0.353701 0.059512 0.072949
34 0.013633 0.967686 0.027168 0.063086
33 0.704077 0.986997 0.062197 0.025869
34 0.639429 0.037007 0.108232 0.073213
34 0.921855 0.594688 0.065645 0.035508
34 0.881611 0.841577 0.103340 0.098350
34 0.641689 0.125889 0.105703 0.093848
34 0.702256 0.925552 0.108672 0.096826
34 0.643354 0.523828 0.144912 0.162441
34 0.491167 0.018545 0.081006 0.036680
34 0.239287 0.525308 0.108867 0.095732
0 0.803652 0.742280 0.025938 0.050303
34 0.674785 0.647715 0.063145 0.030664
34 0.326104 0.031958 0.099180 0.063838
34 0.928882 0.284766 0.140479 0.064258
33 0.559780 0.049629 0.056494 0.057637
34 0.082842 0.741743 0.107715 0.093564
0 0.494390 0.112090 0.047549 0.027852
34 0.733247 0.741338 0.105166 0.095254
0 0.239888 0.593887 0.081123 0.042852
0 0.785142 0.242451 0.079541 0.041602
34 0.496685 0.174966 0.104502 0.092510
34 0.915269 0.966465 0.169463 0.067070
0 0.085269 0.809985 0.080908 0.042666
0 0.494473 0.048975 0.045352 0.024844
34 0.785400 0.176045 0.108418 0.095508
