0 0.363779 0.201702 0.029922 0.022976
0 0.796289 0.249521 0.032559 0.057283
34 0.384248 0.396392 0.050605 0.035964
34 0.865342 0.249098 0.106445 0.064307
34 0.342759 0.023901 0.056904 0.031770
34 0.466567 0.163253 0.093076 0.035930
34 0.778550 0.193692 0.029932 0.058343
34 0.798848 0.366759 0.176934 0.066528
35 0.453218 0.202012 0.074775 0.042762
34 0.111040 0.172582 0.103330 0.061623
34 0.244922 0.210107 0.103750 0.060349
34 0.379424 0.248106 0.104219 0.062300
34 0.245073 0.144143 0.102432 0.060485
34 0.110391 0.107683 0.103047 0.060552
34 0.378442 0.092649 0.102861 0.063630
34 0.370752 0.160316 0.097070 0.059955
3 0.086646 0.035293 0.051338 0.065671
0 0.319048 0.092182 0.019365 0.032999
0 0.048770 0.170558 0.021172 0.036381
0 0.181533 0.207779 0.019941 0.034701
0 0.181631 0.143506 0.020137 0.035806
0 0.319043 0.247587 0.019160 0.032897
21 0.797021 0.318799 0.029121 0.049211
22 0.201943 0.048286 0.070176 0.094521
21 0.050273 0.215000 0.027793 0.042762
21 0.181602 0.249459 0.028750 0.036866
21 0.319370 0.289132 0.026748 0.037227
0 0.048755 0.106590 0.020947 0.035885
