34 0.142138 0.821504 0.217912 0.081113
34 0.172584 0.343555 0.345168 0.058066
34 0.173510 0.505918 0.347020 0.055918
34 0.167946 0.590327 0.335892 0.048389
34 0.172584 0.419897 0.345168 0.051611
34 0.155522 0.680732 0.311044 0.043398
34 0.124899 0.964116 0.227407 0.071768
35 0.149268 0.727651 0.184259 0.047451
35 0.662508 0.728037 0.187205 0.047500
34 0.657854 0.650815 0.440152 0.114072
0 0.808527 0.307759 0.055774 0.054033
0 0.582778 0.309907 0.053502 0.055596
0 0.698737 0.309844 0.055690 0.054609
0 0.476263 0.306558 0.058148 0.055381
21 0.585219 0.404312 0.096397 0.077412
21 0.699411 0.401968 0.091616 0.078799
21 0.807946 0.398218 0.091886 0.082393
5 0.308190 0.970010 0.127626 0.042598
21 0.473998 0.404854 0.092677 0.080645
0 0.307635 0.823022 0.085236 0.080713
