34 0.693527 0.172749 0.361296 0.068154
34 0.056162 0.144653 0.112323 0.060947
34 0.700791 0.438408 0.368788 0.068887
34 0.074394 0.410239 0.148788 0.060576
34 0.583721 0.056226 0.199966 0.063076
35 0.716002 0.495562 0.203687 0.049775
34 0.376145 0.057949 0.199529 0.063965
34 0.218628 0.122637 0.198670 0.064805
33 0.554596 0.123091 0.073771 0.061592
33 0.225101 0.191865 0.076195 0.069395
33 0.254116 0.457583 0.077929 0.069053
33 0.394461 0.123408 0.075017 0.062539
33 0.566296 0.387681 0.074949 0.064443
33 0.407618 0.388237 0.072441 0.063291
35 0.706254 0.230083 0.203182 0.049385
34 0.386987 0.322671 0.204949 0.062939
34 0.595960 0.321309 0.199663 0.064023
34 0.249949 0.387788 0.201953 0.065928
3 0.045648 0.213530 0.091296 0.075986
3 0.055665 0.476860 0.111330 0.072471
0 0.486852 0.454854 0.036162 0.035801
0 0.473889 0.190312 0.035455 0.033281
