33 0.972314 0.640864 0.055371 0.047314
21 0.120635 0.744185 0.034805 0.047568
0 0.118315 0.586416 0.027842 0.063809
21 0.120640 0.459961 0.039443 0.038281
22 0.716348 0.830615 0.061484 0.064961
5 0.834233 0.680483 0.053193 0.030850
5 0.715610 0.679556 0.053096 0.029385
5 0.119746 0.678726 0.054121 0.031279
22 0.120635 0.833511 0.064961 0.068447
21 0.832607 0.460898 0.034453 0.035957
22 0.833516 0.836416 0.052207 0.069609
21 0.718389 0.458652 0.036699 0.037441
21 0.835229 0.740630 0.029209 0.033701
0 0.721758 0.587847 0.040449 0.063662
0 0.836353 0.588218 0.032959 0.061416
25 0.446621 0.381074 0.283066 0.274941
21 0.717012 0.739961 0.035312 0.034785
34 0.518174 0.642925 0.091016 0.054971
33 0.212534 0.160688 0.043428 0.055713
33 0.589790 0.638179 0.055908 0.044092
34 0.122588 0.374204 0.115059 0.032256
34 0.718296 0.378340 0.106338 0.029336
34 0.833711 0.380352 0.111133 0.027695
33 0.265078 0.641387 0.045664 0.043730
34 0.445635 0.378687 0.118438 0.036943
34 0.210850 0.111392 0.081992 0.043252
34 0.625674 0.686226 0.090176 0.052100
34 0.926323 0.686074 0.092119 0.052129
34 0.210835 0.683887 0.089307 0.050234
34 0.334287 0.641958 0.092305 0.056963
34 0.103916 0.224380 0.114551 0.087686
