0 0.368491 0.857793 0.023252 0.040938
34 0.363921 0.931860 0.048936 0.030146
34 0.754043 0.015781 0.104316 0.031563
33 0.846611 0.013003 0.079258 0.026006
33 0.182437 0.874824 0.064072 0.041777
34 0.446323 0.027256 0.149404 0.054512
34 0.366606 0.207095 0.045889 0.029287
6 0.368667 0.796919 0.023311 0.020420
34 0.682266 0.767666 0.043633 0.031094
34 0.316914 0.029272 0.049063 0.029834
34 0.930239 0.768384 0.044307 0.032705
34 0.351572 0.375977 0.081250 0.045195
34 0.984097 0.750000 0.031670 0.057402
34 0.364346 0.069272 0.047227 0.029209
33 0.277168 0.376846 0.065547 0.044375
34 0.192495 0.834668 0.075244 0.039707
34 0.222588 0.576938 0.032246 0.058291
34 0.189326 0.753545 0.076406 0.041621
34 0.118149 0.343457 0.084346 0.048906
34 0.707617 0.393955 0.099277 0.060879
34 0.155112 0.398135 0.032275 0.049824
34 0.737744 0.504185 0.064668 0.033389
34 0.773281 0.724727 0.098262 0.058066
34 0.316616 0.892798 0.049814 0.031045
34 0.398662 0.600151 0.050664 0.031982
34 0.306563 0.473506 0.098047 0.057910
34 0.025264 0.344619 0.050410 0.049922
34 0.046226 0.684590 0.091826 0.058184
34 0.430981 0.857241 0.096201 0.058564
33 0.182358 0.794429 0.063525 0.041436
34 0.367104 0.132637 0.046826 0.029863
34 0.146646 0.237075 0.116826 0.092119
34 0.020986 0.551157 0.041816 0.029775
34 0.374541 0.712778 0.097930 0.056885
34 0.043047 0.398633 0.031406 0.048320
34 0.791064 0.174214 0.098047 0.060967
34 0.123003 0.831880 0.032100 0.062021
0 0.713291 0.724180 0.023574 0.039766
4 0.225903 0.470215 0.067061 0.066816
0 0.061875 0.343247 0.023906 0.040342
6 0.844385 0.708398 0.021309 0.017969
6 0.113677 0.778579 0.032881 0.029502
6 0.086357 0.779790 0.031426 0.026104
6 0.113682 0.568247 0.031914 0.028525
6 0.086846 0.568730 0.033359 0.032402
6 0.059766 0.567520 0.036270 0.028047
3 0.131445 0.690674 0.074375 0.066719
0 0.641226 0.392544 0.032041 0.057725
21 0.312417 0.786421 0.043857 0.056670
21 0.062354 0.459243 0.041172 0.052822
6 0.061689 0.779058 0.031602 0.023740
21 0.845566 0.723765 0.041055 0.052373
21 0.172344 0.459482 0.041738 0.052793
4 0.874414 0.174316 0.069824 0.066914
0 0.313403 0.712173 0.023232 0.037705
0 0.172490 0.343350 0.023438 0.041328
