3 0.248308 0.103735 0.150488 0.077607
34 0.489840 0.613423 0.155808 0.047236
34 0.057466 0.199077 0.049478 0.046514
34 0.603880 0.389907 0.045640 0.050225
34 0.116902 0.042939 0.050067 0.045840
34 0.241204 0.042695 0.144327 0.044824
34 0.506178 0.665576 0.151246 0.043926
0 0.389680 0.614175 0.048350 0.044775
2 0.298796 0.666436 0.042003 0.050723
0 0.269226 0.428916 0.087374 0.025586
0 0.088552 0.904727 0.048350 0.049199
0 0.085581 0.797212 0.050892 0.047725
6 0.430875 0.445356 0.050168 0.028213
0 0.635253 0.288926 0.074646 0.068398
14 0.386035 0.665815 0.088165 0.044092
0 0.432088 0.493374 0.044949 0.047236
0 0.390101 0.719224 0.047508 0.052158
0 0.181439 0.852319 0.050892 0.044775
0 0.087786 0.375430 0.049209 0.053145
0 0.727710 0.289419 0.066162 0.067412
14 0.085791 0.850562 0.089697 0.048506
35 0.765017 0.121514 0.205758 0.035488
35 0.631557 0.806992 0.083418 0.118281
34 0.344251 0.281670 0.053754 0.046270
34 0.028620 0.375225 0.057239 0.045742
34 0.261709 0.393159 0.135606 0.045518
34 0.020455 0.851958 0.040909 0.044639
34 0.518779 0.527988 0.073822 0.028555
33 0.446237 0.091406 0.074865 0.056113
34 0.028215 0.906616 0.056431 0.043291
34 0.277340 0.853125 0.143535 0.048750
34 0.031313 0.797222 0.062626 0.045342
34 0.443981 0.038291 0.145202 0.047480
34 0.700093 0.229775 0.046044 0.046758
34 0.196456 0.667715 0.153047 0.046289
34 0.030581 0.261562 0.061162 0.046855
34 0.137340 0.740117 0.073199 0.026641
34 0.533283 0.290308 0.137879 0.048057
34 0.489529 0.716875 0.154478 0.046719
34 0.760951 0.079033 0.140354 0.046133
34 0.640412 0.890537 0.290253 0.055977
34 0.337374 0.492944 0.138788 0.045244
34 0.820985 0.287661 0.135606 0.046885
