34 0.906890 0.254038 0.030107 0.046045
34 0.751470 0.837993 0.102607 0.031338
34 0.794985 0.040317 0.025732 0.050518
34 0.757554 0.422720 0.076670 0.045146
34 0.527500 0.180088 0.030645 0.053555
33 0.726797 0.088354 0.041465 0.053643
34 0.806348 0.238267 0.026406 0.049775
34 0.640391 0.053716 0.075664 0.046533
34 0.801172 0.667427 0.084082 0.052861
34 0.731675 0.139502 0.042197 0.026523
34 0.488779 0.386831 0.084219 0.047021
34 0.488540 0.574331 0.082939 0.047158
33 0.508882 0.618262 0.070029 0.042578
33 0.725381 0.285049 0.041484 0.054102
34 0.642632 0.249727 0.076162 0.046621
34 0.776821 0.299287 0.049287 0.024512
34 0.488511 0.484404 0.082803 0.046250
33 0.508203 0.708999 0.069258 0.043154
34 0.726025 0.037031 0.082852 0.046504
34 0.734629 0.336323 0.040000 0.024443
34 0.488193 0.665825 0.083555 0.044834
34 0.771558 0.101538 0.049678 0.025635
33 0.508999 0.432549 0.069717 0.043887
33 0.508936 0.527964 0.069766 0.041396
34 0.724219 0.233818 0.082812 0.046973
34 0.859482 0.072637 0.027441 0.043281
21 0.855903 0.720361 0.039150 0.037148
6 0.814980 0.008936 0.024687 0.017871
6 0.814561 0.073735 0.026367 0.027197
6 0.687974 0.118926 0.028447 0.019668
6 0.577075 0.118301 0.025947 0.018418
6 0.686299 0.316030 0.029297 0.017158
6 0.578960 0.314985 0.026357 0.019248
6 0.604487 0.316660 0.023857 0.020918
6 0.719360 0.499951 0.015908 0.011719
21 0.720859 0.512026 0.040156 0.042178
13 0.650977 0.289414 0.045195 0.030547
13 0.650981 0.092944 0.047705 0.030127
0 0.855776 0.669971 0.025947 0.048145
0 0.756079 0.459575 0.045576 0.028936
6 0.827949 0.204277 0.025664 0.021641
0 0.644888 0.316284 0.058076 0.026963
35 0.756460 0.774741 0.049463 0.108604
6 0.826597 0.270723 0.028369 0.031348
6 0.604277 0.119980 0.023438 0.022598
