0 0.785508 0.094219 0.072773 0.038086
34 0.749595 0.988081 0.062021 0.023721
34 0.195776 0.987812 0.060107 0.024258
33 0.977183 0.686611 0.045615 0.053086
34 0.137505 0.019453 0.134131 0.038867
34 0.599170 0.189849 0.063242 0.038838
34 0.599087 0.069800 0.064150 0.039814
34 0.328462 0.033306 0.063643 0.037803
34 0.789956 0.037539 0.125439 0.072832
34 0.885977 0.684731 0.123613 0.076064
34 0.931743 0.305913 0.123467 0.073389
34 0.790557 0.159048 0.122031 0.069717
0 0.143853 0.057930 0.072803 0.038613
0 0.785376 0.214590 0.072920 0.039219
