6 0.592183 0.459746 0.024502 0.022168
34 0.499839 0.549214 0.044404 0.027021
34 0.652251 0.166445 0.107900 0.054590
34 0.986611 0.980791 0.026250 0.037813
35 0.327896 0.876304 0.095479 0.039072
34 0.671831 0.521626 0.105635 0.056865
34 0.519307 0.095254 0.098027 0.038164
33 0.089785 0.793296 0.058887 0.041572
34 0.066611 0.930732 0.045234 0.025488
35 0.721182 0.900293 0.041660 0.092227
34 0.973818 0.355605 0.052363 0.055449
34 0.243740 0.396333 0.101758 0.057705
34 0.962900 0.119351 0.074004 0.057979
34 0.206372 0.841245 0.101240 0.052861
34 0.602988 0.737690 0.095957 0.056104
34 0.371821 0.325342 0.027275 0.044414
34 0.028433 0.795146 0.056865 0.052656
34 0.532109 0.502856 0.095488 0.054951
34 0.856860 0.714990 0.025459 0.044238
34 0.320381 0.843218 0.120352 0.032510
34 0.982681 0.278232 0.034229 0.056719
34 0.641016 0.644868 0.102285 0.058291
34 0.722964 0.969731 0.138193 0.049307
20 0.053091 0.458574 0.106182 0.444570
0 0.663560 0.737373 0.019971 0.035938
0 0.670034 0.565850 0.058486 0.032891
0 0.206143 0.876592 0.035020 0.018652
0 0.173442 0.395762 0.033115 0.058770
0 0.590581 0.503545 0.019580 0.037012
3 0.653135 0.105601 0.062324 0.061064
21 0.663252 0.781260 0.032441 0.033203
4 0.972358 0.178877 0.055283 0.062832
5 0.722534 0.645215 0.061709 0.035742
34 0.533340 0.831724 0.106445 0.110752
