34 0.794375 0.160722 0.131328 0.079572
1 0.703550 0.054436 0.027666 0.065874
35 0.966763 0.272554 0.066475 0.060214
34 0.413799 0.143517 0.147168 0.088162
34 0.027139 0.110722 0.054277 0.082796
34 0.293740 0.094589 0.048437 0.089245
34 0.184673 0.120400 0.132256 0.084949
3 0.424902 0.239899 0.087715 0.108861
3 0.687510 0.158878 0.077852 0.078478
3 0.563062 0.241793 0.087725 0.110124
34 0.569854 0.146742 0.138691 0.079572
34 0.792041 0.054267 0.137852 0.083867
33 0.183267 0.217334 0.057705 0.104115
