21 0.653960 0.657139 0.029229 0.039102
3 0.946924 0.205083 0.073789 0.073779
3 0.648271 0.861509 0.069395 0.064580
35 0.989224 0.772539 0.021553 0.096777
34 0.519312 0.450493 0.034404 0.074189
34 0.921484 0.267163 0.157031 0.036553
34 0.989233 0.523047 0.021533 0.052090
34 0.711001 0.607339 0.092002 0.052783
35 0.905532 0.326143 0.042373 0.091934
34 0.597178 0.631646 0.030625 0.070439
34 0.626670 0.262417 0.141855 0.054326
34 0.566934 0.863452 0.089961 0.054443
34 0.811963 0.402129 0.032637 0.070781
34 0.397344 0.862432 0.089512 0.053418
34 0.740781 0.964927 0.088848 0.051592
34 0.571025 0.964814 0.090215 0.051699
34 0.943286 0.141362 0.093779 0.051689
34 0.965352 0.853496 0.069160 0.078008
34 0.401050 0.964868 0.089287 0.052354
34 0.673901 0.425610 0.090049 0.053760
34 0.722393 0.738794 0.090625 0.053252
34 0.736782 0.862808 0.089971 0.053232
34 0.776455 0.272261 0.091230 0.050479
34 0.709287 0.512344 0.093926 0.056563
35 0.614272 0.333472 0.042061 0.091592
21 0.720254 0.322983 0.030781 0.038389
21 0.780967 0.789551 0.031758 0.041602
3 0.478535 0.861084 0.069512 0.064785
3 0.818838 0.860937 0.070059 0.065020
0 0.963740 0.525361 0.021738 0.038027
0 0.780405 0.740913 0.022002 0.039150
0 0.653599 0.607744 0.020205 0.037617
0 0.614712 0.426187 0.032959 0.056963
0 0.719912 0.273677 0.022090 0.038369
6 0.963306 0.431064 0.015283 0.014434
0 0.629570 0.968169 0.021270 0.037803
0 0.799380 0.968208 0.021553 0.037920
0 0.964185 0.469971 0.020518 0.037813
0 0.992910 0.642612 0.014180 0.038037
0 0.460449 0.967998 0.020762 0.039082
4 0.629136 0.513960 0.067197 0.065811
