0 0.018979 0.459717 0.037959 0.074629
3 0.793052 0.381782 0.081982 0.075479
0 0.609761 0.700244 0.038350 0.075098
0 0.371475 0.457642 0.038438 0.071025
0 0.238491 0.378218 0.071982 0.038818
34 0.803975 0.152793 0.150117 0.110449
34 0.689673 0.381489 0.118916 0.072900
34 0.236099 0.323931 0.120537 0.072002
34 0.528198 0.699707 0.116904 0.071465
34 0.218550 0.795303 0.227432 0.116582
34 0.293711 0.456777 0.116855 0.071562
34 0.362959 0.062368 0.232266 0.109365
34 0.951035 0.701699 0.097559 0.071348
35 0.371094 0.175972 0.053301 0.114248
34 0.347656 0.291948 0.036133 0.082217
34 0.370708 0.684536 0.143252 0.064424
34 0.113125 0.354634 0.064141 0.038447
34 0.785649 0.527173 0.037783 0.081475
34 0.809795 0.743237 0.132656 0.103213
35 0.808589 0.264307 0.054053 0.111992
35 0.371104 0.595146 0.054199 0.115605
35 0.808560 0.631426 0.054795 0.114980
34 0.007397 0.166992 0.014795 0.064512
34 0.587051 0.553125 0.038242 0.061719
34 0.529072 0.879087 0.061895 0.039268
34 0.898745 0.804663 0.063447 0.037158
34 0.587466 0.973696 0.037549 0.052412
34 0.007227 0.819624 0.014453 0.063018
17 0.039521 0.671514 0.079043 0.123652
5 0.030981 0.906968 0.061963 0.059053
