0 0.490010 0.256877 0.032227 0.063517
0 0.308276 0.308884 0.031924 0.063563
34 0.018843 0.371415 0.037529 0.037576
34 0.287510 0.173670 0.034121 0.068963
34 0.426470 0.255231 0.101455 0.062007
34 0.816343 0.255169 0.101396 0.062131
34 0.043398 0.255231 0.086758 0.061488
34 0.861860 0.052616 0.033740 0.069154
34 0.238887 0.304076 0.102402 0.061319
34 0.813511 0.146990 0.100850 0.061533
34 0.423008 0.146815 0.100898 0.061161
34 0.628608 0.303906 0.100811 0.061477
34 0.984092 0.303579 0.031816 0.060192
34 0.041777 0.146477 0.083555 0.061274
34 0.678726 0.184583 0.032393 0.069278
34 0.471387 0.048326 0.033281 0.067430
34 0.081641 0.045468 0.033066 0.067666
2 0.489790 0.148241 0.032100 0.065705
2 0.880127 0.148343 0.033789 0.066764
2 0.099707 0.148320 0.032051 0.065547
0 0.100107 0.256595 0.031270 0.063540
0 0.698135 0.308991 0.030977 0.063439
0 0.880562 0.256809 0.033662 0.063901
