35 0.971479 0.890889 0.037686 0.086406
5 0.355566 0.127222 0.022402 0.035850
34 0.766035 0.967729 0.155527 0.064521
34 0.972056 0.116484 0.055889 0.045273
34 0.556958 0.638369 0.072275 0.046328
34 0.692041 0.287412 0.072109 0.043496
1 0.765337 0.651099 0.027021 0.051064
0 0.766694 0.727358 0.027139 0.050830
34 0.825059 0.114668 0.072168 0.045527
34 0.311855 0.806333 0.074648 0.049990
34 0.665630 0.116255 0.073682 0.045928
34 0.924253 0.728867 0.073057 0.044707
34 0.822231 0.170054 0.056182 0.026416
21 0.361060 0.905762 0.028682 0.028047
35 0.865254 0.318618 0.036523 0.089111
34 0.569316 0.509575 0.055645 0.024873
34 0.212900 0.026396 0.027246 0.052402
0 0.408433 0.347446 0.051201 0.028213
3 0.692031 0.334248 0.048867 0.049199
35 0.766001 0.890874 0.038467 0.086553
34 0.753828 0.799531 0.027773 0.049980
1 0.717627 0.115220 0.027266 0.051357
34 0.958496 0.799370 0.027832 0.050518
34 0.454146 0.195020 0.024561 0.047109
34 0.358340 0.094590 0.039434 0.024102
33 0.175493 0.095850 0.095400 0.045410
1 0.970376 0.651152 0.026064 0.051406
35 0.502827 0.761792 0.085557 0.034229
34 0.314380 0.744194 0.057744 0.025537
0 0.360278 0.860581 0.017939 0.032959
34 0.504116 0.723047 0.114248 0.049160
34 0.484019 0.467065 0.073896 0.043096
34 0.973130 0.043291 0.053740 0.046152
34 0.923618 0.650908 0.071982 0.044590
34 0.717251 0.728335 0.072061 0.046709
0 0.971846 0.727188 0.026602 0.049941
3 0.593062 0.297163 0.050674 0.049150
34 0.426724 0.097183 0.073115 0.042041
0 0.718076 0.042715 0.027051 0.050664
34 0.716138 0.650518 0.073291 0.046191
3 0.485557 0.513833 0.049375 0.050693
34 0.530171 0.298750 0.071553 0.046641
34 0.826069 0.043706 0.071904 0.046514
34 0.311646 0.863389 0.074873 0.055684
3 0.621816 0.637290 0.052266 0.051396
1 0.876021 0.115293 0.027041 0.050137
0 0.529883 0.042949 0.025781 0.050742
34 0.145166 0.051323 0.073145 0.044150
34 0.935752 0.968760 0.128496 0.062480
0 0.427476 0.127578 0.036357 0.019727
34 0.668682 0.043809 0.071270 0.046504
0 0.360186 0.804512 0.017773 0.031563
34 0.406636 0.311040 0.070791 0.044893
34 0.481294 0.043735 0.072783 0.049990
34 0.870723 0.422456 0.208984 0.116592
3 0.395552 0.220557 0.051631 0.050762
34 0.400664 0.175049 0.074160 0.043848
0 0.876279 0.042739 0.027715 0.051826
