0 0.721616 0.442510 0.046689 0.027207
0 0.602583 0.442651 0.046006 0.027139
0 0.248608 0.442725 0.045576 0.027109
0 0.747241 0.033896 0.027139 0.046699
0 0.747339 0.089414 0.027314 0.046074
34 0.026714 0.411382 0.053389 0.085557
34 0.023398 0.403403 0.046797 0.067197
34 0.516855 0.136279 0.034785 0.066953
4 0.297983 0.248970 0.083096 0.082334
34 0.612881 0.250957 0.111016 0.062910
34 0.825425 0.030957 0.119873 0.060469
34 0.205996 0.247554 0.112168 0.063369
34 0.821909 0.096504 0.112275 0.059746
34 0.294531 0.133369 0.032598 0.065234
34 0.128320 0.399756 0.115371 0.060781
34 0.426426 0.735469 0.174785 0.103848
6 0.075264 0.422402 0.017500 0.017500
34 0.246025 0.399644 0.111504 0.061025
4 0.519575 0.248350 0.081143 0.082344
6 0.042588 0.422402 0.017500 0.017500
6 0.782378 0.422402 0.019834 0.019844
34 0.605361 0.400015 0.111875 0.060947
34 0.725776 0.400688 0.120947 0.059795
0 0.131191 0.442842 0.046484 0.027578
21 0.747080 0.134126 0.032461 0.035459
