34 0.048325 0.212231 0.074385 0.043936
34 0.275620 0.024771 0.078818 0.045400
34 0.184321 0.031934 0.077842 0.045723
34 0.009824 0.661875 0.019609 0.019961
35 0.885342 0.217754 0.071562 0.033184
34 0.808882 0.099956 0.075146 0.045322
35 0.880151 0.070317 0.072822 0.033311
34 0.809849 0.143721 0.077861 0.046094
33 0.751357 0.097822 0.039902 0.033320
33 0.355718 0.063506 0.028271 0.034473
33 0.185283 0.069507 0.029824 0.030986
34 0.147319 0.520977 0.216123 0.035488
34 0.152158 0.839790 0.163438 0.053760
35 0.886777 0.817983 0.073594 0.028662
0 0.413325 0.401851 0.027002 0.042744
6 0.094790 0.189351 0.016748 0.013506
0 0.778945 0.218477 0.033750 0.015000
0 0.557695 0.280352 0.017246 0.032246
9 0.661362 0.087920 0.044775 0.040586
8 0.524097 0.088340 0.045615 0.043945
30 0.848872 0.022075 0.065264 0.044150
30 0.595356 0.022578 0.058232 0.045156
30 0.430195 0.096362 0.059238 0.062256
21 0.555200 0.355903 0.028115 0.029111
0 0.422324 0.675967 0.024004 0.043496
0 0.325576 0.348604 0.030000 0.045742
0 0.773135 0.071641 0.031387 0.016738
0 0.557319 0.324976 0.017998 0.034502
0 0.325576 0.619722 0.022500 0.051006
0 0.093569 0.212393 0.017432 0.030020
5 0.701787 0.377490 0.042168 0.040156
0 0.701787 0.439736 0.018066 0.032129
6 0.664683 0.014521 0.011572 0.011211
6 0.775356 0.015425 0.013018 0.011572
34 0.358911 0.025439 0.079502 0.045566
34 0.421611 0.805815 0.045352 0.024541
34 0.769497 0.042358 0.076182 0.043447
34 0.602671 0.325923 0.077412 0.045498
34 0.383945 0.274971 0.043535 0.020723
33 0.279922 0.065327 0.027461 0.036260
34 0.960396 0.068296 0.078936 0.024834
34 0.495103 0.257480 0.039287 0.020645
34 0.248755 0.086592 0.041885 0.017187
34 0.473066 0.676582 0.078008 0.047891
34 0.327100 0.537710 0.059941 0.038350
34 0.304277 0.660552 0.034609 0.020967
34 0.885884 0.778618 0.153896 0.047197
34 0.314326 0.159180 0.045098 0.023926
34 0.354585 0.445024 0.040146 0.022256
34 0.662061 0.045229 0.075293 0.043838
34 0.955928 0.851592 0.054883 0.024297
34 0.881353 0.194360 0.118428 0.025127
34 0.342500 0.227397 0.045000 0.021885
34 0.356313 0.725752 0.038311 0.024180
34 0.010703 0.387437 0.021055 0.020850
34 0.429478 0.052065 0.084775 0.038818
34 0.384966 0.549258 0.044756 0.022617
34 0.328086 0.265166 0.057012 0.038711
34 0.775068 0.189092 0.079414 0.042754
34 0.414175 0.212910 0.060049 0.043418
34 0.302725 0.387227 0.035078 0.020723
34 0.373672 0.618413 0.075801 0.045732
34 0.555117 0.527480 0.047383 0.022598
34 0.355176 0.498120 0.046563 0.022607
33 0.737739 0.143809 0.066807 0.035703
34 0.602393 0.276914 0.077031 0.045820
34 0.522480 0.045557 0.077051 0.043711
34 0.368623 0.403564 0.070762 0.045391
34 0.746265 0.439902 0.077236 0.048750
34 0.372407 0.345991 0.074561 0.044775
34 0.424443 0.485454 0.059961 0.044014
