34 0.143755 0.182295 0.032568 0.073867
21 0.432271 0.403281 0.023447 0.031895
1 0.924478 0.620024 0.077803 0.040029
3 0.785273 0.276753 0.090762 0.080244
0 0.977021 0.402793 0.020879 0.035078
0 0.459824 0.477954 0.029609 0.053662
0 0.431973 0.361826 0.019297 0.034570
6 0.434443 0.128174 0.017402 0.017402
15 0.459907 0.080225 0.065166 0.061387
3 0.807881 0.595537 0.082949 0.090488
34 0.371406 0.165981 0.101543 0.068955
34 0.563467 0.356655 0.170547 0.124268
34 0.368604 0.360073 0.101680 0.067217
0 0.435483 0.164468 0.019053 0.033877
34 0.529858 0.476230 0.104346 0.068633
34 0.343374 0.646743 0.058018 0.030713
34 0.925405 0.570542 0.116689 0.063857
34 0.049990 0.079385 0.099785 0.067832
34 0.802158 0.518013 0.117168 0.064873
35 0.808271 0.169512 0.050918 0.120098
34 0.881274 0.279233 0.111865 0.064561
34 0.071284 0.354512 0.142568 0.130176
34 0.897920 0.412271 0.128594 0.099639
34 0.341147 0.601602 0.058311 0.030176
34 0.551724 0.079282 0.103994 0.067998
34 0.038267 0.474551 0.076533 0.065547
34 0.919536 0.083486 0.160928 0.067266
34 0.693296 0.247793 0.033096 0.074180
34 0.920352 0.022349 0.158965 0.044580
34 0.034819 0.004365 0.069639 0.008730
34 0.521777 0.004009 0.101445 0.007979
