34 0.972490 0.630947 0.055020 0.034785
34 0.610566 0.552559 0.101152 0.062988
34 0.192676 0.400415 0.102383 0.065361
34 0.711865 0.821113 0.097168 0.062852
34 0.724678 0.598486 0.099707 0.060625
34 0.327764 0.575386 0.144141 0.101924
35 0.324287 0.649116 0.103965 0.045244
34 0.711987 0.740732 0.097061 0.061660
0 0.783057 0.743379 0.032813 0.063809
21 0.783770 0.904697 0.056895 0.075195
6 0.115981 0.874229 0.033916 0.051465
3 0.608940 0.628521 0.086650 0.085303
5 0.730601 0.652002 0.037432 0.042109
3 0.097661 0.399526 0.094307 0.089014
0 0.783027 0.822734 0.032422 0.064199
