5 0.519785 0.701152 0.038008 0.047969
6 0.884795 0.717871 0.027246 0.019277
0 0.885312 0.787266 0.025039 0.037734
0 0.665747 0.481147 0.022900 0.035127
0 0.670767 0.661167 0.019756 0.035127
0 0.981475 0.838608 0.019961 0.035928
0 0.211152 0.361753 0.022578 0.039834
0 0.665122 0.523647 0.018506 0.034814
21 0.670244 0.730483 0.034707 0.047607
21 0.394517 0.665586 0.035518 0.043750
6 0.979009 0.720859 0.025596 0.020605
1 0.330981 0.474321 0.024072 0.049482
6 0.116172 0.705342 0.019277 0.013301
6 0.623657 0.553545 0.021260 0.017520
0 0.884404 0.836431 0.019590 0.037373
0 0.980928 0.788896 0.018867 0.035918
0 0.081626 0.280840 0.020068 0.036699
6 0.588618 0.583560 0.017803 0.022979
3 0.974248 0.541680 0.039473 0.048242
3 0.038335 0.871724 0.045068 0.043857
3 0.731372 0.726436 0.049346 0.038379
0 0.081943 0.361753 0.021953 0.038584
0 0.209580 0.281152 0.022578 0.038574
0 0.115449 0.781191 0.021680 0.035508
0 0.114907 0.737280 0.021143 0.034971
0 0.394746 0.611997 0.019238 0.034834
0 0.393657 0.566274 0.022139 0.034834
35 0.937642 0.115596 0.102158 0.041934
35 0.332266 0.380649 0.037637 0.094619
35 0.209658 0.421509 0.033379 0.073115
35 0.079038 0.424204 0.036553 0.072041
4 0.730142 0.665151 0.043486 0.036943
4 0.678188 0.962666 0.039131 0.045176
34 0.930259 0.307612 0.069014 0.047959
34 0.974946 0.679893 0.036826 0.023340
34 0.967686 0.749121 0.022305 0.031113
34 0.933721 0.792417 0.065332 0.045107
34 0.934243 0.841934 0.066377 0.041484
34 0.840645 0.919717 0.110449 0.092305
34 0.683262 0.918164 0.059121 0.038379
33 0.935493 0.363989 0.050537 0.069893
33 0.019629 0.633340 0.039258 0.051621
33 0.260220 0.941938 0.046240 0.068818
33 0.983604 0.608608 0.032793 0.045166
34 0.716968 0.859312 0.137939 0.043037
34 0.834678 0.836235 0.067402 0.043564
34 0.837012 0.785415 0.066895 0.044600
34 0.871494 0.748340 0.023848 0.032676
34 0.790601 0.723452 0.065342 0.042002
34 0.789824 0.662520 0.065859 0.042520
34 0.937871 0.606001 0.064297 0.046670
34 0.971528 0.495806 0.056943 0.045107
34 0.853604 0.538843 0.047188 0.028525
34 0.708413 0.477651 0.064814 0.042002
34 0.706597 0.523286 0.066377 0.040967
34 0.705039 0.579551 0.024883 0.041484
34 0.680410 0.614551 0.038887 0.024375
34 0.625962 0.662261 0.065850 0.038896
34 0.437983 0.611182 0.069482 0.041484
6 0.666670 0.420073 0.015820 0.016084
34 0.436172 0.566069 0.065859 0.044600
34 0.517065 0.650596 0.060674 0.041484
34 0.576436 0.842197 0.021777 0.049258
34 0.433076 0.959395 0.052402 0.026445
34 0.259341 0.887568 0.061709 0.042520
34 0.132300 0.921274 0.104229 0.097490
34 0.090557 0.871235 0.062227 0.040967
34 0.101445 0.812378 0.024883 0.034229
34 0.283198 0.814976 0.040967 0.023857
34 0.159521 0.781011 0.062227 0.042002
34 0.157451 0.735117 0.061191 0.039414
34 0.070073 0.630889 0.060674 0.044590
34 0.211123 0.471953 0.120820 0.026445
34 0.080444 0.471177 0.120830 0.026963
34 0.043628 0.361758 0.055479 0.040449
34 0.068257 0.322607 0.024893 0.037852
34 0.044922 0.281128 0.054961 0.042002
34 0.171709 0.360981 0.058594 0.042002
34 0.197637 0.322607 0.024375 0.034746
34 0.172744 0.280864 0.057559 0.040439
34 0.367207 0.511362 0.036816 0.024365
34 0.380942 0.471172 0.066377 0.042520
34 0.333218 0.303677 0.187666 0.078818
34 0.391055 0.230049 0.049258 0.020742
34 0.392871 0.199712 0.047715 0.022295
34 0.390796 0.147339 0.045635 0.019189
34 0.804087 0.117520 0.160752 0.053926
