35 0.279192 0.805112 0.049428 0.072646
34 0.253796 0.748052 0.273114 0.045596
34 0.571961 0.628745 0.207761 0.048115
34 0.036481 0.659531 0.072963 0.034062
0 0.278712 0.896626 0.036077 0.040908
34 0.353367 0.897158 0.115993 0.043125
34 0.661187 0.915205 0.120758 0.041484
35 0.060194 0.708989 0.053990 0.070654
35 0.400715 0.627129 0.126111 0.034688
0 0.225657 0.870713 0.036667 0.040898
34 0.253476 0.577261 0.119882 0.040498
34 0.150951 0.870942 0.112609 0.041533
34 0.525101 0.915293 0.119024 0.041777
33 0.661557 0.961494 0.055572 0.047168
35 0.223384 0.805361 0.053603 0.072715
33 0.523577 0.960967 0.056178 0.046406
3 0.253754 0.617974 0.075690 0.041904
