34 0.631138 0.518569 0.128662 0.048486
34 0.252446 0.584126 0.098857 0.029639
11 0.343257 0.244194 0.072705 0.073037
35 0.342925 0.457886 0.034189 0.077021
11 0.908721 0.243608 0.072598 0.072373
35 0.921528 0.875703 0.034639 0.077480
34 0.176074 0.963242 0.025469 0.044922
35 0.627070 0.456855 0.033477 0.076055
11 0.627393 0.243408 0.072187 0.072402
35 0.653501 0.108940 0.075459 0.033135
35 0.908853 0.456904 0.034092 0.077617
34 0.770356 0.818555 0.044697 0.026719
34 0.445928 0.696636 0.049609 0.026611
35 0.569063 0.933467 0.036816 0.076758
0 0.818999 0.476812 0.030420 0.051318
34 0.347070 0.519502 0.125781 0.048301
34 0.657734 0.080688 0.073027 0.026279
34 0.418945 0.238203 0.078262 0.074785
34 0.575063 0.071558 0.075850 0.048799
34 0.567788 0.869214 0.145088 0.052314
34 0.691182 0.365703 0.074785 0.048184
34 0.852505 0.924111 0.075674 0.048281
34 0.866982 0.347690 0.045547 0.026377
34 0.692939 0.796621 0.078711 0.047168
34 0.532134 0.289902 0.048643 0.028906
34 0.582783 0.347871 0.046172 0.026641
34 0.107783 0.062505 0.043926 0.026162
0 0.148545 0.113945 0.027363 0.047969
0 0.537930 0.477251 0.028516 0.051533
34 0.513657 0.093486 0.043389 0.025840
0 0.254199 0.476650 0.029648 0.052109
34 0.601626 0.818789 0.043975 0.026719
34 0.215713 0.406899 0.043848 0.025635
34 0.677466 0.923457 0.075498 0.051465
35 0.148965 0.187964 0.036152 0.077490
34 0.419683 0.143491 0.090869 0.051182
34 0.785957 0.407095 0.045430 0.025479
0 0.180972 0.366294 0.033115 0.053428
0 0.575298 0.110488 0.053623 0.033750
0 0.691094 0.834932 0.054512 0.032695
0 0.745771 0.366255 0.032578 0.053447
0 0.464429 0.366328 0.031865 0.054063
11 0.982529 0.031455 0.034941 0.062910
34 0.934414 0.011562 0.054844 0.023125
5 0.475806 0.007798 0.043018 0.015596
13 0.282266 0.968286 0.043008 0.050537
34 0.537642 0.585493 0.106455 0.031182
34 0.814521 0.584414 0.098926 0.033340
34 0.298545 0.347822 0.045332 0.027207
34 0.409468 0.366372 0.075264 0.047666
34 0.922246 0.818950 0.073301 0.029521
34 0.501538 0.407407 0.044619 0.025928
34 0.129702 0.850439 0.080498 0.052305
34 0.200303 0.477778 0.073164 0.048154
13 0.112363 0.966846 0.036758 0.052168
34 0.151753 0.257939 0.128994 0.073535
34 0.279814 0.917271 0.079414 0.048994
34 0.030620 0.147192 0.061240 0.049795
34 0.483994 0.477944 0.073184 0.048057
0 0.148779 0.044990 0.027031 0.046836
1 0.075068 0.147861 0.030781 0.052695
34 0.200020 0.112417 0.076074 0.052061
34 0.765894 0.479077 0.073174 0.048271
34 0.407671 0.014893 0.084053 0.029785
34 0.702964 0.235669 0.078896 0.075830
21 0.537549 0.547197 0.041152 0.044590
34 0.898306 0.520581 0.121729 0.048682
21 0.477729 0.190234 0.035850 0.035566
34 0.747998 0.976787 0.051035 0.027090
21 0.253232 0.547432 0.041914 0.045625
21 0.818237 0.547056 0.040576 0.044287
34 0.201709 0.042085 0.074023 0.049248
34 0.105825 0.916353 0.078018 0.050049
34 0.009790 0.964692 0.019424 0.043057
34 0.126592 0.367754 0.074473 0.047812
0 0.477793 0.061035 0.020996 0.037676
1 0.021353 0.850093 0.032314 0.051572
1 0.189883 0.849736 0.030488 0.051094
34 0.421035 0.060977 0.091172 0.049414
0 0.477871 0.146182 0.020645 0.038047
34 0.971753 0.235195 0.056494 0.076719
3 0.854116 0.974741 0.052002 0.050518
3 0.680259 0.974844 0.050479 0.050312
