0 0.545894 0.988022 0.058193 0.023721
34 0.024126 0.960259 0.048193 0.048896
34 0.024146 0.947695 0.046104 0.022051
33 0.510820 0.323955 0.038770 0.038477
33 0.391079 0.328975 0.038857 0.043164
34 0.993311 0.863833 0.013379 0.050850
34 0.008906 0.623374 0.017812 0.022197
33 0.395654 0.563804 0.040000 0.042002
33 0.876201 0.277300 0.040527 0.038857
34 0.008784 0.390215 0.017568 0.020742
33 0.510166 0.563359 0.040664 0.043340
34 0.129966 0.428799 0.024756 0.037031
33 0.060615 0.306255 0.039707 0.039756
34 0.662354 0.366133 0.066387 0.047441
34 0.743628 0.766108 0.062451 0.049600
34 0.467910 0.604575 0.065020 0.048877
34 0.662715 0.600439 0.066113 0.047344
34 0.725977 0.317168 0.065605 0.047930
34 0.389697 0.284395 0.067148 0.048359
34 0.429526 0.831226 0.064775 0.046572
34 0.189741 0.908735 0.064131 0.049209
34 0.115659 0.907500 0.064561 0.049727
34 0.578984 0.599014 0.066914 0.047012
34 0.111968 0.233745 0.064248 0.049463
34 0.349746 0.368667 0.063223 0.047119
34 0.353931 0.602852 0.064131 0.047090
34 0.830591 0.319014 0.065635 0.047578
34 0.306523 0.953315 0.062988 0.046533
34 0.510054 0.281694 0.067627 0.048057
34 0.467905 0.367271 0.065361 0.048857
34 0.510010 0.516436 0.067871 0.048887
34 0.067480 0.601567 0.067363 0.047041
33 0.191396 0.961729 0.039629 0.057188
34 0.977529 0.957192 0.044941 0.048779
34 0.265562 0.317739 0.116396 0.086143
33 0.921431 0.458887 0.056279 0.040156
34 0.058843 0.816528 0.064756 0.048564
34 0.797212 0.520083 0.065088 0.049170
34 0.321904 0.853267 0.049453 0.026357
34 0.103843 0.702686 0.065420 0.047559
34 0.066719 0.369199 0.067539 0.046523
34 0.396548 0.517119 0.068506 0.049199
34 0.773447 0.231660 0.066641 0.048691
34 0.545347 0.953291 0.063643 0.047051
34 0.577256 0.367549 0.066621 0.047988
34 0.704033 0.494360 0.023945 0.046123
33 0.117192 0.961045 0.040674 0.057090
33 0.060752 0.235957 0.039805 0.040078
34 0.133188 0.660640 0.023916 0.036885
34 0.111919 0.304004 0.064502 0.049629
34 0.830098 0.868511 0.062695 0.049932
34 0.855908 0.462671 0.066875 0.048564
34 0.425132 0.918359 0.063057 0.048398
34 0.270366 0.552144 0.116260 0.083467
33 0.921826 0.403169 0.056387 0.040400
34 0.016484 0.274180 0.032910 0.046504
34 0.743306 0.558711 0.025654 0.041562
34 0.938438 0.550972 0.024141 0.046357
34 0.855986 0.405518 0.065996 0.050059
34 0.876943 0.231689 0.067148 0.048848
34 0.063965 0.977217 0.053359 0.023633
34 0.015630 0.204551 0.031182 0.045039
34 0.697119 0.978174 0.049844 0.023691
34 0.096396 0.468633 0.065352 0.048770
0 0.875449 0.318457 0.019258 0.037637
0 0.145991 0.700815 0.018408 0.036221
11 0.269468 0.406416 0.095459 0.092090
11 0.269683 0.639634 0.095986 0.093193
4 0.423174 0.971611 0.065527 0.056777
6 0.755171 0.485146 0.015752 0.014883
21 0.146255 0.744893 0.033857 0.037129
21 0.143135 0.515010 0.033613 0.037090
6 0.188623 0.637866 0.024512 0.021475
0 0.065718 0.639551 0.057432 0.029961
6 0.188647 0.403921 0.025166 0.022061
0 0.430337 0.871396 0.058076 0.033125
0 0.661602 0.639521 0.056426 0.030762
0 0.661675 0.405200 0.056240 0.031748
21 0.013711 0.856050 0.027422 0.035225
0 0.065889 0.406113 0.058047 0.030879
0 0.307139 0.988257 0.057734 0.023486
1 0.578604 0.638779 0.059434 0.033320
1 0.578672 0.405581 0.058945 0.033193
0 0.878906 0.862598 0.033848 0.058125
0 0.772397 0.318608 0.020967 0.037705
0 0.510503 0.367134 0.018955 0.036357
0 0.390264 0.369331 0.019062 0.035088
0 0.978096 0.989473 0.043809 0.020742
6 0.325420 0.403169 0.024180 0.020791
6 0.212026 0.405586 0.026592 0.021758
6 0.213477 0.638149 0.027578 0.021318
6 0.324219 0.638779 0.024238 0.023398
0 0.011104 0.811865 0.017988 0.034258
0 0.509062 0.604131 0.018691 0.035762
0 0.395342 0.605029 0.018066 0.034336
0 0.754824 0.518667 0.018398 0.034346
0 0.790068 0.770142 0.031191 0.057041
0 0.142280 0.470479 0.019209 0.034570
