34 0.666338 0.050483 0.085332 0.044932
33 0.738379 0.049644 0.051387 0.043682
33 0.734819 0.125659 0.043955 0.042900
34 0.985366 0.214785 0.029268 0.072676
34 0.303965 0.979771 0.195547 0.039443
34 0.318359 0.649600 0.145176 0.057051
33 0.738359 0.944868 0.048887 0.041338
34 0.202993 0.655410 0.117646 0.059141
35 0.309199 0.700366 0.104082 0.046436
35 0.312271 0.908545 0.104346 0.045801
34 0.979258 0.310098 0.041484 0.049453
34 0.701357 0.218784 0.030586 0.049834
34 0.818042 0.227271 0.033076 0.050303
34 0.795176 0.813901 0.051250 0.033877
34 0.927056 0.366392 0.033213 0.049678
35 0.309937 0.155347 0.104639 0.046104
34 0.753198 0.714429 0.103330 0.059404
34 0.753887 0.635005 0.104531 0.056396
34 0.926885 0.639165 0.102539 0.057568
34 0.756890 0.548154 0.106592 0.055723
34 0.895713 0.517231 0.061211 0.031377
34 0.668965 0.124785 0.084102 0.043906
34 0.610200 0.792163 0.103545 0.059229
35 0.312686 0.023188 0.105020 0.046377
34 0.673301 0.946333 0.084590 0.044033
34 0.323052 0.857065 0.211709 0.062256
34 0.506963 0.889165 0.057363 0.033994
34 0.303828 0.105391 0.194629 0.060723
33 0.870532 0.087734 0.071553 0.043242
34 0.779961 0.285654 0.087324 0.049492
34 0.891865 0.311992 0.087617 0.049219
34 0.168501 0.771567 0.096846 0.058506
34 0.074961 0.649736 0.050332 0.031719
34 0.651421 0.281396 0.099463 0.052383
34 0.791240 0.087954 0.083125 0.043604
33 0.870835 0.978838 0.072373 0.041992
34 0.188691 0.463643 0.056621 0.028398
34 0.794355 0.978857 0.082617 0.042285
3 0.840552 0.631738 0.069131 0.065293
0 0.945181 0.311655 0.022314 0.038213
4 0.838652 0.713647 0.069531 0.068838
0 0.106958 0.772339 0.023018 0.040361
0 0.835640 0.285464 0.023955 0.039385
0 0.718657 0.285674 0.024248 0.040332
0 0.675312 0.791670 0.023184 0.040742
0 0.757612 0.586968 0.040068 0.023291
6 0.675947 0.729810 0.022305 0.021182
0 0.192202 0.700283 0.058291 0.032500
21 0.719321 0.426084 0.039463 0.051914
21 0.106523 0.838315 0.044434 0.054717
6 0.969565 0.754541 0.026592 0.023652
21 0.945708 0.426870 0.041709 0.052510
6 0.944766 0.532881 0.030508 0.025488
6 0.969424 0.532881 0.033008 0.022988
6 0.943511 0.752905 0.028838 0.026748
21 0.836035 0.413555 0.040566 0.053027
