34 0.550728 0.463862 0.078564 0.049346
34 0.589766 0.789570 0.027559 0.036836
34 0.732729 0.940415 0.027666 0.037881
34 0.732959 0.385498 0.027754 0.038047
34 0.978477 0.857495 0.042715 0.052510
34 0.804214 0.737520 0.081045 0.048477
34 0.980176 0.461196 0.039648 0.049971
34 0.398896 0.791499 0.025684 0.035576
34 0.359448 0.462793 0.075596 0.050137
34 0.607764 0.691108 0.104297 0.105010
34 0.549243 0.855913 0.080830 0.050420
34 0.413745 0.689990 0.101963 0.107187
34 0.358457 0.856631 0.077734 0.048867
6 0.749326 0.865698 0.022402 0.029072
0 0.749185 0.736885 0.028916 0.051543
0 0.606787 0.855171 0.031699 0.053057
0 0.415713 0.855161 0.029082 0.053506
0 0.415557 0.461611 0.027988 0.053633
0 0.605981 0.461489 0.029424 0.053311
0 0.749531 0.466582 0.028125 0.051367
11 0.832354 0.613096 0.068438 0.066133
34 0.804175 0.466279 0.078135 0.050645
34 0.589966 0.387900 0.024189 0.036973
34 0.397778 0.389512 0.026924 0.037031
34 0.907129 0.616572 0.075742 0.055391
