34 0.760000 0.453016 0.091055 0.057238
34 0.681553 0.597469 0.087285 0.056246
34 0.944282 0.474109 0.094248 0.053901
0 0.683784 0.640225 0.040459 0.025705
0 0.232192 0.064312 0.020869 0.044431
0 0.231919 0.176494 0.019248 0.043495
0 0.683623 0.316319 0.037949 0.027159
34 0.579336 0.458033 0.091641 0.055908
33 0.761333 0.195417 0.046709 0.073630
33 0.577666 0.521381 0.048516 0.068963
33 0.763174 0.518269 0.048516 0.076223
34 0.235347 0.474611 0.092080 0.059639
34 0.234673 0.329932 0.089834 0.057565
34 0.157866 0.403828 0.026045 0.050812
34 0.797983 0.606178 0.101494 0.028794
34 0.856270 0.466736 0.026680 0.055908
34 0.602388 0.602993 0.028701 0.051894
34 0.444487 0.489171 0.085830 0.058591
15 0.447310 0.239893 0.068311 0.082559
4 0.945513 0.056020 0.041025 0.056347
15 0.450342 0.561234 0.068652 0.079560
2 0.175386 0.476251 0.023818 0.046528
4 0.944873 0.217959 0.051660 0.074250
4 0.944141 0.541939 0.051953 0.075986
0 0.175166 0.330727 0.019863 0.047227
4 0.945459 0.365693 0.038965 0.056663
33 0.579219 0.198061 0.047207 0.065344
34 0.291377 0.066849 0.089316 0.058253
34 0.159868 0.115558 0.029287 0.045862
34 0.287461 0.174983 0.091348 0.055581
34 0.446230 0.163602 0.091641 0.057576
34 0.578755 0.135310 0.091631 0.057249
34 0.762461 0.129949 0.094238 0.055908
34 0.856128 0.143179 0.026396 0.056234
34 0.941528 0.151212 0.089893 0.052886
34 0.944141 0.011663 0.072500 0.023326
34 0.943848 0.309899 0.088730 0.054228
34 0.797837 0.282616 0.101787 0.031139
34 0.682856 0.274076 0.082939 0.056246
34 0.601519 0.277926 0.029873 0.048546
