1 0.285025 0.481553 0.064293 0.074609
1 0.741406 0.481470 0.065943 0.074717
11 0.741237 0.366348 0.209781 0.117480
11 0.283737 0.366836 0.207710 0.117188
3 0.257138 0.610552 0.137239 0.072490
3 0.713838 0.610532 0.140168 0.073252
34 0.139882 0.480249 0.197071 0.070381
34 0.535808 0.359810 0.194646 0.071553
34 0.596288 0.479268 0.199882 0.071191
34 0.087719 0.360503 0.172542 0.072119
34 0.542088 0.612109 0.198721 0.073477
35 0.740446 0.222539 0.094158 0.115273
35 0.283662 0.222476 0.093013 0.116494
35 0.444175 0.892324 0.200808 0.057656
34 0.095640 0.795669 0.066970 0.082178
34 0.671061 0.891230 0.222761 0.112441
34 0.092205 0.612446 0.182828 0.072939
34 0.383502 0.144375 0.767003 0.049805
