34 0.387358 0.531226 0.086494 0.048662
34 0.202891 0.703130 0.123672 0.086475
34 0.128804 0.881499 0.091533 0.048428
34 0.035508 0.881216 0.071016 0.048740
34 0.329062 0.155059 0.089492 0.049590
34 0.638120 0.947080 0.060674 0.024961
33 0.951167 0.353892 0.051240 0.041592
34 0.885513 0.107495 0.089775 0.049639
34 0.030176 0.196636 0.060332 0.047529
34 0.943047 0.198447 0.089238 0.050547
34 0.600239 0.557090 0.088096 0.049375
34 0.606567 0.273481 0.087627 0.048311
34 0.515171 0.273633 0.089072 0.048906
34 0.443818 0.438516 0.089238 0.048809
34 0.036357 0.276587 0.072520 0.047061
34 0.507739 0.558882 0.086963 0.047041
34 0.250688 0.919946 0.090596 0.048604
34 0.375630 0.800210 0.092197 0.048857
34 0.267007 0.247310 0.087627 0.050283
33 0.130283 0.933374 0.041426 0.053154
34 0.491460 0.923076 0.091006 0.049570
34 0.635796 0.774917 0.091689 0.053018
34 0.445479 0.154878 0.090059 0.049580
34 0.035937 0.558950 0.071875 0.050479
34 0.880054 0.286426 0.087490 0.050645
33 0.950942 0.289092 0.051025 0.040293
34 0.141172 0.229458 0.083984 0.050420
34 0.139985 0.153452 0.082861 0.051650
34 0.045610 0.655430 0.086865 0.050254
34 0.266890 0.531768 0.088057 0.050449
34 0.844204 0.778286 0.090928 0.049482
34 0.048799 0.372881 0.087168 0.049336
34 0.888984 0.836001 0.086543 0.050967
34 0.274414 0.823198 0.054727 0.024756
34 0.878022 0.353594 0.088369 0.050098
34 0.276187 0.297319 0.057119 0.023584
34 0.277129 0.584116 0.057324 0.020811
0 0.374712 0.840381 0.057451 0.032676
0 0.943828 0.820474 0.021895 0.037510
0 0.601851 0.313062 0.055771 0.031611
1 0.511880 0.597964 0.059287 0.035537
0 0.977012 0.964751 0.045977 0.032314
0 0.028135 0.314028 0.055430 0.031162
0 0.250947 0.963525 0.059355 0.034590
0 0.016143 0.232021 0.032285 0.023711
21 0.106816 0.413320 0.031914 0.034336
0 0.783062 0.776665 0.032041 0.056729
1 0.517612 0.312998 0.060771 0.034531
0 0.601226 0.597744 0.055986 0.032520
0 0.016489 0.152720 0.032979 0.023564
0 0.028037 0.598643 0.055957 0.031953
0 0.606963 0.431914 0.038301 0.022148
0 0.490625 0.964180 0.056680 0.032969
0 0.105630 0.370645 0.022451 0.036113
0 0.805957 0.917837 0.021934 0.036846
0 0.443560 0.248501 0.021611 0.038291
21 0.103047 0.699087 0.034102 0.038057
0 0.327017 0.532017 0.022139 0.035869
0 0.103369 0.654937 0.020527 0.034912
0 0.885859 0.197144 0.021094 0.036475
0 0.327134 0.248496 0.022764 0.038457
4 0.364819 0.950269 0.063662 0.062178
11 0.196577 0.599087 0.100264 0.097041
11 0.196396 0.314292 0.099453 0.096768
21 0.943379 0.867490 0.030332 0.041973
6 0.806748 0.882563 0.015410 0.013740
0 0.697993 0.774263 0.031709 0.058916
0 0.443481 0.532109 0.021123 0.035254
34 0.386875 0.247031 0.087109 0.049004
33 0.076729 0.232861 0.040703 0.039551
34 0.327681 0.438525 0.088643 0.047988
33 0.443750 0.487632 0.039648 0.050967
34 0.603086 0.396660 0.092480 0.048691
34 0.197461 0.417964 0.121250 0.086396
33 0.443506 0.199380 0.040449 0.044326
33 0.886367 0.154014 0.040371 0.042305
33 0.076660 0.153472 0.039883 0.040791
33 0.328267 0.487446 0.040439 0.050127
6 0.932114 0.720444 0.015557 0.016592
6 0.907739 0.492275 0.016592 0.019707
34 0.968359 0.924956 0.063281 0.046611
34 0.861812 0.914072 0.090693 0.051973
33 0.024985 0.933047 0.040869 0.052598
34 0.365366 0.895381 0.090889 0.049238
33 0.328301 0.204907 0.040762 0.056045
34 0.030693 0.115190 0.061387 0.048721
