3 0.020498 0.360171 0.040879 0.095244
34 0.011206 0.751587 0.022412 0.056006
34 0.042568 0.160479 0.030059 0.046426
0 0.519521 0.220103 0.023340 0.045459
34 0.568184 0.442949 0.111191 0.065469
0 0.737598 0.219917 0.022617 0.044189
34 0.112153 0.218794 0.083271 0.054678
0 0.060703 0.219565 0.022520 0.044131
0 0.810649 0.751152 0.022490 0.043984
34 0.574585 0.221436 0.086455 0.055156
34 0.866924 0.752725 0.086758 0.056973
34 0.788213 0.441030 0.111152 0.066787
34 0.394795 0.063740 0.030684 0.048320
34 0.350889 0.443989 0.106055 0.065225
34 0.768901 0.970356 0.109561 0.059287
34 0.023599 0.220317 0.047041 0.053740
34 0.467021 0.219854 0.084961 0.054180
34 0.794478 0.219648 0.087881 0.055332
34 0.027075 0.443457 0.054131 0.067871
34 0.683506 0.220049 0.086250 0.054785
0 0.629878 0.219800 0.022803 0.044678
34 0.793110 0.625049 0.030869 0.046934
34 0.757104 0.754038 0.087705 0.055498
34 0.834805 0.156304 0.030430 0.047549
34 0.902266 0.218379 0.084258 0.055312
34 0.358726 0.221040 0.089697 0.055107
0 0.039775 0.752637 0.023398 0.045156
0 0.413198 0.219873 0.022314 0.043633
34 0.611436 0.154727 0.028574 0.045898
6 0.954258 0.175210 0.020820 0.020498
6 0.039600 0.707998 0.021289 0.020742
0 0.953735 0.219668 0.023604 0.046113
0 0.161929 0.219937 0.024033 0.045283
0 0.852168 0.219590 0.022305 0.045586
34 0.343584 0.515977 0.049883 0.029434
0 0.926626 0.752646 0.024580 0.044277
6 0.519902 0.175127 0.020059 0.020723
3 0.356992 0.360757 0.080645 0.091396
3 0.574199 0.361294 0.078496 0.088174
6 0.162910 0.175273 0.027949 0.019355
6 0.736025 0.174204 0.023652 0.017217
3 0.794629 0.361294 0.080645 0.090322
6 0.927427 0.708608 0.025811 0.023662
0 0.769360 0.918286 0.092471 0.038701
