3 0.137266 0.584365 0.041504 0.042246
2 0.313403 0.162627 0.042646 0.021309
21 0.008350 0.072354 0.016699 0.024824
5 0.200854 0.527441 0.029131 0.022852
6 0.859717 0.969834 0.015684 0.014336
21 0.986216 0.961992 0.027568 0.041680
35 0.125063 0.261011 0.072412 0.033350
4 0.293892 0.251821 0.043975 0.042549
35 0.101338 0.162168 0.072285 0.032246
0 0.337686 0.296743 0.014844 0.025127
34 0.782944 0.006846 0.039756 0.013633
35 0.050293 0.693437 0.070957 0.034043
34 0.901694 0.985635 0.074951 0.028594
34 0.248330 0.247061 0.047773 0.024883
33 0.201514 0.400063 0.032285 0.048174
34 0.883828 0.138237 0.038984 0.025420
33 0.136802 0.401450 0.031982 0.050928
35 0.050146 0.790059 0.070820 0.034824
35 0.047808 0.593857 0.070635 0.033809
34 0.721284 0.873896 0.028174 0.046465
34 0.189204 0.147690 0.041494 0.024736
0 0.896562 0.513887 0.027715 0.016875
33 0.261152 0.504521 0.031152 0.045742
0 0.337417 0.340513 0.013955 0.026318
34 0.884854 0.076382 0.040488 0.024014
34 0.884883 0.255239 0.039492 0.023232
34 0.884907 0.196733 0.040244 0.024248
34 0.509404 0.010322 0.039258 0.020645
33 0.334526 0.504414 0.031689 0.045977
21 0.337266 0.369209 0.022383 0.023848
34 0.176807 0.582656 0.039902 0.020957
34 0.324595 0.866528 0.045146 0.022158
34 0.315200 0.134131 0.062314 0.039082
0 0.387383 0.907852 0.016270 0.028164
3 0.203276 0.251738 0.041963 0.041875
34 0.610918 0.234150 0.145430 0.112246
3 0.294097 0.251279 0.044463 0.041973
35 0.966973 0.512349 0.066055 0.033838
34 0.897935 0.484663 0.065791 0.040947
34 0.137500 0.487031 0.067852 0.039785
34 0.340723 0.909648 0.074805 0.040234
0 0.949438 0.152280 0.039443 0.021201
34 0.184233 0.682090 0.038213 0.021641
0 0.948960 0.269800 0.039424 0.021299
34 0.137373 0.544468 0.067129 0.038779
34 0.134878 0.353926 0.069541 0.039746
34 0.339839 0.952266 0.075947 0.040098
34 0.252583 0.051724 0.069951 0.040127
34 0.294521 0.296260 0.067090 0.038828
34 0.897842 0.424893 0.066289 0.040918
0 0.949307 0.210439 0.039863 0.020430
0 0.136089 0.695303 0.041123 0.021230
34 0.125459 0.224668 0.098320 0.041914
35 0.967148 0.332490 0.065703 0.034961
34 0.258125 0.461143 0.074609 0.040078
34 0.949707 0.059487 0.066855 0.040518
34 0.188472 0.778579 0.041807 0.020928
0 0.988828 0.924995 0.016680 0.028721
34 0.098594 0.126074 0.140469 0.042383
34 0.897705 0.304292 0.066113 0.039326
34 0.333486 0.460894 0.072207 0.040146
34 0.205693 0.211523 0.061895 0.040098
34 0.236841 0.112388 0.062432 0.039502
34 0.110352 0.071748 0.049609 0.026055
34 0.897891 0.364746 0.066211 0.039766
0 0.138267 0.515615 0.040947 0.019121
0 0.387544 0.951006 0.015986 0.027168
34 0.134189 0.740464 0.068398 0.040283
35 0.966929 0.453320 0.065654 0.034668
34 0.135024 0.665757 0.063896 0.039854
34 0.294761 0.211445 0.063291 0.039531
34 0.205132 0.354180 0.066631 0.040020
0 0.949150 0.090464 0.039414 0.022197
34 0.948398 0.181279 0.062910 0.036973
34 0.294414 0.340142 0.069141 0.040186
35 0.967021 0.393130 0.065664 0.035635
3 0.135420 0.781196 0.044102 0.043545
3 0.235928 0.152163 0.042637 0.041748
21 0.387417 0.983984 0.030850 0.031445
0 0.896763 0.393823 0.027412 0.016201
34 0.949634 0.239741 0.065518 0.038447
0 0.896792 0.453345 0.027783 0.014854
0 0.896294 0.333184 0.027725 0.015918
34 0.949492 0.121821 0.065625 0.039424
