34 0.817949 0.883589 0.044590 0.025459
6 0.872729 0.427227 0.028564 0.024219
6 0.625747 0.885122 0.015479 0.014229
6 0.587793 0.376123 0.024219 0.022754
6 0.418779 0.444902 0.029102 0.018887
6 0.613203 0.481216 0.027598 0.019854
6 0.313813 0.445215 0.023154 0.018086
21 0.628491 0.899077 0.046182 0.043174
14 0.071260 0.531602 0.052207 0.047187
0 0.071543 0.585171 0.027598 0.049873
0 0.127949 0.531909 0.032930 0.047939
0 0.072026 0.478159 0.026631 0.049873
0 0.789014 0.940811 0.030996 0.048418
0 0.576938 0.891660 0.028076 0.044063
1 0.963799 0.893555 0.036074 0.065234
6 0.541763 0.770518 0.023291 0.018398
6 0.589458 0.704424 0.020869 0.015977
6 0.541763 0.608311 0.022314 0.023242
6 0.419502 0.609526 0.024746 0.019854
6 0.588242 0.537622 0.022324 0.013564
34 0.029170 0.477378 0.058145 0.047334
34 0.721831 0.985464 0.078525 0.028213
34 0.029507 0.586685 0.058799 0.047295
34 0.457100 0.590562 0.048906 0.026475
34 0.410757 0.922368 0.088037 0.048525
34 0.895762 0.985195 0.076582 0.029004
13 0.380498 0.418149 0.052207 0.031123
34 0.733008 0.939604 0.078262 0.046025
34 0.009951 0.925586 0.019863 0.042520
34 0.457334 0.428589 0.048965 0.026045
34 0.411587 0.858125 0.087217 0.047598
34 0.023052 0.531982 0.045908 0.045098
34 0.654897 0.731016 0.027100 0.041816
34 0.182080 0.533618 0.083906 0.048936
33 0.329429 0.858115 0.075146 0.044395
34 0.285117 0.199536 0.103965 0.081064
34 0.854346 0.378330 0.029238 0.049102
34 0.500103 0.360972 0.087275 0.048486
34 0.100859 0.420908 0.042246 0.027461
34 0.490620 0.687959 0.088232 0.046328
34 0.868838 0.198979 0.093066 0.079521
34 0.378843 0.538184 0.089072 0.046914
34 0.180264 0.351338 0.044258 0.028398
34 0.377803 0.378545 0.086699 0.046191
33 0.500435 0.413984 0.041104 0.054922
34 0.603691 0.827974 0.039766 0.028271
34 0.520156 0.891938 0.087090 0.046729
33 0.328857 0.923267 0.074180 0.042939
34 0.446304 0.753340 0.048623 0.023477
34 0.503516 0.524043 0.090684 0.045781
34 0.377725 0.704849 0.086504 0.045225
34 0.267798 0.648950 0.028486 0.050576
34 0.176548 0.989893 0.090908 0.020215
34 0.933608 0.097739 0.132217 0.040596
33 0.488906 0.740151 0.040742 0.054326
34 0.604927 0.362476 0.114873 0.049189
34 0.944922 0.826812 0.029902 0.049775
34 0.465474 0.465107 0.042197 0.024414
34 0.293521 0.096509 0.296943 0.047119
6 0.336958 0.773618 0.026768 0.022432
6 0.313452 0.770903 0.025322 0.017725
6 0.337505 0.608511 0.024951 0.019170
6 0.313452 0.607788 0.025322 0.019893
6 0.337866 0.445396 0.024951 0.021338
6 0.543457 0.445386 0.024746 0.021787
6 0.419019 0.771484 0.025713 0.020332
13 0.386021 0.743955 0.055225 0.030117
13 0.384014 0.580801 0.049199 0.037148
