34 0.972588 0.907925 0.054824 0.059346
33 0.851724 0.406196 0.059990 0.044443
34 0.268735 0.272769 0.103057 0.059502
33 0.183726 0.435127 0.059111 0.043438
34 0.240698 0.717476 0.034717 0.058291
34 0.377573 0.653496 0.103330 0.061289
34 0.192295 0.542891 0.101816 0.057793
34 0.268530 0.435049 0.103447 0.057227
34 0.268169 0.355742 0.102979 0.058574
34 0.846880 0.543867 0.101143 0.058750
33 0.294087 0.652339 0.059072 0.044580
34 0.959565 0.165195 0.080869 0.131152
34 0.765767 0.398481 0.113330 0.062197
34 0.428389 0.976802 0.057383 0.032119
33 0.183691 0.355254 0.059316 0.043359
34 0.656841 0.583062 0.113545 0.060967
34 0.060767 0.165889 0.121240 0.130137
34 0.750698 0.713643 0.035283 0.057539
33 0.743589 0.582827 0.058721 0.045752
34 0.044849 0.908223 0.089600 0.057480
21 0.127368 0.609995 0.042822 0.051221
21 0.907881 0.609888 0.043047 0.051865
4 0.040137 0.968926 0.065273 0.062148
0 0.205356 0.274233 0.022920 0.038760
0 0.127515 0.544551 0.023018 0.040898
4 0.983359 0.968735 0.033281 0.062529
0 0.908550 0.544673 0.022959 0.040850
6 0.204668 0.220020 0.023242 0.020781
