21 0.247969 0.425829 0.042168 0.042886
34 0.825977 0.270147 0.027207 0.054859
0 0.284058 0.367260 0.044775 0.031883
0 0.972036 0.291415 0.027197 0.055073
0 0.911987 0.118940 0.025107 0.056032
4 0.827788 0.504064 0.081318 0.096201
6 0.432476 0.130242 0.020967 0.029955
35 0.323447 0.731156 0.044707 0.122582
35 0.507871 0.815023 0.106172 0.053766
6 0.306362 0.052678 0.036533 0.034239
6 0.247578 0.415930 0.015977 0.016234
3 0.825181 0.396962 0.082334 0.081139
0 0.721782 0.321607 0.050635 0.030428
0 0.382402 0.604470 0.027207 0.055073
13 0.493174 0.090197 0.038926 0.073427
21 0.386523 0.663433 0.052207 0.049842
21 0.637021 0.684882 0.037148 0.048681
21 0.667144 0.378884 0.041162 0.051003
0 0.722622 0.624758 0.049795 0.037678
34 0.343779 0.128867 0.026816 0.047610
34 0.479170 0.160716 0.030410 0.047745
34 0.386743 0.349837 0.028975 0.047587
34 0.896587 0.177587 0.030107 0.051905
34 0.738726 0.503309 0.086064 0.055096
34 0.205815 0.198140 0.045635 0.032807
34 0.787891 0.606646 0.044023 0.031556
34 0.722100 0.275090 0.088125 0.052616
34 0.720977 0.576370 0.086504 0.052649
34 0.714585 0.120000 0.086416 0.053754
34 0.616948 0.119718 0.085830 0.054092
34 0.738901 0.401911 0.085303 0.053585
34 0.916484 0.292120 0.077617 0.053439
34 0.786870 0.199262 0.048193 0.031037
34 0.781748 0.301370 0.045098 0.031263
34 0.420376 0.049104 0.085303 0.052954
33 0.712739 0.181809 0.044053 0.068377
33 0.617378 0.182599 0.043154 0.066843
34 0.290391 0.018918 0.023633 0.037001
34 0.713638 0.724718 0.086260 0.062604
34 0.130581 0.114464 0.086514 0.054318
34 0.367563 0.553134 0.027783 0.048929
34 0.856099 0.116590 0.087803 0.054825
34 0.233003 0.110186 0.085088 0.055141
34 0.285981 0.325383 0.080049 0.053179
33 0.250376 0.162362 0.043936 0.048647
34 0.501831 0.764312 0.160771 0.058275
34 0.290664 0.098890 0.026074 0.054307
34 0.446587 0.606206 0.089580 0.060598
34 0.318276 0.805293 0.107979 0.035163
