34 0.121992 0.102109 0.025684 0.045762
34 0.363437 0.731357 0.046855 0.026660
34 0.171597 0.845508 0.046045 0.025000
34 0.061147 0.591270 0.026064 0.045137
34 0.205947 0.512539 0.075117 0.041582
33 0.135225 0.466621 0.060723 0.037754
34 0.716108 0.097954 0.023955 0.045322
33 0.109209 0.415957 0.054863 0.036973
33 0.047847 0.473022 0.054111 0.036338
0 0.251748 0.932583 0.030195 0.053896
34 0.009365 0.470991 0.018652 0.043701
34 0.173955 0.415996 0.075430 0.044863
34 0.205859 0.466533 0.075293 0.042363
34 0.196074 0.931880 0.074121 0.042217
34 0.407002 0.101318 0.026074 0.047246
34 0.092817 0.980581 0.044346 0.026455
33 0.135000 0.512285 0.061602 0.036465
34 0.479111 0.954565 0.047363 0.027393
