34 0.465571 0.699907 0.171123 0.058604
34 0.334375 0.613569 0.166973 0.058076
34 0.330493 0.547451 0.166455 0.053418
34 0.329453 0.465781 0.169570 0.055996
34 0.327378 0.393960 0.173721 0.064814
34 0.326602 0.319810 0.175273 0.054443
33 0.469360 0.319902 0.092471 0.059141
33 0.470439 0.393555 0.096777 0.060215
33 0.469360 0.465596 0.092471 0.060215
33 0.496240 0.547856 0.141934 0.063447
33 0.496245 0.614521 0.144092 0.056992
33 0.643018 0.455923 0.076348 0.066670
33 0.645171 0.536025 0.072041 0.061289
33 0.642480 0.620439 0.073125 0.062363
0 0.574575 0.702778 0.044287 0.080420
5 0.571953 0.641187 0.053594 0.036904
5 0.904102 0.742578 0.064063 0.036719
34 0.880933 0.388774 0.034229 0.050303
34 0.766333 0.458779 0.164893 0.056523
34 0.767373 0.540454 0.166973 0.054971
34 0.771255 0.621865 0.166455 0.061191
