34 0.673560 0.426172 0.111865 0.054434
34 0.798433 0.979658 0.106240 0.040684
34 0.738159 0.248496 0.097939 0.052129
34 0.937817 0.730469 0.094150 0.048594
34 0.058022 0.363936 0.051611 0.031191
34 0.112324 0.237588 0.218281 0.079570
34 0.190283 0.100493 0.279570 0.050537
34 0.894062 0.265015 0.211875 0.048389
33 0.809097 0.658018 0.048389 0.038711
34 0.856948 0.652109 0.030107 0.061289
33 0.754263 0.782754 0.050537 0.038711
34 0.193730 0.352305 0.218984 0.055293
34 0.164473 0.482212 0.187090 0.050537
34 0.046196 0.486519 0.047314 0.029033
0 0.809141 0.360786 0.024492 0.038213
0 0.735317 0.293008 0.047939 0.033125
0 0.871807 0.940513 0.019121 0.029189
0 0.274478 0.277202 0.050146 0.033564
0 0.599277 0.948853 0.018965 0.031357
21 0.581167 0.752197 0.026611 0.032188
6 0.423667 0.346899 0.018057 0.019756
0 0.947441 0.691006 0.030508 0.021816
22 0.755425 0.903374 0.070498 0.081787
3 0.672695 0.483770 0.050488 0.056895
1 0.925312 0.605586 0.050469 0.033945
3 0.640474 0.890244 0.051768 0.058555
0 0.929321 0.764512 0.029658 0.020566
0 0.567119 0.016826 0.018711 0.029277
3 0.538716 0.115371 0.056768 0.049688
3 0.671431 0.594658 0.051904 0.055664
6 0.809199 0.315220 0.020488 0.017881
0 0.582002 0.715776 0.019414 0.030400
21 0.567300 0.053516 0.026846 0.031504
0 0.293364 0.508271 0.049365 0.032520
0 0.581968 0.660972 0.018994 0.028955
0 0.359722 0.383164 0.050518 0.033613
0 0.734351 0.985659 0.019502 0.028682
34 0.638818 0.722207 0.097754 0.052246
34 0.394258 0.233452 0.139023 0.055166
34 0.632148 0.022896 0.110586 0.045518
34 0.959106 0.017568 0.081553 0.035039
34 0.392339 0.474878 0.088213 0.031416
34 0.739028 0.656523 0.097412 0.053965
34 0.639956 0.833823 0.110674 0.051982
34 0.984443 0.507319 0.030859 0.055088
34 0.275483 0.234023 0.099482 0.053027
34 0.891987 0.187007 0.215811 0.051201
34 0.655503 0.989375 0.123330 0.021250
34 0.919751 0.369561 0.160439 0.053750
34 0.197642 0.039102 0.307432 0.056543
34 0.627441 0.477500 0.046719 0.028809
35 0.396792 0.507520 0.072744 0.036641
34 0.821084 0.502915 0.031602 0.046260
34 0.547456 0.871870 0.133545 0.029717
35 0.535078 0.606187 0.076836 0.034951
35 0.627129 0.293496 0.087363 0.037246
34 0.930269 0.652939 0.096357 0.048359
34 0.647349 0.373955 0.058037 0.031055
34 0.799521 0.588223 0.053184 0.026719
34 0.894858 0.881328 0.056143 0.029023
34 0.293418 0.464912 0.099082 0.050488
34 0.673213 0.539819 0.108867 0.050752
35 0.547798 0.903706 0.073096 0.035518
34 0.662852 0.949937 0.104668 0.050869
34 0.448262 0.624478 0.032793 0.048154
34 0.543623 0.552612 0.129004 0.075596
34 0.925132 0.561743 0.098662 0.052256
34 0.935386 0.942705 0.109287 0.051934
34 0.358042 0.337524 0.101865 0.052471
34 0.623052 0.247051 0.143740 0.055801
35 0.395107 0.278428 0.089863 0.036445
34 0.932861 0.986470 0.120293 0.026553
33 0.954849 0.868589 0.035967 0.057568
34 0.749199 0.739531 0.099375 0.053477
34 0.791841 0.411235 0.027100 0.044287
34 0.639937 0.667041 0.094873 0.053711
34 0.950469 0.813096 0.098711 0.051953
34 0.621572 0.115796 0.108437 0.054736
34 0.753413 0.832163 0.100010 0.052178
34 0.740063 0.358916 0.111631 0.055254
