0 0.827993 0.903687 0.031045 0.058076
34 0.722822 0.641729 0.123828 0.103457
34 0.959043 0.991382 0.081367 0.017236
34 0.983403 0.752388 0.033154 0.063271
34 0.976782 0.940981 0.046436 0.040576
34 0.573384 0.790615 0.039346 0.081230
34 0.756431 0.903442 0.110010 0.064307
34 0.759204 0.252896 0.111631 0.062900
34 0.755127 0.396934 0.109922 0.065957
34 0.706304 0.736836 0.111650 0.062715
34 0.963721 0.560923 0.072559 0.065771
34 0.947910 0.467354 0.104180 0.065684
21 0.720605 0.810894 0.036719 0.048721
0 0.760425 0.297241 0.043447 0.025166
0 0.827988 0.398311 0.030254 0.056719
13 0.773828 0.771089 0.048652 0.071553
21 0.706221 0.331006 0.032070 0.035605
6 0.957646 0.250679 0.031914 0.025811
6 0.882168 0.427607 0.023398 0.020059
17 0.831182 0.654111 0.090273 0.093613
6 0.913091 0.519966 0.019229 0.023408
0 0.913066 0.561421 0.024590 0.045557
0 0.881865 0.468979 0.025684 0.045791
