15 0.333754 0.189453 0.096128 0.053789
34 0.630657 0.149609 0.245051 0.046094
34 0.369899 0.249585 0.112189 0.046865
34 0.502778 0.250557 0.108182 0.043379
34 0.025025 0.426606 0.050051 0.045322
34 0.035707 0.219722 0.071414 0.042217
34 0.192938 0.172075 0.089478 0.024404
34 0.330505 0.134893 0.110842 0.042988
34 0.027694 0.312144 0.055387 0.041826
34 0.463047 0.495552 0.271785 0.060811
33 0.370859 0.299858 0.072727 0.055244
34 0.432088 0.714819 0.173838 0.062295
34 0.712626 0.940703 0.207845 0.025547
34 0.566886 0.358413 0.073468 0.021338
34 0.727811 0.339238 0.116195 0.048066
34 0.259386 0.398521 0.048737 0.031768
35 0.624133 0.189790 0.153855 0.035479
35 0.602820 0.717749 0.148300 0.046240
0 0.369436 0.350381 0.024394 0.024844
3 0.033620 0.835889 0.067239 0.045410
0 0.721827 0.372896 0.066684 0.024521
34 0.756591 0.702500 0.067222 0.025996
34 0.052870 0.793027 0.105741 0.041230
34 0.327020 0.908208 0.125926 0.044814
34 0.458434 0.951904 0.073401 0.022852
33 0.505623 0.300024 0.074444 0.053564
35 0.693653 0.967207 0.159428 0.039785
3 0.326187 0.953594 0.064428 0.047695
34 0.461532 0.993096 0.119764 0.013809
