33 0.247862 0.885786 0.068148 0.040205
34 0.031827 0.678735 0.063653 0.047881
34 0.421162 0.333340 0.452290 0.040859
34 0.582433 0.372588 0.085269 0.026875
33 0.024293 0.724199 0.048586 0.037637
34 0.127357 0.577964 0.072290 0.269893
33 0.039832 0.885317 0.067475 0.038994
35 0.384226 0.735156 0.060673 0.075391
34 0.172837 0.926362 0.114764 0.049990
34 0.287020 0.371855 0.069158 0.026055
35 0.680219 0.735151 0.061010 0.075322
34 0.378232 0.947334 0.065791 0.025352
34 0.101540 0.787300 0.062104 0.023799
34 0.050093 0.842344 0.100185 0.046094
34 0.250387 0.840039 0.114747 0.048555
0 0.039242 0.925947 0.035690 0.035332
0 0.247290 0.926313 0.033266 0.034678
34 0.433611 0.565820 0.059377 0.234766
