34 0.010430 0.761196 0.020859 0.042607
21 0.840225 0.920513 0.041621 0.043369
33 0.214521 0.693555 0.053770 0.043008
33 0.020498 0.286694 0.040996 0.056162
6 0.030361 0.364941 0.022051 0.022852
6 0.126411 0.368232 0.023623 0.023242
0 0.149282 0.315742 0.027549 0.015879
33 0.146357 0.209609 0.067402 0.041445
33 0.313926 0.590415 0.066621 0.036416
33 0.314697 0.641548 0.066621 0.035635
33 0.539365 0.651035 0.041836 0.065469
33 0.607920 0.626826 0.039512 0.048027
33 0.973779 0.566831 0.052441 0.046611
33 0.972861 0.621514 0.054277 0.040332
0 0.990981 0.892813 0.018037 0.038223
0 0.841719 0.831592 0.022891 0.037637
0 0.840469 0.743623 0.021641 0.037324
0 0.608071 0.663804 0.017881 0.023838
0 0.301968 0.937891 0.022490 0.040469
0 0.350303 0.852178 0.035977 0.023047
0 0.301968 0.761123 0.022490 0.037656
0 0.193491 0.840649 0.019111 0.039346
0 0.192085 0.890391 0.018545 0.035410
0 0.137842 0.889834 0.020234 0.039902
0 0.136719 0.841216 0.020234 0.037100
0 0.031333 0.810859 0.021924 0.038223
0 0.030488 0.760835 0.017988 0.039346
0 0.126885 0.485708 0.018555 0.037666
0 0.126885 0.436250 0.023047 0.035410
0 0.031616 0.482056 0.019111 0.034854
0 0.029365 0.433716 0.022480 0.041592
0 0.946997 0.664248 0.026748 0.027676
3 0.129346 0.156265 0.034102 0.040576
3 0.523535 0.271396 0.043965 0.047148
0 0.991934 0.805942 0.016133 0.036865
34 0.127764 0.111226 0.067402 0.042607
34 0.080513 0.208447 0.061201 0.045703
34 0.026118 0.235952 0.052236 0.044932
34 0.016592 0.394375 0.025566 0.032539
34 0.010234 0.433691 0.020469 0.041445
34 0.009849 0.485015 0.019697 0.041064
34 0.015078 0.569263 0.030156 0.066240
34 0.081479 0.487344 0.067783 0.041836
34 0.081089 0.434277 0.068564 0.044160
34 0.114404 0.396118 0.022852 0.031377
34 0.009849 0.809805 0.019697 0.041445
34 0.016401 0.869463 0.024404 0.036797
34 0.037734 0.990024 0.075469 0.019951
34 0.092710 0.838276 0.067783 0.044932
34 0.093872 0.889990 0.067783 0.042227
34 0.124282 0.949062 0.024014 0.038730
34 0.179478 0.948091 0.024404 0.036025
34 0.236997 0.888633 0.068174 0.041836
34 0.239517 0.837700 0.070107 0.042217
34 0.220537 0.738535 0.087148 0.039121
34 0.344102 0.760229 0.067012 0.039893
34 0.350684 0.823755 0.059258 0.037568
34 0.348164 0.936860 0.071270 0.045322
34 0.408784 0.977915 0.097998 0.026729
33 0.509883 0.905098 0.077852 0.043770
33 0.510659 0.851450 0.077861 0.044932
34 0.582900 0.850479 0.061973 0.043770
34 0.579414 0.906064 0.060430 0.044160
34 0.797686 0.831694 0.064688 0.043389
34 0.828672 0.787344 0.024395 0.034473
34 0.796719 0.745508 0.064297 0.043770
34 0.946621 0.889219 0.067402 0.041445
34 0.983804 0.851445 0.019365 0.034863
34 0.946812 0.802837 0.067783 0.039893
34 0.610791 0.581470 0.066621 0.044932
34 0.541064 0.596187 0.066621 0.041064
34 0.395425 0.583594 0.092959 0.043770
34 0.396201 0.641890 0.087539 0.042607
34 0.872754 0.395498 0.038730 0.023242
34 0.744346 0.270776 0.046094 0.026338
34 0.478628 0.257021 0.060811 0.039902
34 0.567715 0.168125 0.049961 0.024785
35 0.031729 0.943018 0.040859 0.073125
