34 0.434365 0.429352 0.104063 0.062063
35 0.801133 0.236742 0.092559 0.050891
34 0.529609 0.186471 0.104570 0.062413
34 0.137788 0.590964 0.109424 0.061860
35 0.701494 0.618551 0.094316 0.049459
34 0.071343 0.217136 0.045811 0.029696
35 0.702412 0.486578 0.093867 0.049820
35 0.183525 0.392390 0.042598 0.109019
34 0.645371 0.166533 0.095195 0.042807
34 0.573677 0.437548 0.104932 0.064386
34 0.764229 0.164628 0.086504 0.050113
34 0.647290 0.336905 0.042510 0.028377
34 0.462153 0.045011 0.044678 0.026956
35 0.801763 0.354983 0.094697 0.051793
34 0.033701 0.461798 0.067402 0.058072
5 0.434639 0.619104 0.042227 0.069504
0 0.530854 0.355936 0.057451 0.038185
5 0.433247 0.489126 0.037412 0.066370
0 0.572910 0.487638 0.057754 0.037103
0 0.529595 0.237120 0.058076 0.038839
0 0.573315 0.619436 0.058760 0.038963
0 0.333228 0.389921 0.034619 0.067779
34 0.046494 0.358010 0.092988 0.108985
34 0.923545 0.300964 0.146367 0.087565
34 0.316909 0.300147 0.026299 0.046088
34 0.182856 0.477210 0.153096 0.064521
34 0.436030 0.559290 0.104072 0.061533
34 0.649409 0.218591 0.043760 0.025299
34 0.266572 0.389115 0.101309 0.068264
34 0.857319 0.611015 0.209229 0.110688
34 0.852910 0.490158 0.209316 0.111545
34 0.168247 0.289876 0.026455 0.042074
35 0.041108 0.592396 0.082197 0.057531
34 0.573691 0.567948 0.106504 0.062165
34 0.531104 0.307503 0.102871 0.060507
