6 0.881709 0.605029 0.021680 0.033242
6 0.814253 0.682612 0.016865 0.016865
6 0.674736 0.665703 0.022910 0.032070
6 0.305718 0.633618 0.016924 0.015479
34 0.030117 0.179282 0.060234 0.039268
34 0.161172 0.982168 0.111836 0.035664
34 0.715586 0.179497 0.102969 0.038447
34 0.356992 0.179497 0.101641 0.038779
33 0.301963 0.982627 0.083906 0.034746
34 0.657822 0.724341 0.030449 0.045889
34 0.049536 0.978457 0.099072 0.042949
34 0.760527 0.747437 0.092988 0.062158
34 0.969473 0.726094 0.029258 0.044961
34 0.865747 0.650518 0.030186 0.043984
34 0.030259 0.866597 0.060518 0.065498
34 0.214810 0.601338 0.029893 0.045059
34 0.752896 0.909336 0.113174 0.062676
34 0.028394 0.779341 0.056787 0.063994
34 0.417607 0.644131 0.029707 0.046035
34 0.158687 0.679985 0.029541 0.043486
34 0.792310 0.975210 0.112783 0.049580
34 0.577876 0.513657 0.115166 0.060264
34 0.056060 0.702271 0.111768 0.061709
34 0.335879 0.866714 0.113418 0.062627
34 0.399043 0.975122 0.111797 0.049756
34 0.840010 0.544634 0.050918 0.024854
34 0.335244 0.780791 0.123262 0.063125
34 0.752852 0.826431 0.112383 0.061904
3 0.967261 0.910747 0.065479 0.068564
3 0.660049 0.911289 0.072754 0.072070
0 0.571646 0.560078 0.060986 0.035234
3 0.242354 0.862886 0.076094 0.071201
0 0.701045 0.742959 0.020918 0.035977
0 0.128071 0.703452 0.020654 0.036104
6 0.985996 0.666328 0.022070 0.034980
0 0.673799 0.825127 0.037246 0.063906
0 0.256431 0.779648 0.036260 0.062988
6 0.127603 0.628779 0.018135 0.018320
0 0.984180 0.825762 0.031641 0.063027
6 0.511890 0.718652 0.018311 0.018789
6 0.231211 0.557134 0.022676 0.033838
6 0.407578 0.503682 0.016191 0.012598
34 0.345654 0.641943 0.092578 0.058066
6 0.434575 0.556772 0.024111 0.033115
34 0.334380 0.594810 0.027627 0.025752
33 0.719102 0.987583 0.044082 0.024424
34 0.434951 0.466982 0.029316 0.025000
34 0.539019 0.680313 0.045205 0.025762
34 0.854795 0.687642 0.089355 0.065596
34 0.552100 0.724199 0.090430 0.063437
6 0.176094 0.647212 0.024668 0.034111
6 0.701362 0.667627 0.017412 0.017051
