33 0.786338 0.234927 0.052813 0.041240
34 0.816416 0.704126 0.165117 0.055333
34 0.487314 0.117508 0.077266 0.047035
34 0.448862 0.268647 0.076826 0.050440
35 0.815649 0.628844 0.039619 0.103326
34 0.527925 0.196635 0.027334 0.055795
34 0.866328 0.129870 0.075703 0.048399
34 0.854683 0.185445 0.081904 0.054679
33 0.685225 0.098050 0.050469 0.048410
33 0.801689 0.072711 0.053574 0.042604
33 0.804409 0.127627 0.043486 0.038546
34 0.867104 0.078106 0.074150 0.053326
4 0.523560 0.269718 0.070088 0.080564
34 0.852158 0.238557 0.074531 0.050643
0 0.748091 0.424893 0.022744 0.046584
1 0.976035 0.168343 0.029609 0.061060
21 0.814229 0.554087 0.060820 0.052661
0 0.539473 0.118298 0.034863 0.076415
34 0.962017 0.232210 0.025342 0.052108
34 0.882607 0.355214 0.118613 0.107520
34 0.608364 0.102768 0.102393 0.056020
34 0.700400 0.425073 0.075566 0.048117
33 0.785166 0.182740 0.053652 0.043224
