34 0.806030 0.814331 0.038760 0.063037
35 0.994175 0.241729 0.011650 0.108652
35 0.993853 0.728687 0.012295 0.114795
34 0.474595 0.475723 0.062666 0.037539
34 0.908408 0.475605 0.063066 0.037266
35 0.582954 0.241577 0.056162 0.112314
34 0.987124 0.427622 0.025752 0.082041
34 0.371768 0.814194 0.039277 0.063857
34 0.559668 0.427964 0.036523 0.080322
34 0.948789 0.869619 0.102422 0.148047
34 0.508149 0.593193 0.111084 0.071367
34 0.748560 0.724976 0.121846 0.073975
35 0.582510 0.731294 0.058184 0.117080
34 0.505996 0.347080 0.113828 0.071875
34 0.955020 0.131294 0.089863 0.112646
34 0.311494 0.619863 0.114590 0.071504
34 0.939033 0.593706 0.116836 0.073232
34 0.315796 0.723398 0.120771 0.071270
34 0.746772 0.620864 0.116924 0.070850
34 0.938755 0.348008 0.118545 0.072930
34 0.573525 0.129263 0.191758 0.111338
34 0.579956 0.871782 0.227275 0.153037
0 0.582754 0.592329 0.036543 0.071846
0 0.829307 0.619673 0.036348 0.072939
0 0.395640 0.619873 0.038057 0.072500
0 0.395659 0.723579 0.037959 0.073330
1 0.582939 0.346885 0.036445 0.072539
0 0.829683 0.723735 0.037021 0.073623
