34 0.802393 0.484150 0.024922 0.040254
34 0.893589 0.446826 0.023975 0.051055
33 0.969355 0.937568 0.031504 0.040371
34 0.584868 0.495967 0.024561 0.048555
34 0.704053 0.052139 0.036992 0.022422
35 0.730854 0.221304 0.032881 0.072490
34 0.075835 0.934702 0.022471 0.043955
33 0.433916 0.894995 0.055527 0.043428
34 0.662734 0.619731 0.021309 0.047920
35 0.716689 0.763374 0.032480 0.071807
34 0.197100 0.115918 0.063047 0.038965
34 0.497939 0.895308 0.067734 0.045596
34 0.774829 0.143325 0.065088 0.042236
34 0.755381 0.821030 0.069023 0.040166
34 0.967827 0.305991 0.064346 0.042041
34 0.929976 0.789839 0.036611 0.021475
34 0.146284 0.029727 0.071865 0.041230
34 0.023442 0.895708 0.022100 0.043174
34 0.732124 0.699829 0.097510 0.060029
34 0.961606 0.634478 0.065459 0.041963
34 0.869810 0.934419 0.067627 0.039404
33 0.871138 0.886597 0.030811 0.043564
34 0.967183 0.351758 0.065635 0.041758
34 0.776953 0.868530 0.069004 0.040049
34 0.973428 0.840942 0.053145 0.041396
34 0.756094 0.921172 0.069844 0.041543
34 0.747124 0.285195 0.128311 0.060547
34 0.869238 0.842192 0.069727 0.041729
34 0.967432 0.895303 0.065000 0.040723
0 0.733408 0.869883 0.010762 0.018906
0 0.937319 0.839766 0.014795 0.026816
6 0.733193 0.846152 0.012227 0.010527
3 0.755942 0.970024 0.040869 0.052666
3 0.720669 0.142690 0.044307 0.044014
0 0.909761 0.967544 0.012080 0.018799
0 0.239727 0.118716 0.014648 0.027920
0 0.715400 0.822314 0.010430 0.017656
0 0.833809 0.967544 0.012734 0.018799
3 0.150044 0.072100 0.045127 0.043848
0 0.007646 0.118599 0.014980 0.027822
21 0.011743 0.154756 0.023154 0.036621
5 0.908081 0.634634 0.033818 0.024287
21 0.240029 0.152988 0.035332 0.036602
6 0.937749 0.811816 0.015166 0.011797
0 0.968809 0.969365 0.013027 0.019316
22 0.870967 0.979009 0.047617 0.041143
