34 0.778442 0.273089 0.103389 0.037632
0 0.882051 0.142773 0.028398 0.056009
34 0.024380 0.049966 0.048760 0.059030
34 0.723730 0.142458 0.077070 0.057858
34 0.162495 0.125090 0.083643 0.089594
34 0.833052 0.059188 0.046670 0.032041
34 0.925654 0.291584 0.046016 0.031736
21 0.778672 0.228467 0.042031 0.053191
0 0.777749 0.142475 0.027393 0.055795
34 0.762271 0.044684 0.028818 0.052841
11 0.078584 0.131150 0.068926 0.086020
34 0.828286 0.142007 0.076318 0.058196
33 0.013906 0.104814 0.027813 0.050530
