34 0.953667 0.485023 0.092666 0.080688
21 0.241978 0.313579 0.056299 0.078749
34 0.705864 0.118608 0.113896 0.066009
0 0.958833 0.081990 0.023271 0.049278
34 0.707144 0.229994 0.113330 0.069707
0 0.042710 0.238890 0.034209 0.074036
34 0.892896 0.082565 0.113428 0.067362
34 0.256284 0.384188 0.281201 0.073134
0 0.242261 0.231415 0.023389 0.050541
0 0.775093 0.236291 0.021768 0.048501
34 0.116328 0.236494 0.113848 0.072153
35 0.856152 0.492024 0.100176 0.050045
0 0.703472 0.163760 0.043857 0.027475
21 0.774028 0.307277 0.033779 0.045716
35 0.618560 0.161533 0.087080 0.047869
21 0.957461 0.154301 0.033984 0.047903
22 0.656675 0.039634 0.108916 0.079267
34 0.318340 0.233207 0.126523 0.072503
34 0.616504 0.465812 0.066074 0.038771
34 0.502681 0.163371 0.138584 0.073191
34 0.023530 0.374160 0.036592 0.076595
