34 0.135010 0.187178 0.042891 0.028008
34 0.015044 0.958462 0.030049 0.027686
34 0.871938 0.325645 0.086904 0.049121
34 0.191260 0.167974 0.077617 0.046631
34 0.700977 0.811792 0.065898 0.045869
34 0.647241 0.097041 0.086514 0.047988
34 0.416294 0.671387 0.068018 0.045723
33 0.333911 0.703174 0.044424 0.083086
34 0.260498 0.851128 0.070020 0.046709
34 0.621934 0.811626 0.065020 0.045283
34 0.701045 0.269648 0.085801 0.047598
34 0.509541 0.709155 0.067520 0.045166
34 0.173467 0.044355 0.086953 0.047852
33 0.540352 0.537822 0.064160 0.041816
34 0.787422 0.212954 0.042637 0.026768
34 0.024434 0.854448 0.048809 0.047100
34 0.339058 0.632129 0.069697 0.045508
34 0.956387 0.541226 0.087012 0.047061
34 0.468467 0.067090 0.085352 0.050195
34 0.689492 0.324268 0.085313 0.046504
34 0.397412 0.014395 0.028340 0.028496
34 0.700200 0.377969 0.085479 0.046172
34 0.666484 0.155029 0.044707 0.028906
34 0.251357 0.418115 0.050566 0.030449
34 0.288979 0.066001 0.087295 0.045439
34 0.961504 0.876782 0.076992 0.115186
34 0.836533 0.800483 0.131055 0.049033
34 0.302280 0.017183 0.082998 0.033955
34 0.836665 0.523711 0.119775 0.070059
1 0.699370 0.849595 0.051748 0.032998
21 0.244458 0.256001 0.041162 0.040166
14 0.357407 0.062227 0.050205 0.046191
14 0.757510 0.319253 0.055215 0.048193
0 0.189009 0.204253 0.045029 0.029053
0 0.358955 0.117349 0.029531 0.049873
0 0.413667 0.064810 0.024697 0.050361
0 0.622188 0.850845 0.049375 0.030557
0 0.756113 0.269253 0.025684 0.049189
0 0.758105 0.376133 0.023145 0.048828
1 0.509248 0.747593 0.060000 0.036006
1 0.508877 0.848091 0.062246 0.029990
4 0.094854 0.317251 0.079316 0.080322
0 0.959062 0.584233 0.073652 0.042686
0 0.814165 0.322061 0.027490 0.051367
1 0.107910 0.042144 0.031133 0.065264
3 0.558608 0.094453 0.085342 0.079316
3 0.091343 0.859414 0.082334 0.082324
35 0.836567 0.852153 0.110752 0.048389
34 0.300459 0.119639 0.086562 0.046836
34 0.314995 0.584404 0.049404 0.026758
34 0.040879 0.141724 0.079941 0.048896
34 0.092202 0.518022 0.026885 0.049502
34 0.957466 0.659619 0.084990 0.046602
34 0.183887 0.310962 0.087461 0.048096
34 0.170337 0.693848 0.090576 0.067773
34 0.558892 0.312173 0.028936 0.052725
34 0.257388 0.656851 0.068779 0.046943
34 0.463242 0.536099 0.084980 0.048896
34 0.510063 0.811089 0.068955 0.045381
33 0.259956 0.716978 0.044697 0.057080
