34 0.887793 0.074224 0.215391 0.058193
35 0.189258 0.440332 0.102148 0.039785
35 0.115063 0.691943 0.093545 0.044082
3 0.436362 0.216572 0.064795 0.047148
5 0.444185 0.287866 0.072959 0.036904
34 0.213989 0.960225 0.089248 0.038711
3 0.616602 0.105825 0.053906 0.064697
35 0.888721 0.119902 0.098926 0.041934
35 0.443018 0.368286 0.044082 0.097842
34 0.619302 0.046323 0.092393 0.051592
35 0.114526 0.961299 0.092471 0.045156
34 0.021777 0.941938 0.043555 0.030107
34 0.172954 0.104453 0.058604 0.029551
34 0.214316 0.688003 0.085195 0.038994
34 0.022861 0.667900 0.045723 0.027598
34 0.032759 0.506509 0.065518 0.056396
34 0.021660 0.395508 0.043320 0.049199
34 0.033062 0.333418 0.066123 0.053398
34 0.070020 0.419214 0.040195 0.030596
34 0.185518 0.380830 0.180000 0.076230
34 0.440811 0.446807 0.210586 0.070195
34 0.363716 0.285117 0.080400 0.055195
34 0.359512 0.211616 0.085195 0.049795
34 0.425811 0.158218 0.029395 0.047393
