34 0.525811 0.782832 0.044941 0.083066
34 0.918345 0.605527 0.084014 0.044785
34 0.836572 0.563555 0.029707 0.054727
34 0.770898 0.257383 0.051973 0.027656
33 0.552227 0.860903 0.042129 0.091475
34 0.956274 0.126328 0.087451 0.050645
1 0.855454 0.502974 0.034893 0.058936
34 0.595127 0.497061 0.096562 0.052148
34 0.328633 0.481416 0.057383 0.145449
34 0.954072 0.341509 0.091855 0.053311
34 0.509736 0.145791 0.084668 0.050645
34 0.752793 0.727603 0.119238 0.083857
0 0.330161 0.146860 0.031768 0.057354
1 0.855269 0.423843 0.034619 0.059482
0 0.340830 0.770464 0.033613 0.058193
33 0.813989 0.607720 0.073057 0.041162
34 0.777017 0.417861 0.101592 0.052578
34 0.400933 0.769399 0.089365 0.052471
34 0.564614 0.754331 0.022822 0.082627
35 0.340049 0.916162 0.051641 0.120566
1 0.673823 0.423799 0.034561 0.060605
35 0.330371 0.360215 0.047402 0.096426
34 0.341592 0.985601 0.178203 0.028799
34 0.478013 0.764854 0.031182 0.058574
33 0.632456 0.607559 0.072393 0.041035
34 0.265439 0.190332 0.033145 0.047461
35 0.451021 0.348716 0.045264 0.082510
1 0.673965 0.501953 0.034336 0.059297
34 0.447363 0.461841 0.058281 0.132803
33 0.979810 0.607056 0.039189 0.042197
34 0.573843 0.753779 0.042490 0.082754
34 0.933730 0.727256 0.119063 0.086211
34 0.977075 0.210376 0.045850 0.032725
0 0.855288 0.345874 0.033193 0.059521
34 0.553447 0.605640 0.079141 0.044287
34 0.653379 0.564048 0.028965 0.054971
0 0.384380 0.088750 0.058135 0.033770
0 0.451021 0.145088 0.032510 0.059199
34 0.323999 0.824956 0.031787 0.049424
33 0.596367 0.847446 0.042578 0.115654
34 0.953994 0.418599 0.092012 0.052822
34 0.390586 0.208721 0.088262 0.047559
0 0.956958 0.171572 0.060947 0.035410
34 0.776538 0.496997 0.100166 0.052080
34 0.670811 0.182998 0.093066 0.049395
0 0.673901 0.345552 0.033818 0.059209
34 0.384092 0.046982 0.093066 0.049219
34 0.383950 0.145469 0.078877 0.050977
20 0.807183 0.834668 0.384287 0.330664
34 0.735518 0.605156 0.085313 0.045234
11 0.674580 0.853486 0.050195 0.045273
11 0.856533 0.854609 0.051992 0.043926
34 0.953926 0.497124 0.092148 0.053447
0 0.391572 0.248193 0.057832 0.033965
34 0.594751 0.418813 0.097295 0.051631
34 0.777017 0.341318 0.101182 0.052305
34 0.595415 0.341699 0.095928 0.052246
0 0.669912 0.228125 0.057891 0.034883
