2 0.642100 0.149853 0.038281 0.066967
34 0.954746 0.146855 0.090137 0.062142
34 0.617500 0.052024 0.032207 0.066234
34 0.825396 0.174324 0.031826 0.068422
34 0.225933 0.056178 0.034189 0.067779
34 0.569570 0.146725 0.101309 0.061026
34 0.956450 0.254487 0.087100 0.063517
34 0.179238 0.146657 0.100762 0.060936
34 0.572935 0.256635 0.100146 0.062537
34 0.774946 0.307266 0.099912 0.061387
34 0.383994 0.307210 0.101348 0.061928
34 0.434038 0.183078 0.033936 0.067531
34 0.182979 0.256460 0.099687 0.061939
0 0.247197 0.256725 0.032227 0.064025
0 0.637085 0.256843 0.032158 0.064622
0 0.843877 0.311528 0.032812 0.063574
0 0.453936 0.311584 0.031406 0.063551
2 0.249409 0.147841 0.037119 0.068309
