34 0.626943 0.129443 0.193652 0.109805
34 0.632095 0.868594 0.228193 0.154746
34 0.157070 0.870190 0.223477 0.155146
1 0.637280 0.490366 0.038057 0.073115
0 0.963481 0.535688 0.040342 0.074600
0 0.162456 0.592808 0.037549 0.071475
0 0.450078 0.619912 0.038828 0.072539
0 0.450190 0.723696 0.038604 0.073428
0 0.636909 0.592441 0.038994 0.071875
1 0.162725 0.346875 0.037168 0.071855
34 0.528931 0.388511 0.062803 0.038252
34 0.426152 0.814106 0.038828 0.063916
35 0.162788 0.241270 0.054971 0.111484
34 0.613354 0.345947 0.036533 0.081270
34 0.054907 0.475635 0.062100 0.036680
35 0.637266 0.241089 0.052832 0.112178
34 0.139487 0.428398 0.037197 0.080449
34 0.878721 0.534326 0.119355 0.071797
34 0.559932 0.490820 0.117227 0.072344
34 0.938726 0.761987 0.039365 0.062412
35 0.162798 0.731323 0.056631 0.116162
34 0.555635 0.592886 0.115430 0.071436
35 0.637554 0.731924 0.055146 0.115801
34 0.085366 0.593901 0.115947 0.071631
34 0.084697 0.347896 0.116387 0.072529
34 0.364722 0.620078 0.118154 0.071582
34 0.367104 0.723672 0.121963 0.071953
34 0.152817 0.129771 0.194736 0.110869
