33 0.912070 0.974126 0.063555 0.041338
34 0.970767 0.899780 0.058369 0.061670
33 0.585981 0.385103 0.063057 0.040127
33 0.585786 0.453096 0.063389 0.040293
34 0.602109 0.964819 0.028750 0.051611
33 0.585864 0.318525 0.063506 0.041465
6 0.250005 0.740327 0.030107 0.033330
0 0.421328 0.964946 0.026934 0.043936
33 0.910439 0.903179 0.060254 0.039736
0 0.176084 0.617793 0.046484 0.026113
11 0.248125 0.955479 0.091543 0.088125
35 0.877930 0.485098 0.038828 0.091387
33 0.221304 0.873574 0.063213 0.040352
34 0.244521 0.708613 0.186797 0.033066
35 0.620283 0.241904 0.039727 0.089883
34 0.147964 0.873574 0.081455 0.060098
34 0.340474 0.906328 0.117998 0.107695
34 0.971943 0.971221 0.056016 0.057402
34 0.511416 0.447031 0.085488 0.059063
34 0.272930 0.494580 0.044395 0.026699
34 0.477061 0.965820 0.080977 0.049473
34 0.619214 0.168418 0.220127 0.061387
34 0.880898 0.411855 0.195742 0.064004
34 0.509629 0.315991 0.085703 0.060615
34 0.511665 0.382373 0.085732 0.058828
34 0.172275 0.578765 0.085996 0.050283
