34 0.460098 0.181431 0.041582 0.027314
34 0.542124 0.329419 0.082646 0.048486
34 0.363882 0.329531 0.082686 0.046602
34 0.420068 0.895386 0.085820 0.046689
34 0.960845 0.039961 0.078311 0.079473
34 0.415718 0.164009 0.027881 0.044541
34 0.616934 0.957480 0.086836 0.047090
34 0.714419 0.957041 0.087002 0.047617
34 0.232827 0.948291 0.085264 0.045781
34 0.375195 0.383896 0.083262 0.046406
34 0.641514 0.165742 0.147188 0.027344
34 0.017549 0.635527 0.035098 0.048594
34 0.856313 0.954229 0.087666 0.047871
34 0.290415 0.939663 0.025889 0.048330
34 0.472329 0.271763 0.028037 0.043604
34 0.915405 0.792114 0.146299 0.031963
34 0.014653 0.104810 0.029248 0.028955
34 0.130640 0.952764 0.086475 0.047578
34 0.290410 0.862187 0.025312 0.049355
34 0.980044 0.247158 0.039912 0.092500
6 0.306724 0.897930 0.026396 0.025313
0 0.912529 0.954897 0.032129 0.053213
34 0.021113 0.011860 0.041582 0.023662
35 0.637104 0.196782 0.107529 0.047314
33 0.263467 0.985488 0.080684 0.029023
35 0.915063 0.853770 0.048389 0.107520
13 0.490439 0.927690 0.043164 0.072295
6 0.431704 0.968096 0.022822 0.027129
6 0.308711 0.830654 0.020254 0.017363
0 0.433530 0.381196 0.030381 0.047744
0 0.487417 0.328208 0.028213 0.048096
0 0.432808 0.273052 0.026045 0.049189
0 0.519795 0.196011 0.048105 0.028936
14 0.430698 0.329800 0.050205 0.051201
34 0.376045 0.273794 0.082891 0.046963
34 0.454385 0.742363 0.050352 0.026113
34 0.344033 0.964883 0.028027 0.042148
34 0.520308 0.157710 0.088564 0.045322
34 0.480322 0.985610 0.029707 0.028135
