34 0.893442 0.531714 0.087275 0.056768
34 0.138218 0.021216 0.087373 0.042275
34 0.568418 0.237729 0.111621 0.067002
34 0.574712 0.021172 0.087354 0.042168
34 0.462671 0.021309 0.085947 0.042617
34 0.354194 0.022002 0.086045 0.043691
34 0.201108 0.555771 0.085732 0.057539
34 0.684189 0.020522 0.086777 0.040889
34 0.247471 0.019487 0.084258 0.038896
6 0.948936 0.484414 0.021504 0.024727
3 0.348936 0.153232 0.081719 0.093555
3 0.134951 0.152153 0.079570 0.091396
6 0.254844 0.511299 0.020430 0.022578
0 0.544629 0.697856 0.086016 0.040869
0 0.775815 0.697856 0.090322 0.043018
3 0.572051 0.153232 0.082793 0.095703
3 0.083901 0.670049 0.084502 0.095879
34 0.013843 0.409189 0.027412 0.029844
0 0.255229 0.556934 0.023174 0.043984
6 0.712124 0.485757 0.022139 0.020361
0 0.739873 0.017852 0.022969 0.035371
34 0.763403 0.294648 0.050049 0.031699
34 0.804521 0.835913 0.050215 0.032100
0 0.299854 0.017534 0.021309 0.034834
0 0.407866 0.017598 0.022393 0.035137
34 0.456353 0.911777 0.032314 0.048184
0 0.517227 0.017476 0.021660 0.034912
0 0.144551 0.530430 0.023262 0.043691
0 0.833428 0.530376 0.022383 0.043213
34 0.815439 0.468452 0.029629 0.047881
34 0.084766 0.525869 0.089941 0.058262
34 0.582666 0.365938 0.029941 0.046328
0 0.193247 0.017681 0.022393 0.035361
0 0.949097 0.530581 0.023037 0.043545
34 0.777798 0.532827 0.088428 0.056436
0 0.628638 0.017588 0.021729 0.035117
34 0.546777 0.531367 0.087656 0.056914
34 0.543184 0.756719 0.110645 0.067051
34 0.082832 0.752432 0.109492 0.069902
0 0.712881 0.530776 0.022793 0.044111
0 0.600903 0.530952 0.022979 0.044014
34 0.132031 0.237725 0.108945 0.066738
34 0.656250 0.530708 0.087578 0.056963
34 0.768398 0.757256 0.114473 0.065332
34 0.345361 0.237842 0.111016 0.066855
