34 0.473398 0.987949 0.061934 0.024043
11 0.179238 0.378145 0.123262 0.120254
13 0.476138 0.814194 0.060400 0.074482
34 0.479004 0.740874 0.123320 0.071045
34 0.078477 0.305576 0.122715 0.072773
34 0.046812 0.685112 0.093252 0.076689
34 0.967905 0.740952 0.064072 0.070205
33 0.138955 0.686411 0.076191 0.054287
34 0.706870 0.591606 0.040498 0.064209
34 0.608345 0.849937 0.064365 0.041357
34 0.716699 0.069912 0.062773 0.038984
34 0.448647 0.347495 0.061885 0.041553
34 0.310542 0.789053 0.063467 0.040820
34 0.869780 0.913838 0.065771 0.040176
