34 0.131372 0.554053 0.059242 0.016445
34 0.573998 0.323247 0.116852 0.040596
34 0.394739 0.311426 0.111330 0.041934
34 0.173796 0.217373 0.107121 0.039492
34 0.332374 0.431113 0.224916 0.042402
21 0.493897 0.354971 0.030556 0.025566
0 0.027997 0.345869 0.041785 0.042949
0 0.176456 0.403276 0.038131 0.043799
0 0.322710 0.312271 0.031515 0.030186
0 0.494259 0.283350 0.032997 0.031895
0 0.494992 0.321416 0.027121 0.032324
0 0.025429 0.620161 0.041061 0.044658
0 0.194049 0.674600 0.038131 0.035293
34 0.076490 0.232275 0.057593 0.014980
34 0.073906 0.730181 0.051953 0.018330
34 0.188872 0.494727 0.115623 0.041895
34 0.040623 0.266396 0.081246 0.035781
34 0.575109 0.280762 0.117862 0.041738
34 0.038493 0.542441 0.076987 0.030488
34 0.095429 0.619458 0.102980 0.039990
34 0.103426 0.349336 0.116044 0.040820
34 0.097399 0.405684 0.111835 0.042930
34 0.107904 0.510825 0.056818 0.017354
34 0.067870 0.456860 0.052071 0.017861
34 0.258864 0.007559 0.212340 0.015117
34 0.481582 0.530439 0.063603 0.017207
34 0.368914 0.257178 0.060926 0.016855
34 0.269108 0.673721 0.110135 0.044473
