33 0.858960 0.418047 0.079404 0.050742
1 0.899717 0.334346 0.039922 0.081836
6 0.898809 0.083232 0.051230 0.060840
11 0.900044 0.553018 0.086455 0.086445
6 0.713677 0.023457 0.067354 0.037363
0 0.901348 0.236133 0.041367 0.071855
34 0.380654 0.258071 0.037637 0.059131
34 0.896777 0.701079 0.138711 0.108604
34 0.879038 0.154849 0.034404 0.052686
34 0.820435 0.232803 0.112900 0.075273
34 0.819360 0.334956 0.123662 0.070967
34 0.756997 0.418823 0.117197 0.075264
6 0.109819 0.024028 0.066416 0.035049
