34 0.936704 0.487808 0.069326 0.041064
34 0.839824 0.484512 0.067012 0.043770
34 0.834600 0.560430 0.106133 0.099551
34 0.658164 0.558110 0.062363 0.044541
34 0.498384 0.601494 0.051904 0.023633
34 0.408550 0.525376 0.065850 0.042607
34 0.476494 0.671797 0.044551 0.022461
34 0.646348 0.801943 0.071270 0.041055
34 0.733696 0.779092 0.073213 0.043379
34 0.841206 0.762632 0.068213 0.045322
34 0.840605 0.810854 0.067012 0.044150
34 0.869268 0.870117 0.025176 0.038730
34 0.946543 0.837588 0.069727 0.046465
34 0.948496 0.890259 0.068984 0.042607
34 0.978340 0.948750 0.023242 0.041055
34 0.880923 0.988125 0.093350 0.023750
34 0.534019 0.814341 0.123174 0.026338
34 0.427109 0.810659 0.067402 0.047646
34 0.426528 0.741904 0.066240 0.048027
34 0.371914 0.795747 0.022852 0.038740
34 0.293125 0.800586 0.069727 0.043770
34 0.215654 0.778511 0.073594 0.044541
34 0.135239 0.760112 0.070889 0.044150
34 0.134854 0.811045 0.067012 0.041445
34 0.076748 0.869341 0.025176 0.037959
34 0.030918 0.837778 0.061836 0.045322
34 0.030356 0.891621 0.060713 0.046094
34 0.092651 0.987354 0.101826 0.025293
34 0.027241 0.737646 0.054482 0.043379
34 0.130596 0.557334 0.117363 0.101094
34 0.196636 0.380313 0.063525 0.039121
34 0.806128 0.237192 0.065459 0.044932
34 0.875659 0.237578 0.059658 0.043379
34 0.934536 0.209497 0.063525 0.042998
34 0.983359 0.209302 0.033281 0.041826
33 0.974648 0.112075 0.050703 0.042607
34 0.814692 0.156045 0.049971 0.022852
34 0.527432 0.069272 0.051133 0.026729
34 0.528594 0.036157 0.052676 0.027119
34 0.262100 0.113433 0.064297 0.045322
34 0.205156 0.151196 0.025566 0.037959
0 0.090405 0.760776 0.020381 0.035752
0 0.090249 0.810796 0.020068 0.036689
3 0.983472 0.157813 0.031982 0.048437
5 0.683154 0.341016 0.035449 0.048828
4 0.655908 0.603174 0.037207 0.046973
35 0.882803 0.944092 0.037637 0.075273
35 0.522051 0.838716 0.086016 0.036553
35 0.059146 0.258071 0.037627 0.073115
35 0.216133 0.260220 0.037637 0.070967
34 0.264038 0.195747 0.065850 0.044932
0 0.384707 0.740488 0.021953 0.037949
0 0.425479 0.840527 0.037012 0.022266
34 0.230337 0.308271 0.135576 0.027500
34 0.070942 0.307495 0.134404 0.019756
34 0.105259 0.197290 0.071279 0.044932
34 0.047158 0.152168 0.022461 0.037578
34 0.102935 0.111689 0.065850 0.045703
33 0.408608 0.579038 0.048389 0.067744
33 0.215601 0.722051 0.053760 0.065586
33 0.294624 0.753071 0.045127 0.046514
33 0.642759 0.752026 0.040264 0.049990
33 0.730923 0.723911 0.041650 0.063174
33 0.802227 0.287339 0.041172 0.056904
33 0.870854 0.287842 0.041846 0.055234
0 0.990068 0.840532 0.018867 0.037744
0 0.883936 0.811138 0.020684 0.035557
0 0.884473 0.760884 0.022500 0.037373
0 0.384082 0.889141 0.020078 0.037949
0 0.989888 0.890972 0.017783 0.037744
0 0.980220 0.435112 0.020381 0.035439
0 0.979263 0.484976 0.017900 0.037314
0 0.883936 0.481685 0.021641 0.034502
6 0.884429 0.364995 0.025283 0.020986
3 0.196782 0.422710 0.052744 0.044951
0 0.646338 0.713281 0.028613 0.031797
0 0.294917 0.715474 0.031904 0.027412
21 0.385371 0.976333 0.039668 0.046123
0 0.884248 0.431504 0.020391 0.038887
0 0.059111 0.197412 0.015957 0.036953
0 0.058901 0.114282 0.019736 0.037783
6 0.980352 0.367876 0.025273 0.023291
0 0.218447 0.113232 0.020566 0.034844
0 0.217607 0.198042 0.018887 0.039053
34 0.681597 0.291035 0.071279 0.046484
34 0.512324 0.324150 0.038730 0.025957
34 0.840991 0.431831 0.065459 0.042998
34 0.869692 0.393291 0.023623 0.030215
34 0.967305 0.396201 0.022852 0.032148
34 0.934751 0.435903 0.067744 0.044932
