34 0.868213 0.925229 0.086113 0.045713
34 0.535952 0.285557 0.023799 0.038867
34 0.862988 0.052085 0.035078 0.023096
34 0.982310 0.187729 0.021768 0.035205
34 0.593242 0.442642 0.036953 0.021650
34 0.584648 0.603120 0.092910 0.049756
34 0.860845 0.462310 0.069326 0.038643
34 0.615752 0.368066 0.026875 0.035410
34 0.768774 0.359058 0.026650 0.040049
34 0.984614 0.875947 0.029873 0.042559
0 0.923071 0.925015 0.020791 0.035107
5 0.819585 0.138335 0.052607 0.031553
34 0.441860 0.012949 0.066611 0.025898
35 0.489131 0.099819 0.041055 0.092158
34 0.582905 0.656162 0.152256 0.054609
34 0.975747 0.609443 0.048506 0.043750
0 0.900176 0.098706 0.021426 0.040342
0 0.859629 0.491650 0.040293 0.020684
0 0.488125 0.013569 0.021895 0.026963
6 0.628262 0.480771 0.011699 0.019883
8 0.604868 0.521597 0.054971 0.105264
6 0.906040 0.461479 0.017549 0.016377
0 0.959629 0.875894 0.020645 0.036143
34 0.946309 0.951602 0.022734 0.037578
34 0.807720 0.371787 0.021572 0.042109
34 0.856284 0.097676 0.065596 0.039023
34 0.469243 0.173345 0.147783 0.052041
34 0.907661 0.858218 0.023975 0.039580
