0 0.027368 0.798931 0.045459 0.023311
6 0.027505 0.205151 0.018096 0.017236
35 0.145171 0.797856 0.093545 0.034404
34 0.080947 0.850601 0.088164 0.052061
34 0.360361 0.916899 0.174941 0.056924
6 0.039507 0.712056 0.018936 0.020596
3 0.076152 0.904336 0.046133 0.052070
5 0.794824 0.309766 0.026953 0.044141
34 0.116699 0.692329 0.051367 0.031240
34 0.268032 0.796108 0.141611 0.036104
34 0.042729 0.761050 0.085459 0.050674
34 0.091592 0.259136 0.093340 0.054443
34 0.793418 0.262432 0.085801 0.049199
34 0.875918 0.161636 0.040801 0.031201
0 0.025039 0.259888 0.031465 0.052451
29 0.286294 0.498394 0.572588 0.326885
