0 0.788228 0.528916 0.017979 0.031094
33 0.188716 0.312910 0.058057 0.307520
33 0.387104 0.311299 0.065596 0.302148
33 0.504155 0.119956 0.046670 0.056006
33 0.846655 0.315713 0.084521 0.071035
34 0.009336 0.027197 0.018672 0.054395
34 0.148418 0.038682 0.026445 0.052930
34 0.325225 0.011040 0.061855 0.022080
34 0.506289 0.066221 0.083359 0.051543
34 0.668076 0.071646 0.082461 0.051533
34 0.681748 0.009268 0.050645 0.018535
34 0.720063 0.184141 0.080674 0.052441
34 0.838608 0.111089 0.079326 0.054229
34 0.934517 0.073618 0.082021 0.053779
34 0.719302 0.365186 0.077783 0.051855
34 0.840645 0.529302 0.084004 0.054443
34 0.313535 0.315918 0.079336 0.051855
34 0.111973 0.313481 0.077266 0.054443
34 0.438145 0.515195 0.026445 0.047188
34 0.373579 0.567056 0.090225 0.051338
34 0.357246 0.662207 0.087637 0.060156
34 0.437104 0.724692 0.026455 0.049268
34 0.228647 0.743101 0.028525 0.045635
34 0.081377 0.499668 0.089707 0.049219
34 0.111973 0.594536 0.027480 0.051338
34 0.103159 0.679604 0.042002 0.025361
34 0.075415 0.739209 0.087119 0.046152
34 0.088115 0.831255 0.025410 0.042529
34 0.455771 0.883159 0.144668 0.056006
34 0.135566 0.983584 0.070527 0.032832
34 0.938179 0.308608 0.092471 0.058057
35 0.455918 0.811299 0.041934 0.082793
35 0.134414 0.926348 0.044082 0.080645
3 0.438608 0.660649 0.075654 0.053721
0 0.082876 0.535034 0.030420 0.019131
0 0.022588 0.735762 0.021875 0.035000
0 0.987119 0.070615 0.018164 0.029824
0 0.788970 0.110459 0.019248 0.032520
0 0.718638 0.070884 0.018975 0.030361
0 0.720259 0.220371 0.030361 0.017617
0 0.719004 0.402129 0.033027 0.018457
5 0.456177 0.563237 0.069287 0.034131
21 0.719272 0.129268 0.033818 0.045820
21 0.984648 0.128823 0.030703 0.046709
3 0.149683 0.738501 0.072373 0.058115
