10 0.955112 0.506460 0.089775 0.066670
10 0.331729 0.504312 0.098926 0.051611
10 0.574741 0.505923 0.090322 0.065596
0 0.927866 0.404497 0.033760 0.058994
0 0.545347 0.404409 0.034365 0.059463
34 0.451597 0.513818 0.125908 0.135469
34 0.525703 0.156455 0.030762 0.041523
34 0.858115 0.406392 0.097246 0.075166
34 0.908335 0.156689 0.031514 0.041289
34 0.476094 0.404585 0.096641 0.071182
34 0.525059 0.712656 0.031875 0.042363
34 0.047764 0.424761 0.095527 0.094014
34 0.690381 0.509897 0.133887 0.139600
0 0.302295 0.404639 0.034102 0.059141
35 0.030537 0.857437 0.061035 0.049834
34 0.907837 0.712808 0.030439 0.042510
34 0.281704 0.156733 0.030420 0.041240
34 0.233716 0.405034 0.095283 0.071885
34 0.280923 0.712832 0.030479 0.042754
34 0.813823 0.838657 0.054580 0.031631
