34 0.462437 0.988076 0.060947 0.023848
34 0.726133 0.016992 0.038516 0.033984
34 0.062256 0.849941 0.064727 0.040781
34 0.475981 0.344990 0.063564 0.040684
34 0.963184 0.019214 0.073555 0.038428
34 0.323213 0.913765 0.065918 0.040986
34 0.161304 0.593140 0.039912 0.060283
34 0.624565 0.788262 0.066123 0.040820
33 0.709048 0.686460 0.078193 0.054053
34 0.726772 0.903853 0.037451 0.061436
34 0.451772 0.741089 0.122822 0.071592
34 0.649165 0.302285 0.124424 0.075156
34 0.603589 0.684863 0.123643 0.077188
11 0.750103 0.378599 0.125400 0.120264
13 0.450337 0.819702 0.068213 0.079775
