34 0.027676 0.696064 0.055352 0.061504
34 0.008086 0.135884 0.016094 0.056592
34 0.057852 0.453105 0.033301 0.057930
33 0.558047 0.206563 0.057305 0.045039
34 0.971416 0.930420 0.050937 0.031895
34 0.303398 0.494419 0.103203 0.058838
34 0.891763 0.223286 0.099678 0.060654
33 0.047227 0.138105 0.058184 0.044609
34 0.151704 0.098442 0.097197 0.058174
34 0.640962 0.207104 0.099658 0.059111
34 0.452573 0.096157 0.098564 0.057393
34 0.505156 0.261587 0.034316 0.058447
21 0.390454 0.164912 0.041455 0.050430
21 0.732021 0.528994 0.037090 0.039434
6 0.971567 0.281890 0.033643 0.048721
0 0.213037 0.099365 0.021836 0.037539
13 0.973623 0.224878 0.052598 0.098564
4 0.301685 0.564287 0.070361 0.078496
21 0.212383 0.165200 0.042988 0.051650
0 0.389951 0.098569 0.024297 0.039697
34 0.529551 0.009136 0.102734 0.018271
34 0.953657 0.367842 0.033193 0.050273
34 0.428491 0.564219 0.058369 0.031855
34 0.804082 0.062114 0.033535 0.052373
