34 0.743281 0.545723 0.103438 0.059844
33 0.795034 0.828052 0.043447 0.066416
34 0.601294 0.762813 0.107139 0.060254
34 0.325098 0.776689 0.109609 0.059961
34 0.501738 0.956123 0.114238 0.056816
0 0.645752 0.477500 0.042910 0.022988
0 0.966284 0.686089 0.041885 0.023838
34 0.224546 0.128535 0.056279 0.033359
34 0.796802 0.763228 0.106104 0.059756
0 0.799585 0.685493 0.042900 0.023447
34 0.577070 0.370874 0.106523 0.060205
34 0.615005 0.559092 0.104268 0.053965
0 0.754697 0.924687 0.022871 0.042227
34 0.254385 0.191646 0.261836 0.055107
34 0.873105 0.534775 0.104492 0.058125
34 0.648691 0.433223 0.113594 0.059551
34 0.285054 0.042808 0.033467 0.058857
34 0.927803 0.729829 0.113301 0.057588
34 0.517661 0.514946 0.032764 0.059326
34 0.700020 0.798491 0.106230 0.057686
3 0.950757 0.542026 0.058057 0.065928
34 0.384658 0.379917 0.205371 0.051982
0 0.680439 0.546577 0.022500 0.043330
3 0.872773 0.591992 0.064727 0.057480
34 0.688931 0.924692 0.107119 0.058799
3 0.870273 0.434331 0.065527 0.058389
0 0.931401 0.772720 0.041572 0.023467
0 0.535757 0.222725 0.063936 0.033066
33 0.329043 0.835508 0.043281 0.054590
0 0.511792 0.370845 0.022783 0.042451
3 0.699824 0.855610 0.066660 0.057451
34 0.076226 0.665703 0.152100 0.183906
0 0.499116 0.992153 0.042725 0.015693
34 0.828638 0.216602 0.170986 0.099121
33 0.604248 0.828662 0.044180 0.067305
34 0.318330 0.501230 0.107227 0.056211
33 0.433960 0.557827 0.037939 0.056338
34 0.620264 0.202822 0.064609 0.033828
33 0.322324 0.561992 0.038906 0.064863
34 0.431440 0.501489 0.113271 0.054854
34 0.063047 0.422573 0.089316 0.050361
34 0.451353 0.750449 0.133096 0.108125
17 0.431191 0.034951 0.100000 0.069902
34 0.957261 0.646777 0.085479 0.059141
21 0.756997 0.986563 0.033330 0.026875
6 0.697368 0.457329 0.016592 0.018154
34 0.366675 0.441938 0.336553 0.027959
34 0.241943 0.386030 0.065586 0.030107
35 0.843770 0.865151 0.083516 0.043252
35 0.980864 0.772744 0.038271 0.038320
35 0.706816 0.221348 0.085918 0.041328
22 0.452368 0.864053 0.114795 0.116074
1 0.614912 0.603921 0.063633 0.036162
6 0.511895 0.317686 0.021328 0.025625
34 0.988887 0.539150 0.022227 0.058281
35 0.964063 0.444043 0.071563 0.036113
34 0.793706 0.644687 0.107412 0.057090
34 0.573794 0.460410 0.054971 0.030957
35 0.415786 0.986777 0.085029 0.026445
34 0.299331 0.983164 0.140205 0.033672
34 0.871851 0.375889 0.108779 0.059336
34 0.943687 0.867148 0.112627 0.063906
34 0.533906 0.176074 0.109121 0.059512
