5 0.091299 0.118989 0.039375 0.059639
34 0.622949 0.540981 0.105371 0.056611
33 0.924443 0.183423 0.057559 0.040029
34 0.974619 0.264556 0.050762 0.055342
34 0.493901 0.729727 0.045518 0.024043
34 0.875693 0.221377 0.024473 0.049629
34 0.974150 0.059937 0.051699 0.110947
34 0.200264 0.891724 0.043223 0.024561
34 0.605615 0.170464 0.101367 0.055830
35 0.092183 0.218130 0.093018 0.037529
34 0.910122 0.654756 0.027842 0.041973
34 0.015400 0.078135 0.030801 0.055098
3 0.626187 0.599556 0.059346 0.060967
1 0.330093 0.465107 0.035264 0.059941
15 0.891646 0.386362 0.054697 0.051299
0 0.252803 0.795112 0.020430 0.038174
0 0.219487 0.217646 0.060205 0.033770
0 0.823042 0.702686 0.059033 0.033359
3 0.976318 0.599111 0.046992 0.059785
3 0.317090 0.549624 0.064121 0.060498
5 0.729683 0.270640 0.040400 0.059229
15 0.329893 0.390718 0.054609 0.051533
21 0.251211 0.848633 0.035215 0.038809
11 0.327358 0.018340 0.093271 0.036680
34 0.731040 0.219224 0.101592 0.054834
34 0.446875 0.101357 0.100859 0.057832
33 0.363687 0.103608 0.063838 0.041611
34 0.795654 0.545425 0.100098 0.056318
34 0.191265 0.796211 0.095518 0.056758
34 0.262490 0.467793 0.102402 0.053730
34 0.543457 0.597979 0.044824 0.023086
34 0.813828 0.384438 0.101738 0.060322
34 0.418052 0.198569 0.107744 0.054561
35 0.672329 0.701592 0.094463 0.038789
34 0.966157 0.542544 0.067373 0.054893
34 0.668408 0.668110 0.155625 0.030713
34 0.823057 0.460581 0.102949 0.055146
34 0.823320 0.660508 0.106348 0.053574
34 0.220874 0.170420 0.103975 0.055820
34 0.931680 0.299229 0.043906 0.025586
34 0.092109 0.066191 0.101230 0.054766
34 0.233511 0.551362 0.102373 0.057764
34 0.082695 0.187671 0.153184 0.030518
34 0.249863 0.393101 0.101406 0.056104
34 0.291851 0.205127 0.038076 0.024453
34 0.875630 0.128477 0.024580 0.044863
34 0.447520 0.023984 0.139375 0.047598
34 0.313438 0.306992 0.025781 0.044082
34 0.978267 0.186191 0.043330 0.053984
34 0.312896 0.053892 0.025283 0.038486
6 0.332202 0.079819 0.025322 0.015752
6 0.893237 0.165073 0.019697 0.019697
11 0.888921 0.059810 0.101162 0.095928
3 0.417803 0.256289 0.063301 0.061348
3 0.878516 0.544946 0.061445 0.058447
1 0.891694 0.459814 0.033369 0.058262
3 0.527168 0.170151 0.063301 0.058311
