11 0.880928 0.785190 0.102695 0.100713
11 0.483018 0.945830 0.081914 0.079805
11 0.223096 0.945928 0.081562 0.078555
6 0.146792 0.383857 0.030322 0.029023
6 0.188076 0.383857 0.029023 0.027734
8 0.545444 0.219683 0.049678 0.034834
8 0.682197 0.219683 0.050957 0.033545
6 0.770249 0.289033 0.029678 0.023867
6 0.257217 0.725483 0.026699 0.030049
20 0.351494 0.706411 0.122539 0.100576
8 0.103525 0.219551 0.049551 0.034141
34 0.190225 0.407485 0.143828 0.024092
34 0.427964 0.887637 0.087100 0.039785
34 0.297319 0.886563 0.092471 0.039785
34 0.163447 0.887104 0.097852 0.043018
34 0.123608 0.179453 0.099873 0.033125
34 0.952251 0.712842 0.095459 0.078125
34 0.793267 0.714385 0.097021 0.076953
34 0.224219 0.041313 0.021602 0.045674
34 0.624453 0.714385 0.103184 0.081543
34 0.663579 0.179375 0.102100 0.028652
34 0.544604 0.181470 0.098018 0.030479
34 0.907378 0.586162 0.047822 0.047148
34 0.186719 0.725000 0.099902 0.038613
34 0.473623 0.036968 0.022754 0.037979
34 0.499419 0.042354 0.021885 0.046543
11 0.352817 0.946055 0.081279 0.080098
17 0.348950 0.255283 0.108408 0.102852
11 0.713857 0.784863 0.103535 0.101055
6 0.459082 0.288511 0.030918 0.032295
