34 0.210493 0.621680 0.098740 0.058105
6 0.113130 0.738804 0.034678 0.023369
6 0.388618 0.427485 0.030166 0.045244
3 0.875977 0.803657 0.075430 0.065869
3 0.128892 0.616895 0.070420 0.065957
6 0.368711 0.754536 0.023047 0.020459
0 0.249536 0.507524 0.038174 0.022959
21 0.961069 0.676362 0.042021 0.052666
21 0.310083 0.555298 0.042881 0.052939
0 0.368296 0.816089 0.023057 0.040342
0 0.960571 0.613794 0.023213 0.039600
6 0.059854 0.545752 0.030918 0.023398
6 0.084722 0.545332 0.032178 0.020898
6 0.111255 0.544912 0.034268 0.020059
6 0.060479 0.739243 0.029668 0.021729
6 0.084927 0.738823 0.030928 0.020889
34 0.316646 0.850693 0.049365 0.030840
34 0.987158 0.613125 0.025684 0.054688
34 0.431250 0.814434 0.100039 0.059941
34 0.250654 0.466895 0.100371 0.056367
34 0.124858 0.688218 0.030283 0.056240
33 0.181802 0.754810 0.064326 0.043682
34 0.960737 0.229204 0.041123 0.032959
33 0.181978 0.807661 0.063721 0.042451
34 0.255903 0.804414 0.080635 0.040801
34 0.368042 0.897705 0.046592 0.030840
34 0.784170 0.802065 0.106699 0.060166
34 0.182305 0.490103 0.049648 0.031045
34 0.232715 0.172534 0.060605 0.033408
34 0.021440 0.722646 0.042881 0.031758
34 0.256758 0.753818 0.079219 0.043945
34 0.925684 0.546514 0.050391 0.031562
34 0.021284 0.528574 0.042568 0.030723
34 0.016929 0.403857 0.033623 0.030508
34 0.044170 0.127354 0.088320 0.059629
