0 0.828794 0.122260 0.014033 0.031917
34 0.432793 0.169634 0.021836 0.048444
34 0.677495 0.243670 0.116846 0.055028
34 0.065767 0.079690 0.064521 0.046550
34 0.788774 0.041015 0.020342 0.041759
34 0.125811 0.236037 0.085254 0.049617
34 0.546123 0.028061 0.019453 0.037610
34 0.869180 0.047897 0.068125 0.046483
34 0.985571 0.194949 0.028018 0.049605
34 0.432891 0.073692 0.021523 0.052120
34 0.557271 0.293236 0.157900 0.090530
34 0.756812 0.170321 0.067471 0.047700
34 0.117500 0.031691 0.018027 0.039865
34 0.631782 0.081009 0.070146 0.044273
34 0.664907 0.031561 0.018623 0.037531
33 0.384746 0.029780 0.041172 0.043551
35 0.129956 0.172497 0.032920 0.085738
34 0.876401 0.125411 0.068467 0.051274
34 0.907949 0.195180 0.073418 0.050451
34 0.942339 0.067818 0.019678 0.040349
35 0.955859 0.274414 0.034023 0.084498
34 0.328594 0.031595 0.074531 0.048737
34 0.082271 0.293439 0.036670 0.025592
35 0.803188 0.288698 0.032549 0.084340
35 0.677241 0.179014 0.032998 0.084498
34 0.509551 0.089752 0.067402 0.047012
34 0.807378 0.356623 0.146279 0.054555
35 0.335176 0.345349 0.071191 0.039605
35 0.557314 0.209538 0.033789 0.082683
34 0.235107 0.346607 0.126855 0.048952
34 0.408369 0.332914 0.042031 0.022446
0 0.802988 0.170524 0.022109 0.051082
0 0.677134 0.082136 0.022471 0.049301
21 0.828955 0.162869 0.029492 0.041432
3 0.119409 0.081522 0.044346 0.048072
0 0.557866 0.090738 0.024619 0.051781
0 0.955190 0.195214 0.023721 0.051601
0 0.979150 0.083912 0.014395 0.031793
0 0.826748 0.048202 0.014551 0.031623
6 0.978501 0.051623 0.016572 0.014070
6 0.826406 0.017294 0.012676 0.014070
19 0.447559 0.378557 0.051465 0.195784
