34 0.734438 0.706650 0.141045 0.052891
34 0.975078 0.790078 0.049844 0.031113
34 0.503428 0.734390 0.226602 0.090752
34 0.606719 0.239746 0.171641 0.072598
34 0.624771 0.859829 0.030596 0.042002
34 0.583281 0.938389 0.089707 0.058086
34 0.607500 0.317788 0.161797 0.061709
34 0.610352 0.394531 0.178906 0.061699
17 0.882886 0.107979 0.081182 0.079336
33 0.472417 0.386235 0.062744 0.060674
33 0.470859 0.308970 0.057559 0.053408
33 0.469048 0.232485 0.057041 0.058076
33 0.470601 0.084956 0.058076 0.060674
34 0.973525 0.980601 0.052949 0.038799
3 0.740771 0.780713 0.076660 0.092109
35 0.507534 0.806460 0.104307 0.049463
31 0.867661 0.492666 0.137451 0.138379
0 0.641587 0.939375 0.026807 0.055937
34 0.597905 0.092734 0.145713 0.064824
34 0.875493 0.592827 0.145654 0.056025
34 0.882490 0.198672 0.170605 0.065859
