34 0.615464 0.089321 0.072744 0.045850
34 0.888159 0.320098 0.115732 0.024570
34 0.630000 0.396392 0.041836 0.018975
33 0.742217 0.375552 0.034473 0.033701
35 0.891343 0.346694 0.070889 0.030986
35 0.891343 0.278325 0.070889 0.028271
34 0.148394 0.201079 0.151611 0.049463
35 0.118740 0.678306 0.084824 0.037568
33 0.186138 0.923105 0.025947 0.025176
34 0.218291 0.800693 0.118145 0.024434
35 0.215386 0.774756 0.072822 0.030605
33 0.279878 0.914004 0.030596 0.027109
30 0.507505 0.459819 0.065264 0.060244
30 0.562729 0.407109 0.061240 0.067266
6 0.665674 0.868970 0.012852 0.014385
6 0.805840 0.407261 0.015859 0.018838
6 0.774785 0.867246 0.013437 0.015312
30 0.850010 0.867095 0.058828 0.063311
30 0.594268 0.868218 0.058262 0.061064
30 0.506592 0.828999 0.065547 0.057705
30 0.428438 0.954492 0.058262 0.062188
8 0.525078 0.942168 0.047617 0.047617
8 0.710005 0.249282 0.047744 0.042686
9 0.708545 0.314985 0.048164 0.042686
6 0.663999 0.406841 0.014229 0.016318
0 0.782910 0.343994 0.030508 0.016953
0 0.781704 0.275967 0.032920 0.015488
0 0.772983 0.924541 0.030986 0.015977
0 0.323271 0.774297 0.036309 0.018887
0 0.426646 0.530259 0.030029 0.019854
33 0.353281 0.914199 0.029434 0.026719
30 0.853394 0.408110 0.058232 0.067275
30 0.933208 0.461826 0.063252 0.064258
0 0.152573 0.375664 0.027197 0.049375
0 0.422700 0.031260 0.023428 0.046035
9 0.662334 0.943008 0.039785 0.045937
30 0.928159 0.831245 0.061631 0.057705
33 0.747310 0.953262 0.047959 0.037344
34 0.965781 0.146587 0.068438 0.040225
34 0.778511 0.316162 0.074248 0.047070
34 0.323989 0.803901 0.077646 0.046357
34 0.184307 0.884858 0.078770 0.045889
34 0.845796 0.816943 0.099482 0.046973
33 0.748955 0.990312 0.042988 0.019375
35 0.880269 0.923882 0.072432 0.031377
35 0.318188 0.529370 0.072432 0.028662
35 0.153950 0.441440 0.030596 0.072822
34 0.925273 0.655386 0.141934 0.048389
25 0.878228 0.652695 0.243545 0.219355
25 0.505381 0.656455 0.345156 0.220430
33 0.693379 0.363242 0.040254 0.037578
34 0.547388 0.858667 0.037803 0.014971
34 0.803228 0.856499 0.038760 0.016318
34 0.306045 0.018853 0.027832 0.017021
34 0.960073 0.922231 0.079404 0.023096
34 0.275698 0.878848 0.078115 0.047109
34 0.499795 0.654028 0.134316 0.043877
34 0.980283 0.452202 0.039434 0.047021
34 0.914502 0.393872 0.043457 0.018721
34 0.124819 0.638042 0.165166 0.046201
34 0.423691 0.828525 0.094121 0.047324
34 0.321040 0.504453 0.117061 0.025391
34 0.353047 0.084170 0.029004 0.018594
34 0.856646 0.201694 0.042451 0.018701
34 0.428721 0.905859 0.084121 0.036934
34 0.894419 0.249580 0.117119 0.024863
33 0.685947 0.087524 0.056152 0.037041
34 0.008145 0.019766 0.016074 0.017246
34 0.647520 0.244751 0.072031 0.044150
34 0.769038 0.896846 0.077725 0.043633
34 0.158291 0.499531 0.139609 0.047070
34 0.985757 0.500679 0.028213 0.045049
34 0.782173 0.247520 0.074170 0.044199
34 0.808179 0.963579 0.076143 0.068271
34 0.419775 0.475044 0.116133 0.090225
34 0.634204 0.360605 0.070029 0.047363
34 0.542734 0.351606 0.111953 0.048057
34 0.474888 0.028281 0.081064 0.048613
34 0.523325 0.899487 0.078311 0.043350
34 0.661924 0.899639 0.075566 0.043242
34 0.501323 0.166650 0.033604 0.018750
34 0.647637 0.308730 0.071738 0.044687
34 0.793594 0.375469 0.069453 0.046719
34 0.979341 0.831265 0.041123 0.048271
34 0.248794 0.940361 0.041748 0.017188
34 0.097368 0.377412 0.083076 0.049297
34 0.845259 0.457192 0.100498 0.047490
34 0.358481 0.879487 0.078174 0.046611
34 0.596553 0.817300 0.100000 0.047178
33 0.683706 0.022329 0.051025 0.040049
34 0.616782 0.030142 0.072256 0.047354
