35 0.536626 0.012900 0.125283 0.025801
33 0.219429 0.436411 0.076943 0.052373
34 0.703276 0.064541 0.238779 0.128457
34 0.075908 0.157993 0.121660 0.072197
34 0.318672 0.437983 0.121484 0.077217
35 0.604302 0.383213 0.054873 0.133516
35 0.515737 0.382954 0.056904 0.134541
34 0.156221 0.477339 0.036992 0.062939
34 0.629419 0.837632 0.062666 0.039014
34 0.841260 0.434683 0.037402 0.065439
34 0.290356 0.839009 0.064502 0.039072
34 0.126021 0.795957 0.252041 0.113789
34 0.254541 0.131846 0.060664 0.038066
34 0.800342 0.681978 0.062695 0.037627
34 0.465938 0.840615 0.061426 0.037402
34 0.982993 0.192690 0.034014 0.069014
34 0.460190 0.969434 0.038584 0.060898
34 0.495498 0.262803 0.038789 0.062227
34 0.577783 0.681675 0.063770 0.038193
34 0.154805 0.087378 0.038066 0.061084
34 0.279302 0.007646 0.125986 0.015293
34 0.016919 0.012373 0.033682 0.024746
0 0.343076 0.156582 0.073672 0.038750
11 0.178833 0.232007 0.118135 0.114854
0 0.277681 0.033813 0.072314 0.038818
6 0.372861 0.864292 0.027539 0.029854
0 0.870957 0.557358 0.037754 0.073623
6 0.485483 0.911611 0.032373 0.031211
13 0.077744 0.570522 0.062129 0.078994
6 0.716562 0.703892 0.030371 0.029697
6 0.540376 0.864365 0.030088 0.031367
0 0.752603 0.865107 0.071709 0.038496
34 0.560806 0.519233 0.261787 0.109600
34 0.786240 0.559170 0.121543 0.073203
34 0.582964 0.261016 0.037100 0.062227
34 0.749785 0.808740 0.121426 0.069570
34 0.077422 0.495601 0.121406 0.072393
34 0.343340 0.103096 0.121543 0.070449
