8 0.811909 0.076396 0.088662 0.067637
0 0.567959 0.441602 0.040488 0.075488
0 0.567578 0.776035 0.039004 0.074844
6 0.568286 0.559927 0.032041 0.028838
5 0.862275 0.609683 0.065840 0.080635
35 0.758877 0.985713 0.137207 0.028574
34 0.541304 0.608462 0.036748 0.061025
34 0.730859 0.585220 0.061504 0.038760
34 0.979458 0.509160 0.041084 0.069219
34 0.025737 0.587290 0.051475 0.038623
34 0.544058 0.874355 0.036494 0.063633
34 0.861938 0.534331 0.126885 0.073018
34 0.830796 0.329131 0.219111 0.077266
34 0.376030 0.945103 0.234189 0.109795
34 0.483477 0.437461 0.123164 0.073281
34 0.478174 0.772725 0.124316 0.074121
34 0.700137 0.077593 0.127187 0.073330
35 0.830908 0.231450 0.056309 0.119463
6 0.617104 0.608262 0.027959 0.029961
6 0.568823 0.656055 0.031729 0.027988
