34 0.782197 0.903281 0.093340 0.055488
34 0.873467 0.771572 0.093340 0.056523
35 0.298931 0.310757 0.041943 0.086025
35 0.542480 0.770439 0.092480 0.041934
0 0.954541 0.501968 0.055957 0.023799
0 0.393921 0.522124 0.065264 0.031475
4 0.763877 0.833989 0.075645 0.070107
3 0.422710 0.751660 0.072373 0.069082
3 0.781265 0.965469 0.072373 0.069063
3 0.876660 0.834443 0.076758 0.070176
0 0.213848 0.893921 0.045449 0.059443
0 0.038442 0.860703 0.037295 0.053613
35 0.786030 0.501084 0.110752 0.043008
35 0.555923 0.982798 0.115049 0.034404
35 0.509683 0.523125 0.093545 0.046230
3 0.147051 0.686416 0.071055 0.076758
0 0.297319 0.894180 0.035244 0.068242
6 0.039253 0.761831 0.023662 0.031182
34 0.791274 0.435288 0.179932 0.085049
34 0.956436 0.459663 0.087129 0.057041
34 0.956699 0.572187 0.086602 0.058086
34 0.975625 0.639341 0.048750 0.063779
34 0.962661 0.711934 0.074678 0.058594
34 0.917544 0.916504 0.029033 0.044590
34 0.875537 0.966548 0.053926 0.031631
34 0.302158 0.243018 0.201074 0.045156
34 0.392480 0.474736 0.095703 0.059141
34 0.146714 0.621709 0.090752 0.056523
34 0.030449 0.397949 0.060898 0.062227
34 0.286465 0.585410 0.020742 0.051328
34 0.525518 0.489478 0.124453 0.032666
34 0.330283 0.506851 0.036816 0.025928
34 0.425957 0.685747 0.090234 0.057041
34 0.544961 0.721787 0.151934 0.056523
34 0.348950 0.753164 0.042002 0.030078
34 0.229941 0.688086 0.044590 0.027480
34 0.252241 0.808130 0.050811 0.034229
34 0.143086 0.892651 0.090742 0.061182
34 0.128564 0.958247 0.039922 0.030596
34 0.253018 0.985996 0.060664 0.028008
34 0.020190 0.802686 0.030596 0.048223
34 0.359844 0.894209 0.089707 0.054961
34 0.558188 0.934917 0.173193 0.061709
34 0.761460 0.767681 0.091260 0.058076
