34 0.457365 0.096851 0.068098 0.028115
34 0.327222 0.054336 0.122929 0.047539
34 0.329537 0.775278 0.117155 0.043193
34 0.454487 0.884585 0.063485 0.024775
34 0.616372 0.871362 0.113687 0.041182
34 0.025253 0.746484 0.050505 0.040508
34 0.025539 0.842222 0.051077 0.041865
34 0.209209 0.926929 0.040404 0.029795
34 0.028426 0.955557 0.056852 0.042852
0 0.326852 0.879268 0.028687 0.024766
0 0.612037 0.901440 0.060202 0.021924
3 0.305791 0.398999 0.066162 0.048486
34 0.522593 0.200298 0.036936 0.034150
34 0.466027 0.248843 0.115421 0.044189
34 0.296928 0.350947 0.121195 0.040840
34 0.728906 0.383589 0.181785 0.032471
34 0.519419 0.463936 0.117155 0.041855
34 0.573662 0.503770 0.037525 0.035820
34 0.311936 0.463936 0.115421 0.041855
34 0.368779 0.503437 0.042138 0.036484
34 0.052660 0.541104 0.105320 0.040176
34 0.245850 0.669824 0.083687 0.026445
34 0.394175 0.637852 0.115993 0.044199
34 0.637727 0.648062 0.251044 0.043857
34 0.461995 0.774941 0.113114 0.038496
33 0.459992 0.822930 0.070488 0.052187
33 0.330168 0.822764 0.073872 0.052520
3 0.328426 0.101021 0.076616 0.052529
0 0.540480 0.248613 0.034158 0.037109
21 0.393939 0.545708 0.054714 0.044971
15 0.396221 0.691216 0.086650 0.060850
0 0.540471 0.154893 0.037407 0.038359
0 0.392416 0.464287 0.040657 0.034277
34 0.714192 0.086138 0.211212 0.024111
35 0.717753 0.411299 0.148300 0.035488
35 0.693653 0.111836 0.151987 0.036563
35 0.620429 0.688179 0.150152 0.034404
5 0.039731 0.582222 0.059293 0.044971
0 0.595724 0.465859 0.036330 0.039316
34 0.463148 0.156108 0.114276 0.048213
21 0.595673 0.548311 0.058687 0.045059
21 0.544158 0.307871 0.064411 0.039180
