33 0.729771 0.009907 0.049365 0.019814
3 0.256904 0.698872 0.064258 0.065264
8 0.847871 0.706807 0.057227 0.072285
8 0.711323 0.451284 0.061240 0.067275
8 0.887026 0.175679 0.063252 0.058232
8 0.747471 0.181201 0.069277 0.067266
0 0.031558 0.056753 0.022197 0.044385
4 0.340840 0.566743 0.047187 0.063252
21 0.033613 0.109414 0.041172 0.042168
3 0.311621 0.098975 0.069277 0.068281
3 0.200278 0.567749 0.061240 0.059229
6 0.789497 0.719111 0.024697 0.024687
6 0.650103 0.463169 0.027197 0.017568
34 0.642466 0.631514 0.078506 0.052402
34 0.979341 0.064551 0.040947 0.052187
34 0.660532 0.072178 0.082979 0.052949
34 0.555586 0.614634 0.078984 0.051846
34 0.966602 0.175005 0.066797 0.053350
34 0.848193 0.647510 0.087266 0.050566
33 0.510005 0.432246 0.042588 0.056797
34 0.550527 0.677324 0.078887 0.052109
34 0.710718 0.393608 0.087139 0.048857
34 0.280864 0.388579 0.080479 0.051475
34 0.509043 0.378267 0.079902 0.051377
34 0.032988 0.582476 0.065918 0.053818
33 0.728486 0.686724 0.044512 0.059404
33 0.479531 0.614087 0.063750 0.044600
34 0.311064 0.038701 0.080195 0.052500
33 0.933374 0.068257 0.051689 0.042764
34 0.031382 0.644868 0.062764 0.051396
34 0.202046 0.512026 0.079561 0.050674
34 0.596182 0.376479 0.081934 0.051162
33 0.479429 0.680962 0.063975 0.044287
33 0.594038 0.431836 0.045010 0.058027
34 0.659351 0.014971 0.081123 0.029863
34 0.350938 0.512861 0.078828 0.051816
34 0.509331 0.552451 0.081943 0.051680
34 0.730591 0.629814 0.079150 0.053086
34 0.250576 0.645356 0.080957 0.051455
34 0.669990 0.178535 0.086094 0.052500
34 0.643838 0.806475 0.081016 0.052246
34 0.038354 0.813970 0.044189 0.031768
34 0.267720 0.572588 0.055693 0.027266
34 0.571743 0.100234 0.039307 0.027422
33 0.730815 0.068359 0.053467 0.043086
34 0.010972 0.057910 0.021943 0.053340
34 0.741055 0.840708 0.039004 0.031963
34 0.611362 0.327900 0.038643 0.027383
3 0.283008 0.447871 0.066270 0.069277
