34 0.411538 0.886748 0.020752 0.034687
34 0.564287 0.920015 0.019863 0.034033
34 0.189849 0.883677 0.023525 0.033545
34 0.037734 0.923677 0.021719 0.033428
34 0.547056 0.688857 0.031826 0.018926
34 0.078105 0.685815 0.031172 0.017510
34 0.245088 0.964121 0.116875 0.071758
34 0.103286 0.742134 0.078799 0.042256
33 0.101733 0.791675 0.036514 0.055850
34 0.215654 0.254219 0.108008 0.042813
34 0.606567 0.917285 0.019873 0.033750
34 0.828276 0.589102 0.022588 0.034648
34 0.006162 0.922290 0.012324 0.032627
34 0.507964 0.973037 0.117490 0.053926
34 0.491152 0.742759 0.079297 0.043018
34 0.756973 0.885698 0.021035 0.034189
34 0.381787 0.962964 0.114687 0.073936
34 0.639531 0.587671 0.019102 0.032646
6 0.786792 0.978071 0.018467 0.019033
6 0.577437 0.976846 0.017119 0.019355
0 0.713125 0.913887 0.054746 0.030508
0 0.373281 0.914233 0.041895 0.024561
0 0.249214 0.914595 0.042256 0.023838
25 0.313794 0.257524 0.379346 0.206494
34 0.609888 0.735571 0.020557 0.033799
34 0.520684 0.808491 0.031875 0.018623
34 0.774668 0.937041 0.020898 0.035781
34 0.110522 0.910547 0.117881 0.101738
34 0.137266 0.807856 0.032012 0.020342
34 0.538960 0.919932 0.020732 0.034746
34 0.693633 0.967876 0.124668 0.064248
33 0.491309 0.791797 0.036875 0.055020
34 0.800142 0.747759 0.019111 0.033252
