34 0.606592 0.439688 0.092324 0.057363
15 0.427988 0.490757 0.082187 0.081123
4 0.166128 0.859663 0.059209 0.067979
0 0.668457 0.440430 0.022500 0.037734
0 0.263745 0.977520 0.018037 0.031621
0 0.807187 0.226704 0.015996 0.030107
0 0.883086 0.353726 0.016621 0.028857
3 0.582798 0.865146 0.076748 0.061406
3 0.443540 0.919971 0.074561 0.063594
1 0.240649 0.486953 0.055420 0.028867
21 0.770801 0.358437 0.032285 0.047051
21 0.882427 0.413330 0.034131 0.047969
1 0.598032 0.773320 0.024248 0.056582
4 0.169971 0.677095 0.053730 0.066885
6 0.807100 0.188784 0.014629 0.014951
6 0.155581 0.437124 0.018447 0.037822
6 0.334082 0.439434 0.026758 0.036895
0 0.245229 0.395273 0.044619 0.022402
34 0.244019 0.448877 0.078877 0.051543
34 0.245137 0.359014 0.083809 0.051094
34 0.180620 0.377837 0.048896 0.030479
35 0.459683 0.763989 0.036553 0.091396
35 0.668286 0.344634 0.038701 0.089248
35 0.600547 0.615063 0.043008 0.086025
34 0.755923 0.222583 0.087100 0.049463
34 0.975005 0.166670 0.049990 0.062363
34 0.168496 0.616943 0.076641 0.057813
34 0.080879 0.674980 0.060059 0.026895
34 0.080654 0.858281 0.056914 0.030469
34 0.170332 0.799795 0.082012 0.052441
34 0.288833 0.802036 0.025986 0.059600
34 0.214009 0.974629 0.075244 0.050742
34 0.384741 0.986958 0.075303 0.026084
34 0.371743 0.924165 0.074404 0.053779
34 0.577456 0.949937 0.029580 0.054229
34 0.509106 0.860522 0.078428 0.053779
34 0.542944 0.768647 0.080674 0.057373
34 0.446592 0.678789 0.152383 0.081113
34 0.595605 0.542769 0.184199 0.057373
34 0.833140 0.354980 0.078428 0.051094
34 0.664180 0.284844 0.115176 0.035410
34 0.427544 0.421987 0.088291 0.055127
