34 0.505376 0.027720 0.113525 0.055439
34 0.953755 0.805732 0.092256 0.066152
34 0.974033 0.449932 0.051934 0.061699
34 0.731523 0.026606 0.113223 0.053213
33 0.968481 0.879805 0.043057 0.078516
34 0.269995 0.201143 0.109268 0.062676
34 0.026665 0.400146 0.053330 0.064336
34 0.709351 0.333750 0.109561 0.062051
34 0.549341 0.855840 0.039893 0.083926
34 0.302783 0.339912 0.111582 0.067168
34 0.646006 0.428672 0.109609 0.062520
34 0.451343 0.624253 0.042998 0.084932
34 0.648296 0.529697 0.110479 0.063027
34 0.978755 0.250493 0.042490 0.064658
33 0.613516 0.332656 0.075898 0.044785
34 0.276553 0.896157 0.083848 0.042275
33 0.531001 0.785557 0.075049 0.046777
34 0.405566 0.526919 0.110430 0.065400
34 0.726138 0.199478 0.111533 0.060752
34 0.434351 0.783589 0.109795 0.066514
34 0.502471 0.199287 0.110391 0.059844
34 0.271826 0.026475 0.112539 0.052949
34 0.950703 0.129844 0.098437 0.106934
34 0.647744 0.625078 0.110645 0.063887
21 0.690820 0.140356 0.038281 0.037119
4 0.553208 0.527158 0.083037 0.082207
21 0.231411 0.138735 0.033037 0.036064
21 0.963604 0.368687 0.034863 0.040381
21 0.463442 0.140356 0.033643 0.041768
13 0.283662 0.088848 0.048730 0.071250
0 0.016699 0.229893 0.032969 0.058340
13 0.517002 0.088936 0.049941 0.068711
0 0.573184 0.626934 0.031934 0.058008
0 0.371440 0.340908 0.025752 0.045918
0 0.477085 0.527588 0.032490 0.058086
0 0.799561 0.199741 0.032324 0.056729
0 0.339595 0.199634 0.031865 0.056807
0 0.573120 0.199536 0.030029 0.056143
0 0.572866 0.427778 0.031123 0.057100
21 0.372378 0.392100 0.032490 0.037129
13 0.743799 0.088413 0.050840 0.070557
6 0.876436 0.923408 0.031328 0.030137
6 0.419360 0.288271 0.040596 0.026680
34 0.671021 0.264214 0.084229 0.037998
