34 0.568467 0.938330 0.086562 0.048516
34 0.325327 0.941523 0.085166 0.047813
34 0.159614 0.886245 0.086494 0.046865
34 0.579634 0.882515 0.085498 0.046123
34 0.861221 0.012637 0.082441 0.025215
34 0.245312 0.544243 0.027969 0.042588
34 0.856934 0.105405 0.051016 0.029600
34 0.298784 0.155776 0.027354 0.049658
34 0.199526 0.805498 0.028232 0.045527
34 0.296084 0.502710 0.029102 0.051357
34 0.244639 0.829336 0.041641 0.025918
34 0.620991 0.800474 0.028369 0.043408
34 0.523364 0.729409 0.027568 0.042061
34 0.157583 0.985415 0.087178 0.028701
34 0.054805 0.545503 0.029785 0.045986
34 0.376836 0.306245 0.086055 0.047451
34 0.970259 0.952109 0.059482 0.050078
34 0.598398 0.680420 0.086602 0.045410
35 0.789790 0.544092 0.049463 0.107520
0 0.270884 0.938647 0.024697 0.047510
0 0.538179 0.679976 0.025010 0.044385
0 0.215708 0.886753 0.026885 0.048135
0 0.636929 0.882847 0.028447 0.045947
0 0.692104 0.936143 0.028135 0.045645
3 0.403994 0.744053 0.087344 0.083340
3 0.293550 0.303291 0.093369 0.075293
6 0.489385 0.673506 0.014375 0.011250
21 0.487432 0.682710 0.037148 0.038154
14 0.214839 0.939233 0.050205 0.045186
14 0.636025 0.939736 0.049199 0.050195
34 0.146924 0.940547 0.087637 0.045918
34 0.578218 0.984551 0.085205 0.030840
34 0.403433 0.678462 0.085811 0.045283
34 0.791470 0.627329 0.194873 0.073662
34 0.129297 0.745532 0.049629 0.029072
34 0.746035 0.938018 0.076406 0.045566
34 0.666421 0.826914 0.042627 0.026484
