25 0.125537 0.654868 0.251074 0.215010
35 0.031343 0.923535 0.062686 0.033164
34 0.012402 0.193223 0.024766 0.039473
34 0.124526 0.923730 0.118955 0.026719
34 0.959897 0.109990 0.078545 0.045293
34 0.060776 0.393755 0.043486 0.017920
34 0.937397 0.468018 0.123135 0.045801
34 0.072979 0.654136 0.137734 0.042471
34 0.595254 0.834658 0.045547 0.022070
34 0.349048 0.801489 0.131338 0.025732
34 0.984512 0.389326 0.030977 0.053184
34 0.672300 0.810425 0.122061 0.045947
34 0.564233 0.254399 0.038936 0.018975
34 0.570122 0.286055 0.020459 0.029609
34 0.376694 0.288696 0.073779 0.045811
34 0.671455 0.467939 0.122227 0.045547
34 0.509712 0.444507 0.018857 0.042354
34 0.659180 0.056309 0.039082 0.029199
34 0.660776 0.060557 0.035205 0.020449
34 0.888247 0.134253 0.017451 0.029463
34 0.800937 0.646113 0.139668 0.044473
33 0.278379 0.185791 0.039609 0.055742
34 0.717461 0.133408 0.018184 0.032285
34 0.157134 0.458994 0.101377 0.061367
34 0.197427 0.370996 0.130205 0.026934
34 0.049526 0.249546 0.098916 0.025166
34 0.300811 0.342969 0.075312 0.046445
34 0.932808 0.809873 0.121787 0.046211
34 0.237549 0.796533 0.079648 0.056816
34 0.316646 0.437329 0.075146 0.045947
34 0.457397 0.503320 0.081123 0.048574
34 0.455186 0.846533 0.085430 0.048984
34 0.958433 0.235376 0.080869 0.048623
34 0.020781 0.818081 0.041563 0.047119
34 0.046768 0.319990 0.093301 0.024746
34 0.587754 0.494102 0.045449 0.020937
34 0.265688 0.505820 0.116182 0.025645
34 0.521636 0.064019 0.082900 0.049600
34 0.280293 0.134072 0.076914 0.047559
34 0.643633 0.235820 0.075254 0.046445
34 0.020767 0.457114 0.041533 0.046729
34 0.377104 0.242817 0.071611 0.041592
34 0.157881 0.832310 0.102832 0.049326
34 0.591147 0.394141 0.110869 0.042305
34 0.876646 0.031689 0.088232 0.047168
34 0.395137 0.387236 0.037168 0.017383
34 0.480176 0.359858 0.072910 0.045850
34 0.723916 0.031738 0.084063 0.046641
34 0.145776 0.145898 0.138447 0.042773
34 0.643398 0.135991 0.074746 0.088721
34 0.585098 0.126470 0.018359 0.037002
34 0.936538 0.062397 0.029795 0.018955
23 0.524072 0.846533 0.053789 0.048184
30 0.014136 0.867266 0.028271 0.060508
30 0.078105 0.827769 0.060566 0.064424
30 0.014976 0.404800 0.029951 0.061064
30 0.075332 0.458301 0.067227 0.062754
8 0.302783 0.389116 0.054902 0.052100
21 0.365605 0.472520 0.022070 0.024590
0 0.365083 0.436060 0.018486 0.031377
0 0.434551 0.360430 0.014004 0.032500
0 0.485806 0.243623 0.034736 0.021855
0 0.485249 0.285923 0.031377 0.022412
0 0.158076 0.529897 0.033613 0.017373
0 0.239590 0.772476 0.034180 0.021846
0 0.694268 0.111597 0.024238 0.043037
0 0.909517 0.112148 0.024268 0.044355
1 0.695342 0.158101 0.020508 0.039756
1 0.910645 0.161030 0.022598 0.039756
6 0.647573 0.050039 0.018076 0.014102
6 0.960610 0.050220 0.019170 0.018076
5 0.962778 0.193809 0.025674 0.033281
13 0.877305 0.077578 0.048906 0.038359
13 0.730469 0.076499 0.051875 0.038369
5 0.641968 0.194165 0.025674 0.030381
6 0.434922 0.329673 0.018828 0.017998
23 0.522368 0.504795 0.054717 0.055195
33 0.433730 0.287295 0.040449 0.037344
33 0.434512 0.247368 0.044082 0.037334
35 0.580112 0.337642 0.032256 0.075264
35 0.675278 0.503770 0.072041 0.039785
35 0.934414 0.505918 0.074199 0.039785
35 0.933340 0.849468 0.076348 0.036553
35 0.674199 0.848931 0.076348 0.037627
35 0.036030 0.344092 0.070967 0.032266
35 0.037905 0.277964 0.075811 0.031182
35 0.144092 0.181729 0.078496 0.034414
35 0.192480 0.396245 0.074199 0.033330
25 0.755649 0.654312 0.488701 0.211826
