34 0.405703 0.682090 0.097578 0.052734
34 0.893174 0.987402 0.100781 0.025195
34 0.119614 0.813877 0.095400 0.052871
20 0.555479 0.418311 0.071328 0.173477
34 0.657251 0.182988 0.027432 0.060293
34 0.490684 0.037065 0.065352 0.028096
34 0.586567 0.603042 0.087490 0.051963
21 0.532578 0.632446 0.028965 0.030869
34 0.615938 0.304604 0.103789 0.081963
34 0.689648 0.978198 0.170098 0.043604
34 0.666021 0.732607 0.058447 0.029160
0 0.469619 0.680337 0.026211 0.045771
34 0.485449 0.126455 0.085859 0.052266
0 0.532559 0.600703 0.019336 0.030137
34 0.834683 0.019810 0.086670 0.039619
34 0.699995 0.190547 0.028838 0.057285
34 0.759438 0.282681 0.028408 0.057451
34 0.420254 0.206689 0.027422 0.059707
34 0.723291 0.818369 0.058105 0.027734
0 0.537813 0.124531 0.015879 0.030527
34 0.969346 0.879131 0.061309 0.050937
6 0.538418 0.091108 0.014043 0.014189
34 0.475864 0.420830 0.031025 0.050293
21 0.037305 0.023853 0.029219 0.031787
33 0.053232 0.837642 0.034414 0.073115
22 0.775142 0.056782 0.075205 0.076436
