34 0.166372 0.672476 0.126006 0.095420
34 0.147183 0.581992 0.108369 0.067930
34 0.205776 0.494873 0.116670 0.068965
34 0.217705 0.406978 0.109414 0.068447
1 0.419180 0.499517 0.040918 0.084834
34 0.505757 0.497725 0.120303 0.070527
34 0.561504 0.579136 0.109414 0.064307
34 0.531172 0.668848 0.132754 0.101641
11 0.419639 0.777163 0.091387 0.100029
11 0.292437 0.775312 0.098799 0.103730
6 0.671460 0.476025 0.044834 0.065117
33 0.251182 0.580771 0.075664 0.053223
33 0.463599 0.582446 0.077334 0.055908
34 0.501079 0.409048 0.109971 0.067412
0 0.293613 0.411147 0.039551 0.070400
0 0.421343 0.410239 0.040283 0.072217
1 0.291006 0.498115 0.039629 0.079258
