34 0.382261 0.637642 0.210752 0.086025
34 0.679639 0.526890 0.082910 0.053760
34 0.679492 0.580649 0.082617 0.053760
35 0.516670 0.488179 0.081719 0.040869
0 0.730498 0.528369 0.016465 0.031387
0 0.730649 0.577617 0.018643 0.030449
21 0.731133 0.625962 0.030449 0.037822
3 0.811421 0.671616 0.058115 0.060303
3 0.810869 0.856372 0.059219 0.057021
0 0.610728 0.927188 0.031572 0.017422
0 0.501680 0.928457 0.031934 0.019238
0 0.610547 0.766436 0.031211 0.018145
34 0.504092 0.890103 0.077090 0.051084
34 0.610083 0.892119 0.077529 0.047051
34 0.608740 0.729434 0.077539 0.052441
34 0.933667 0.855146 0.056924 0.032266
34 0.811538 0.802261 0.078877 0.051982
34 0.934336 0.671841 0.058262 0.032275
34 0.811763 0.618955 0.079326 0.049297
34 0.504844 0.727964 0.079570 0.053760
0 0.500776 0.765708 0.033740 0.020322
35 0.390869 0.693018 0.083867 0.037637
34 0.416670 0.489253 0.118281 0.090322
