33 0.432954 0.479004 0.040967 0.046152
34 0.980615 0.348662 0.038770 0.047031
34 0.336948 0.641963 0.091221 0.051172
34 0.314575 0.428330 0.094131 0.051191
34 0.592642 0.974536 0.091064 0.050713
34 0.159102 0.960957 0.089551 0.050000
34 0.433564 0.428560 0.092813 0.050811
34 0.980449 0.198564 0.039102 0.047773
34 0.375771 0.519199 0.089395 0.049121
34 0.700337 0.505078 0.091357 0.051738
34 0.980605 0.436431 0.038789 0.047725
34 0.980552 0.274912 0.038896 0.047500
34 0.494653 0.529033 0.089971 0.048398
34 0.012139 0.706440 0.024238 0.051436
34 0.696274 0.333179 0.190518 0.055283
21 0.277275 0.685645 0.033555 0.036992
0 0.432720 0.518813 0.020615 0.036709
0 0.035752 0.707959 0.021211 0.037070
0 0.314170 0.518857 0.020957 0.037227
0 0.278232 0.640337 0.022559 0.037373
0 0.780859 0.430635 0.022480 0.036543
0 0.624771 0.430659 0.021318 0.036377
15 0.701313 0.568511 0.058350 0.062217
15 0.501392 0.034243 0.063506 0.065752
2 0.493027 0.567852 0.069609 0.035957
18 0.123115 0.605942 0.064727 0.030420
18 0.205645 0.607563 0.060195 0.025889
18 0.208809 0.311470 0.067285 0.033643
2 0.143262 0.034209 0.061484 0.042930
34 0.257280 0.518975 0.087568 0.049551
34 0.057769 0.960840 0.089092 0.049863
34 0.263843 0.596299 0.026240 0.049023
34 0.845366 0.426934 0.100264 0.102070
34 0.560190 0.435596 0.098877 0.100137
34 0.940391 0.312017 0.022852 0.058682
34 0.872915 0.548926 0.057471 0.027969
34 0.752827 0.714082 0.388408 0.064063
34 0.275889 0.015039 0.049492 0.026914
34 0.142187 0.008726 0.089922 0.017451
33 0.314658 0.476753 0.040742 0.043271
34 0.859531 0.611377 0.143008 0.034434
34 0.791938 0.809683 0.309678 0.049463
33 0.702344 0.379438 0.053926 0.039932
