34 0.521323 0.269209 0.061729 0.039082
34 0.055923 0.006899 0.057002 0.013799
33 0.528296 0.830117 0.031514 0.040937
34 0.150508 0.339365 0.018691 0.042852
34 0.161094 0.756646 0.071504 0.080928
34 0.432549 0.990122 0.019941 0.019541
34 0.475132 0.014233 0.054834 0.028467
35 0.203481 0.596611 0.070732 0.030215
34 0.756655 0.990024 0.067588 0.019951
34 0.381616 0.077705 0.069209 0.041582
34 0.967236 0.160884 0.065527 0.038018
34 0.303262 0.082539 0.078691 0.043359
34 0.065342 0.549351 0.033262 0.020303
35 0.236450 0.468540 0.070830 0.032314
34 0.408320 0.377285 0.040859 0.020254
34 0.208130 0.570845 0.057783 0.024287
34 0.715161 0.009194 0.056396 0.018389
34 0.055503 0.014287 0.057471 0.028574
34 0.128574 0.622695 0.069082 0.039980
34 0.631919 0.923613 0.071006 0.038320
34 0.869277 0.895186 0.067754 0.040176
34 0.249438 0.254604 0.068740 0.038604
34 0.066050 0.922852 0.064248 0.039980
33 0.109409 0.740195 0.029346 0.028770
34 0.133774 0.565371 0.065557 0.041582
34 0.329092 0.881768 0.073496 0.041230
34 0.121133 0.241807 0.063047 0.038535
34 0.685332 0.688110 0.065293 0.040283
35 0.438501 0.106699 0.070635 0.032578
34 0.012739 0.826367 0.025322 0.023848
34 0.322773 0.723296 0.072129 0.041357
34 0.260298 0.512070 0.048662 0.023125
34 0.212402 0.839673 0.042559 0.020850
34 0.669126 0.480859 0.071104 0.040039
33 0.108164 0.779043 0.031406 0.030938
33 0.108989 0.700415 0.027861 0.031455
33 0.384966 0.879404 0.041768 0.036875
34 0.206216 0.098452 0.062939 0.038096
34 0.440190 0.781919 0.076162 0.065420
34 0.013789 0.418584 0.027461 0.041758
34 0.535161 0.720781 0.073896 0.043457
34 0.509370 0.931597 0.066709 0.040791
34 0.942642 0.912876 0.019443 0.035361
34 0.454907 0.558770 0.072920 0.041504
35 0.130776 0.983052 0.031553 0.033486
34 0.291055 0.028799 0.050938 0.026387
35 0.406455 0.021621 0.071797 0.033809
34 0.183716 0.148804 0.033721 0.020068
34 0.768950 0.630029 0.035967 0.019297
34 0.631855 0.839360 0.042930 0.020947
34 0.541333 0.313530 0.063174 0.039580
34 0.546230 0.877969 0.018613 0.032227
34 0.770298 0.556216 0.036631 0.020771
34 0.904331 0.117573 0.050889 0.024033
34 0.676299 0.303179 0.070508 0.038975
34 0.120200 0.440264 0.071475 0.039023
34 0.604927 0.223296 0.030674 0.017393
34 0.161177 0.695698 0.070498 0.039600
34 0.788721 0.889023 0.020527 0.035723
34 0.024585 0.628457 0.020225 0.041582
34 0.416733 0.205464 0.072197 0.041182
34 0.101982 0.196851 0.061367 0.040869
34 0.527251 0.788535 0.067393 0.041035
34 0.876416 0.962354 0.067891 0.042637
34 0.278213 0.827275 0.067168 0.040645
34 0.177051 0.454590 0.040332 0.021543
34 0.938271 0.286162 0.069844 0.041055
34 0.783628 0.181445 0.063818 0.040254
34 0.980342 0.068340 0.039316 0.040352
34 0.417334 0.160698 0.070508 0.038662
34 0.767681 0.592495 0.038428 0.020107
34 0.432705 0.917295 0.021270 0.045156
34 0.888936 0.160908 0.083750 0.042578
34 0.939727 0.240796 0.070078 0.040361
34 0.717744 0.783169 0.019297 0.034619
34 0.523091 0.098203 0.095244 0.056621
35 0.832969 0.641904 0.070879 0.033516
34 0.117739 0.881470 0.018193 0.033877
35 0.833604 0.603906 0.071230 0.033477
34 0.329951 0.466675 0.120273 0.060615
34 0.665034 0.880640 0.018604 0.033193
21 0.375566 0.243774 0.029844 0.034346
3 0.251069 0.108726 0.046787 0.076025
3 0.829429 0.188262 0.045615 0.073691
0 0.077187 0.700459 0.021074 0.014746
17 0.445220 0.853169 0.081865 0.084209
0 0.077187 0.739639 0.020215 0.013906
0 0.076978 0.778188 0.019795 0.015166
0 0.966270 0.183613 0.019375 0.013906
3 0.625190 0.302778 0.029502 0.034229
3 0.202852 0.256748 0.030586 0.027305
0 0.378154 0.104751 0.021855 0.011650
6 0.338408 0.061177 0.010117 0.015166
6 0.979702 0.898926 0.013584 0.012598
6 0.320093 0.800513 0.014541 0.013564
0 0.826699 0.895449 0.014980 0.027969
0 0.087822 0.623096 0.015039 0.027871
3 0.119409 0.923945 0.043896 0.041309
0 0.828789 0.959888 0.014492 0.027881
6 0.922832 0.140166 0.012793 0.010996
0 0.375068 0.162153 0.014922 0.026533
0 0.127124 0.595303 0.028955 0.017031
21 0.828687 0.988359 0.031357 0.023164
0 0.367271 0.723008 0.015850 0.028184
0 0.979019 0.926533 0.014580 0.027930
0 0.923062 0.164409 0.011748 0.018975
21 0.082544 0.292295 0.032080 0.036641
0 0.802271 0.989414 0.020596 0.020664
0 0.896040 0.241968 0.014854 0.029229
0 0.117246 0.470093 0.042441 0.022373
21 0.896763 0.323408 0.032373 0.036738
0 0.895918 0.287729 0.013633 0.026689
0 0.557769 0.932227 0.024854 0.044609
0 0.120410 0.268770 0.027637 0.016699
0 0.677319 0.924585 0.022217 0.041729
21 0.502983 0.363960 0.030635 0.035400
0 0.375029 0.208018 0.014766 0.027363
0 0.730430 0.688516 0.024824 0.044883
3 0.575928 0.267319 0.046543 0.042334
0 0.320942 0.827900 0.015986 0.028223
0 0.060557 0.020156 0.027344 0.015195
0 0.983984 0.716099 0.014746 0.028252
21 0.983232 0.751143 0.033242 0.035020
0 0.540674 0.341699 0.027227 0.015605
0 0.487988 0.722822 0.014922 0.027734
0 0.502759 0.558262 0.017217 0.028750
6 0.825835 0.868765 0.012021 0.011650
0 0.991475 0.095605 0.016875 0.015098
21 0.502788 0.593125 0.033564 0.036699
0 0.481675 0.020181 0.028760 0.015225
3 0.672222 0.518574 0.040889 0.036152
0 0.338735 0.083281 0.011338 0.018906
6 0.488345 0.695654 0.012021 0.011289
3 0.155146 0.197168 0.044863 0.041484
6 0.366724 0.695107 0.012744 0.014570
21 0.087905 0.665610 0.031904 0.034990
