0 0.345286 0.461719 0.064983 0.020117
33 0.028535 0.845649 0.057071 0.042178
34 0.075682 0.627871 0.151364 0.048203
33 0.024891 0.686338 0.049781 0.038008
33 0.024453 0.563931 0.048906 0.041260
33 0.025497 0.497808 0.050993 0.042002
34 0.132449 0.562427 0.162744 0.049873
34 0.136776 0.500996 0.162172 0.050215
34 0.373106 0.353525 0.075034 0.030469
34 0.336178 0.423496 0.156970 0.051895
34 0.159571 0.444585 0.075034 0.027119
34 0.097820 0.360220 0.154663 0.049209
34 0.236911 0.302803 0.155808 0.050215
34 0.342231 0.204551 0.223350 0.028457
34 0.137643 0.200864 0.156970 0.049209
34 0.449722 0.631606 0.263754 0.061201
34 0.662534 0.981069 0.248737 0.029463
0 0.132045 0.238003 0.063047 0.024775
34 0.439773 0.972363 0.162172 0.048203
34 0.251625 0.972700 0.154091 0.050889
34 0.084832 0.988525 0.073300 0.022949
34 0.062475 0.942568 0.124949 0.051563
34 0.174007 0.847485 0.218148 0.053564
34 0.130135 0.765469 0.213535 0.095078
34 0.167652 0.690142 0.215842 0.055576
13 0.241465 0.363477 0.078687 0.063867
