35 0.269028 0.558735 0.117549 0.058350
34 0.675737 0.019209 0.118721 0.038418
34 0.792095 0.988867 0.123623 0.022266
34 0.513735 0.382295 0.063838 0.040293
34 0.328188 0.758198 0.061592 0.040400
34 0.879429 0.020151 0.122588 0.040303
3 0.305879 0.258301 0.080312 0.078496
34 0.237075 0.019355 0.123955 0.038711
1 0.115215 0.129014 0.038535 0.074355
0 0.143843 0.912051 0.072295 0.037344
3 0.100127 0.257827 0.079316 0.077627
3 0.742954 0.258198 0.079482 0.077686
34 0.047261 0.020039 0.094521 0.039961
0 0.785361 0.947349 0.073105 0.038037
3 0.391816 0.541938 0.076309 0.075732
3 0.947207 0.258184 0.080957 0.077617
0 0.143853 0.783247 0.072959 0.039561
1 0.963447 0.129146 0.036211 0.074150
1 0.758149 0.128916 0.036416 0.073945
1 0.320547 0.128726 0.037969 0.074717
34 0.641851 0.258667 0.120752 0.073350
34 0.204785 0.258154 0.118809 0.070977
34 0.105679 0.563130 0.207627 0.118232
34 0.141367 0.855908 0.122520 0.071348
34 0.790488 0.891533 0.122539 0.072207
34 0.847666 0.257944 0.118574 0.070342
34 0.141577 0.727412 0.123018 0.071777
34 0.029897 0.257866 0.059795 0.070654
34 0.940205 0.350811 0.037676 0.060957
34 0.878779 0.125474 0.121660 0.073135
34 0.387407 0.466958 0.119502 0.070830
34 0.440513 0.674648 0.038936 0.062402
34 0.045820 0.125967 0.091641 0.074727
34 0.674136 0.126133 0.122803 0.074941
34 0.836289 0.562144 0.210371 0.118057
34 0.235547 0.125557 0.123027 0.073613
34 0.295361 0.348726 0.038750 0.062217
34 0.327891 0.887090 0.061895 0.039316
34 0.090664 0.348711 0.038496 0.062422
34 0.553369 0.535278 0.079590 0.042100
34 0.598970 0.923779 0.064561 0.039883
34 0.734185 0.348716 0.038877 0.061846
35 0.664497 0.558784 0.116631 0.059736
