33 0.810757 0.810757 0.130107 0.053760
8 0.761299 0.674199 0.063437 0.055918
34 0.010000 0.793838 0.019824 0.048320
34 0.010444 0.555332 0.020830 0.046348
34 0.043232 0.692607 0.086289 0.050020
33 0.827056 0.955869 0.061143 0.047188
35 0.481582 0.561084 0.108809 0.050645
34 0.289482 0.954619 0.085605 0.047910
34 0.853262 0.761113 0.091172 0.045937
34 0.683325 0.729751 0.087021 0.046377
34 0.043687 0.609600 0.087158 0.049316
34 0.473418 0.501245 0.117715 0.069131
34 0.681450 0.673242 0.088467 0.046016
34 0.900220 0.954282 0.085947 0.047354
34 0.387114 0.954624 0.027725 0.062432
9 0.760225 0.733340 0.063438 0.045156
33 0.195703 0.956460 0.102148 0.052686
34 0.629565 0.541479 0.060928 0.028584
