21 0.533838 0.060093 0.031504 0.044346
34 0.679131 0.712622 0.022480 0.047490
34 0.726558 0.259346 0.034697 0.025723
34 0.786265 0.236846 0.094795 0.053906
34 0.815732 0.725649 0.098027 0.057139
34 0.897588 0.238926 0.121504 0.031445
34 0.631094 0.404634 0.097988 0.057412
34 0.678281 0.022490 0.024316 0.044980
34 0.518071 0.009907 0.025381 0.019736
34 0.566626 0.860498 0.096553 0.057793
34 0.791836 0.808315 0.099219 0.057158
35 0.894526 0.274023 0.095381 0.041777
34 0.823018 0.919419 0.137617 0.112412
34 0.632354 0.140605 0.098984 0.057500
34 0.625708 0.644570 0.096885 0.056465
34 0.477026 0.750918 0.028018 0.044688
0 0.695498 0.404702 0.033437 0.056982
1 0.695571 0.145293 0.033740 0.060391
0 0.695332 0.644399 0.034746 0.057686
22 0.693115 0.810381 0.095684 0.086348
11 0.694585 0.914971 0.101025 0.094629
0 0.788662 0.273701 0.036133 0.019902
33 0.748701 0.720063 0.042578 0.045264
33 0.640024 0.858550 0.044814 0.046162
