34 0.699251 0.286257 0.275909 0.049200
34 0.300152 0.351719 0.155589 0.053833
34 0.026439 0.401685 0.052879 0.053067
34 0.024705 0.341065 0.049411 0.057328
34 0.182727 0.236674 0.146330 0.054611
34 0.043502 0.194651 0.087003 0.055772
34 0.203838 0.094521 0.148081 0.054611
0 0.022971 0.139645 0.045943 0.023236
0 0.200463 0.137864 0.062912 0.022830
0 0.074638 0.341032 0.036111 0.043213
0 0.075253 0.401781 0.035724 0.043495
35 0.479891 0.397283 0.157357 0.040857
35 0.471061 0.282768 0.158956 0.046234
34 0.043215 0.092001 0.086431 0.055772
21 0.074832 0.480271 0.081987 0.071477
1 0.309461 0.397537 0.094007 0.032728
1 0.197929 0.283692 0.095522 0.036156
34 0.716322 0.397041 0.308872 0.095682
