34 0.059133 0.036543 0.118266 0.065801
1 0.479352 0.450313 0.134865 0.039473
34 0.438274 0.011958 0.215875 0.023779
35 0.642045 0.777251 0.089444 0.118564
34 0.469815 0.548838 0.198451 0.064531
34 0.768847 0.672520 0.195303 0.063789
34 0.492719 0.599873 0.099512 0.028984
34 0.134857 0.401050 0.200556 0.063467
34 0.417374 0.674390 0.193401 0.065498
3 0.249074 0.672090 0.156768 0.078223
35 0.291162 0.777080 0.085488 0.115078
34 0.059899 0.109321 0.119798 0.067021
34 0.096818 0.563076 0.192593 0.099316
34 0.695404 0.348188 0.224343 0.064229
34 0.311170 0.934780 0.622340 0.070186
35 0.636195 0.984414 0.070438 0.031172
3 0.695480 0.425879 0.140354 0.091074
34 0.080539 0.672437 0.159562 0.066045
34 0.480657 0.400732 0.219461 0.060430
0 0.217761 0.553491 0.035488 0.035049
21 0.344200 0.588999 0.039007 0.029521
0 0.344200 0.546929 0.035067 0.035947
1 0.130943 0.451362 0.136599 0.041514
3 0.599714 0.672251 0.158788 0.077314
35 0.286970 0.982988 0.084613 0.033926
6 0.219057 0.518086 0.028687 0.017031
34 0.298182 0.866411 0.596364 0.065166
34 0.075614 0.235498 0.151229 0.068281
34 0.030168 0.483184 0.058721 0.027129
