34 0.984414 0.851206 0.031172 0.050010
34 0.896294 0.850825 0.032334 0.049600
35 0.912974 0.703652 0.046162 0.098398
35 0.776421 0.704160 0.043779 0.098848
35 0.831089 0.703784 0.043740 0.098037
35 0.624585 0.703481 0.044502 0.098291
35 0.701328 0.704146 0.044453 0.098545
35 0.376074 0.581426 0.043555 0.099121
34 0.461177 0.363657 0.056396 0.333936
35 0.990059 0.705522 0.019883 0.102354
0 0.375532 0.729482 0.025947 0.048008
0 0.459136 0.728940 0.028291 0.050322
34 0.606831 0.850645 0.031104 0.049121
34 0.305645 0.727446 0.107852 0.058740
34 0.684170 0.850581 0.030469 0.048662
34 0.441680 0.784771 0.031465 0.053232
34 0.526865 0.727383 0.108105 0.059023
34 0.757319 0.891626 0.033057 0.052158
34 0.380117 0.400542 0.036562 0.250537
34 0.702158 0.502158 0.052695 0.303223
34 0.627964 0.503770 0.054834 0.300000
34 0.778501 0.493018 0.048389 0.312910
34 0.830112 0.490869 0.054834 0.317207
34 0.913989 0.498369 0.069893 0.308652
34 0.982529 0.496245 0.034941 0.293545
34 0.355967 0.891655 0.031641 0.052178
34 0.812808 0.785098 0.032725 0.053965
35 0.460747 0.581851 0.044561 0.100029
