34 0.921582 0.601431 0.067207 0.047393
33 0.914004 0.236152 0.039844 0.040156
34 0.427100 0.556025 0.067852 0.050781
34 0.444458 0.884766 0.065420 0.046602
34 0.647734 0.781270 0.064492 0.048906
34 0.853203 0.204067 0.064883 0.044951
34 0.642358 0.850591 0.066611 0.050576
34 0.428022 0.635410 0.065947 0.050117
34 0.949971 0.468867 0.065723 0.049336
34 0.465054 0.768306 0.065869 0.048115
34 0.986772 0.660869 0.024053 0.037324
34 0.854873 0.274136 0.064473 0.046494
33 0.970874 0.961592 0.039619 0.056660
34 0.912451 0.816519 0.065723 0.049385
34 0.920034 0.369399 0.067959 0.047334
34 0.690732 0.591597 0.170801 0.124053
34 0.459458 0.827964 0.066807 0.047646
34 0.965386 0.233906 0.064326 0.049551
34 0.461724 0.072773 0.066709 0.050098
34 0.497227 0.982310 0.024141 0.034775
34 0.956958 0.702783 0.064678 0.047422
34 0.965200 0.304370 0.064248 0.050225
34 0.316240 0.354346 0.066172 0.050625
34 0.851987 0.767471 0.023955 0.039004
34 0.968062 0.907378 0.062334 0.049053
34 0.844751 0.956909 0.112764 0.048271
34 0.449658 0.416548 0.066758 0.046963
34 0.848828 0.623535 0.045039 0.022012
34 0.433433 0.342070 0.100498 0.060664
34 0.789614 0.355586 0.023994 0.045039
34 0.681030 0.265317 0.022881 0.043369
34 0.645552 0.356904 0.067568 0.049727
34 0.917251 0.977285 0.053135 0.023359
18 0.610776 0.139194 0.028994 0.062646
0 0.994941 0.700898 0.010117 0.036328
0 0.694746 0.358193 0.037148 0.064180
3 0.498647 0.553281 0.073271 0.067422
0 0.512988 0.076069 0.031621 0.056904
0 0.854204 0.308301 0.037197 0.026367
0 0.452104 0.450195 0.036025 0.018789
0 0.993267 0.470381 0.013232 0.034512
0 0.864707 0.811372 0.018887 0.034756
0 0.513037 0.767026 0.032305 0.057861
3 0.499565 0.633320 0.074443 0.066309
0 0.596318 0.775894 0.032949 0.058701
0 0.919136 0.406050 0.057158 0.031025
0 0.452100 0.274062 0.034180 0.017500
0 0.726885 0.139824 0.055801 0.030137
0 0.853906 0.235630 0.037324 0.020303
5 0.593809 0.851851 0.035371 0.026064
0 0.444048 0.923945 0.058350 0.034863
21 0.864902 0.855903 0.032734 0.035928
21 0.992778 0.746870 0.014443 0.037607
0 0.919312 0.639575 0.056611 0.030146
21 0.990420 0.515513 0.018887 0.036377
6 0.512490 0.949087 0.022383 0.025557
5 0.512783 0.825566 0.035723 0.026641
22 0.514131 0.354634 0.077207 0.074971
35 0.306509 0.922480 0.072412 0.034219
34 0.451240 0.240718 0.067617 0.049072
34 0.727783 0.100625 0.068184 0.048359
35 0.596460 0.922568 0.032393 0.068926
34 0.848506 0.390166 0.045020 0.022637
34 0.303560 0.892949 0.110869 0.026348
34 0.597427 0.977690 0.093838 0.044619
33 0.913511 0.306431 0.040518 0.039932
34 0.496260 0.165615 0.025254 0.037793
34 0.383662 0.907886 0.036953 0.024346
34 0.983750 0.428154 0.027109 0.037910
35 0.695215 0.492773 0.034668 0.072480
33 0.371479 0.362852 0.039365 0.055430
35 0.839316 0.989395 0.068438 0.021152
