34 0.480029 0.734937 0.122539 0.049111
6 0.067798 0.812012 0.030498 0.033711
34 0.022578 0.748398 0.044980 0.062383
33 0.610513 0.909937 0.039307 0.039268
0 0.067656 0.748926 0.033867 0.066035
34 0.029023 0.988354 0.058047 0.023291
34 0.679370 0.971514 0.092314 0.045898
34 0.691455 0.798887 0.120938 0.047246
33 0.610449 0.968125 0.039453 0.039062
34 0.690425 0.912578 0.121064 0.047344
33 0.400542 0.679966 0.039834 0.038779
33 0.610615 0.857290 0.039453 0.040518
34 0.679531 0.860063 0.092246 0.045889
34 0.679722 0.746284 0.092412 0.046963
6 0.068022 0.686001 0.027490 0.031807
34 0.468979 0.682085 0.092881 0.046943
34 0.626885 0.405386 0.702148 0.030107
34 0.647046 0.470435 0.705908 0.031182
34 0.730112 0.534956 0.487100 0.033330
34 0.654844 0.595171 0.680645 0.029033
5 0.067266 0.902695 0.078066 0.052617
33 0.610425 0.744077 0.040498 0.041260
33 0.400117 0.731948 0.039805 0.039697
34 0.015532 0.904155 0.031064 0.059717
33 0.610493 0.796440 0.039561 0.039072
34 0.279326 0.977729 0.031055 0.044248
