34 0.026045 0.006543 0.052090 0.013086
34 0.072393 0.782427 0.143984 0.033877
33 0.823247 0.277588 0.044717 0.054570
34 0.125474 0.006675 0.070439 0.013350
34 0.895654 0.208521 0.025117 0.053115
35 0.066211 0.724160 0.037188 0.080879
35 0.241265 0.638169 0.042549 0.067783
34 0.821377 0.223726 0.074824 0.048857
34 0.243696 0.709751 0.152764 0.074990
34 0.020674 0.294351 0.041348 0.049404
34 0.975791 0.024775 0.048418 0.049512
34 0.339810 0.304697 0.026162 0.045762
34 0.034038 0.350825 0.025967 0.047158
34 0.128271 0.295967 0.073535 0.048652
34 0.350820 0.776431 0.075352 0.045400
34 0.008579 0.531006 0.017139 0.044785
34 0.007339 0.621064 0.014619 0.047598
34 0.071016 0.288638 0.025391 0.043818
34 0.695742 0.364175 0.184707 0.076338
34 0.283574 0.294800 0.074004 0.049854
34 0.187632 0.116797 0.024443 0.043047
34 0.362109 0.069448 0.052383 0.025674
34 0.151196 0.528560 0.072393 0.043389
34 0.677241 0.885894 0.074189 0.040889
34 0.088545 0.568013 0.043887 0.024111
34 0.293281 0.560342 0.078633 0.048926
34 0.309761 0.454429 0.093193 0.074502
0 0.201992 0.527734 0.030508 0.052871
6 0.235088 0.251113 0.018730 0.025469
17 0.203003 0.410083 0.129932 0.133408
6 0.174580 0.252017 0.020508 0.020850
21 0.023813 0.677603 0.040518 0.053096
0 0.019932 0.024927 0.039863 0.025166
0 0.350596 0.816729 0.052363 0.030723
0 0.240918 0.559614 0.020352 0.035459
0 0.235107 0.295439 0.018848 0.032812
0 0.125239 0.024136 0.042686 0.024717
0 0.174995 0.295415 0.019463 0.033135
0 0.022979 0.619238 0.018594 0.033203
20 0.709971 0.582935 0.580059 0.585850
33 0.677964 0.929575 0.098916 0.046240
21 0.313989 0.030117 0.048389 0.043008
