34 0.540791 0.072295 0.079863 0.042871
6 0.625908 0.619219 0.017637 0.015039
6 0.626431 0.382241 0.015557 0.012959
34 0.700415 0.011499 0.066768 0.022939
34 0.831787 0.580332 0.026172 0.042480
34 0.613086 0.987090 0.119473 0.025820
34 0.972988 0.681040 0.054023 0.085029
34 0.064102 0.930024 0.039961 0.023525
34 0.298281 0.508140 0.024160 0.038896
35 0.060840 0.958989 0.086719 0.037646
34 0.209312 0.948452 0.030908 0.020459
34 0.297935 0.355566 0.025166 0.037266
34 0.364678 0.163823 0.081016 0.046436
34 0.573354 0.562935 0.082412 0.045791
34 0.133506 0.647681 0.041172 0.023018
34 0.428657 0.308833 0.081357 0.047178
34 0.680542 0.164995 0.079072 0.044150
34 0.652646 0.862725 0.031758 0.022773
34 0.496812 0.626230 0.079736 0.043770
34 0.221572 0.869229 0.022187 0.039375
33 0.346812 0.219551 0.061533 0.037188
34 0.258862 0.564033 0.080635 0.047070
34 0.298232 0.219219 0.022930 0.037930
34 0.166260 0.726548 0.081992 0.047764
34 0.544995 0.720039 0.079307 0.046328
33 0.266123 0.930298 0.054727 0.036553
34 0.155596 0.817700 0.083008 0.047588
34 0.218965 0.292271 0.095840 0.085615
34 0.612173 0.222007 0.023076 0.038252
34 0.531865 0.292563 0.095098 0.084053
34 0.259937 0.459341 0.080459 0.046689
34 0.743442 0.308213 0.080654 0.044180
34 0.984995 0.091250 0.029619 0.026074
34 0.842075 0.156489 0.077646 0.046279
34 0.380859 0.696704 0.078457 0.045557
34 0.056938 0.164497 0.078369 0.045342
34 0.156699 0.924580 0.081797 0.043867
34 0.519136 0.398462 0.081084 0.047451
33 0.660005 0.219297 0.062100 0.037520
33 0.040679 0.219497 0.060654 0.036924
33 0.278066 0.400669 0.061914 0.038623
34 0.203350 0.401953 0.083164 0.047285
34 0.120508 0.306777 0.078262 0.043203
34 0.111064 0.218252 0.077129 0.043848
34 0.738989 0.797993 0.077920 0.043857
34 0.611216 0.355508 0.024873 0.036289
34 0.574941 0.460513 0.081621 0.045439
33 0.592100 0.400034 0.062012 0.037002
34 0.355430 0.875298 0.043184 0.024014
34 0.612354 0.509678 0.022754 0.039570
34 0.418975 0.217861 0.080352 0.043223
34 0.339556 0.930020 0.080771 0.045977
34 0.732368 0.218872 0.080635 0.044893
13 0.688896 0.821523 0.042012 0.058652
0 0.626860 0.562773 0.029365 0.050977
0 0.794390 0.154590 0.017842 0.034375
0 0.694395 0.307134 0.018574 0.034307
0 0.496851 0.662505 0.048447 0.027568
0 0.073486 0.307144 0.017070 0.034365
0 0.379775 0.307104 0.017305 0.034229
3 0.614536 0.719321 0.056514 0.055322
4 0.222803 0.822085 0.055332 0.054346
15 0.235000 0.730278 0.053086 0.050928
6 0.380020 0.276191 0.014844 0.014453
0 0.158369 0.958086 0.032305 0.020254
0 0.651201 0.008911 0.017148 0.017549
6 0.072388 0.277842 0.015322 0.013770
0 0.311865 0.163462 0.030801 0.053408
21 0.735708 0.873394 0.038506 0.037334
6 0.312847 0.381812 0.017998 0.012646
0 0.312368 0.562798 0.029814 0.051104
0 0.541372 0.107124 0.049092 0.027803
1 0.312290 0.459497 0.030713 0.053760
0 0.010210 0.563149 0.020420 0.051318
0 0.010234 0.164009 0.020469 0.051943
1 0.627153 0.459805 0.029990 0.053789
11 0.625898 0.292993 0.087051 0.083760
11 0.312832 0.292925 0.087051 0.084326
11 0.024165 0.292661 0.047939 0.085928
21 0.795752 0.812144 0.028457 0.031045
6 0.694121 0.276333 0.014824 0.014736
0 0.428628 0.697642 0.017373 0.032334
1 0.010400 0.469062 0.020801 0.053438
0 0.626763 0.163374 0.029775 0.053701
0 0.009761 0.741904 0.019521 0.050879
