22 0.918784 0.195464 0.118330 0.110205
0 0.862070 0.690918 0.030117 0.053223
0 0.810073 0.269565 0.021826 0.038193
34 0.983818 0.363691 0.032363 0.053301
34 0.992769 0.480913 0.014463 0.062021
35 0.912168 0.328496 0.097559 0.042266
34 0.452847 0.368560 0.027842 0.038564
35 0.808911 0.372764 0.042217 0.094980
34 0.915337 0.283813 0.109111 0.051455
34 0.808374 0.441533 0.122197 0.051660
34 0.987690 0.548071 0.024424 0.052412
34 0.758301 0.267612 0.081699 0.051201
34 0.808521 0.689160 0.075674 0.049668
34 0.738779 0.152124 0.080195 0.048857
0 0.739854 0.193364 0.051973 0.030342
34 0.915801 0.092197 0.098242 0.095742
