34 0.484727 0.462480 0.045371 0.027637
34 0.550020 0.984058 0.051387 0.022139
34 0.242612 0.199355 0.039736 0.033086
34 0.582627 0.892935 0.024473 0.046689
34 0.823413 0.580654 0.028369 0.046895
34 0.055439 0.756265 0.083301 0.052354
34 0.377446 0.755825 0.084795 0.053369
34 0.568218 0.403984 0.082217 0.050977
34 0.735205 0.983105 0.031387 0.033633
34 0.150679 0.866719 0.027393 0.047480
34 0.217998 0.756748 0.086738 0.053262
34 0.547412 0.756450 0.087383 0.052314
34 0.734282 0.100088 0.031240 0.046758
34 0.485693 0.896118 0.024668 0.045947
34 0.834604 0.845674 0.078994 0.051387
34 0.838921 0.770215 0.073291 0.054160
34 0.247910 0.869014 0.028164 0.046855
34 0.294541 0.902827 0.047715 0.023115
34 0.101089 0.620166 0.201182 0.080371
34 0.834141 0.911128 0.080664 0.054365
34 0.075864 0.177720 0.086592 0.052197
34 0.328135 0.982012 0.049902 0.022676
34 0.312188 0.860825 0.027344 0.046436
34 0.412710 0.875151 0.023115 0.044561
34 0.087183 0.877637 0.025635 0.045879
0 0.077451 0.219995 0.060039 0.030498
0 0.887378 0.849180 0.025947 0.041270
0 0.886440 0.911074 0.024697 0.040645
27 0.549175 0.816743 0.066260 0.065264
27 0.378491 0.817246 0.068271 0.072285
27 0.216846 0.816748 0.070273 0.067266
27 0.053193 0.818252 0.066270 0.066270
21 0.888530 0.965840 0.036143 0.042168
3 0.573169 0.460923 0.058232 0.067275
6 0.597783 0.936934 0.024258 0.025176
6 0.343154 0.916577 0.024062 0.022197
6 0.110918 0.988945 0.027109 0.022109
6 0.431201 0.991455 0.027109 0.017090
6 0.125981 0.914136 0.031123 0.025107
35 0.834951 0.688716 0.045156 0.110752
