34 0.101738 0.790903 0.203477 0.065947
34 0.125723 0.892603 0.165215 0.062471
34 0.386045 0.769033 0.052754 0.033320
34 0.394033 0.844009 0.086777 0.054150
34 0.601943 0.806519 0.086074 0.055537
34 0.536685 0.693716 0.055537 0.027080
34 0.759180 0.692324 0.053457 0.025684
34 0.969521 0.692671 0.053457 0.027764
34 0.879619 0.760010 0.095801 0.052754
34 0.806733 0.781533 0.041650 0.029160
34 0.731411 0.775278 0.032627 0.056924
34 0.678301 0.870391 0.047207 0.030547
6 0.628047 0.712622 0.019277 0.014951
29 0.535757 0.504844 0.928486 0.334414
0 0.880513 0.259302 0.033799 0.054775
3 0.928687 0.902520 0.049443 0.045859
35 0.255381 0.788179 0.096777 0.036553
35 0.263447 0.886025 0.093555 0.040859
34 0.947856 0.258608 0.094619 0.065596
3 0.595898 0.870625 0.074668 0.076758
34 0.600552 0.986909 0.091631 0.026182
34 0.430127 0.989688 0.089551 0.020625
34 0.815757 0.988647 0.090244 0.022705
34 0.826880 0.899541 0.044385 0.030547
34 0.932378 0.851294 0.084697 0.054834
0 0.881563 0.798799 0.040977 0.024668
6 0.893569 0.712622 0.017939 0.015615
6 0.882432 0.205166 0.016914 0.013848
1 0.395762 0.887646 0.061621 0.031992
