34 0.758740 0.257988 0.045645 0.030645
35 0.234819 0.145845 0.037119 0.087021
33 0.248218 0.666582 0.055947 0.043711
34 0.129072 0.123862 0.026328 0.042354
33 0.110664 0.278809 0.064082 0.043809
34 0.484907 0.879883 0.045342 0.029355
34 0.295645 0.274687 0.090371 0.057168
34 0.295200 0.213672 0.089463 0.056973
34 0.591655 0.038711 0.031377 0.044199
34 0.321987 0.723193 0.086475 0.045137
34 0.609893 0.603413 0.041641 0.025830
34 0.244873 0.055933 0.131250 0.087393
34 0.053252 0.146631 0.043887 0.025957
34 0.042397 0.596362 0.084795 0.092588
34 0.486572 0.384263 0.097012 0.060537
34 0.265073 0.469727 0.044814 0.025625
34 0.080776 0.824917 0.093447 0.058154
33 0.247534 0.722710 0.056748 0.043213
34 0.283101 0.550288 0.095049 0.058076
34 0.038740 0.279634 0.077480 0.053877
34 0.321602 0.666758 0.085625 0.044199
34 0.131172 0.450449 0.024375 0.042344
34 0.400908 0.196147 0.096504 0.058701
34 0.383765 0.330356 0.027998 0.045049
34 0.949189 0.734761 0.094180 0.059346
34 0.514521 0.240981 0.044941 0.027744
34 0.078159 0.378262 0.096240 0.058516
34 0.080010 0.218071 0.092637 0.057178
0 0.010039 0.805186 0.020078 0.040547
0 0.886108 0.735693 0.032783 0.059629
0 0.009961 0.748262 0.019922 0.041582
0 0.144004 0.217021 0.032988 0.057773
0 0.234946 0.220269 0.023760 0.039619
1 0.144097 0.379995 0.033232 0.060635
11 0.143311 0.610591 0.108242 0.107646
0 0.349097 0.550830 0.033994 0.060215
0 0.144780 0.825439 0.033545 0.057734
13 0.402539 0.253467 0.058008 0.066133
0 0.589644 0.395576 0.040088 0.080273
0 0.634849 0.395093 0.035830 0.074463
0 0.234878 0.272480 0.024092 0.042129
