17 0.257285 0.902002 0.118750 0.115957
3 0.037891 0.673853 0.066250 0.068408
17 0.571172 0.902842 0.120977 0.117637
17 0.647549 0.902280 0.057422 0.064111
29 0.759561 0.243403 0.480879 0.161846
3 0.487095 0.363501 0.069854 0.064170
3 0.795859 0.435205 0.068223 0.064570
17 0.333110 0.901724 0.059658 0.060771
3 0.762178 0.611714 0.066211 0.068604
3 0.637412 0.435708 0.067402 0.064150
11 0.873169 0.448237 0.078115 0.077725
11 0.713989 0.448213 0.078818 0.078633
3 0.951699 0.435903 0.071426 0.064482
11 0.562939 0.438774 0.067051 0.057803
6 0.853770 0.035933 0.029570 0.027490
6 0.961426 0.035518 0.033320 0.025820
34 0.023613 0.040962 0.047227 0.061006
34 0.045879 0.889590 0.045020 0.022461
34 0.493965 0.984063 0.053145 0.022266
34 0.481724 0.889932 0.049639 0.021699
34 0.263149 0.822720 0.163564 0.045361
34 0.360166 0.092271 0.042070 0.046104
34 0.944331 0.011802 0.107979 0.023604
34 0.482026 0.914834 0.053232 0.020977
34 0.419585 0.915093 0.044893 0.020732
34 0.191626 0.094272 0.170537 0.049131
34 0.448979 0.716084 0.136475 0.041660
34 0.448682 0.092920 0.115117 0.045293
34 0.565400 0.386157 0.082168 0.041455
34 0.709609 0.387368 0.095801 0.043037
34 0.872051 0.389795 0.099961 0.038184
34 0.937764 0.235337 0.124473 0.033330
34 0.066938 0.489790 0.133877 0.125811
34 0.048120 0.144629 0.096240 0.035488
34 0.049736 0.208613 0.099473 0.040859
34 0.048657 0.276890 0.097314 0.044092
34 0.048657 0.339795 0.097314 0.040859
34 0.502798 0.819614 0.157959 0.043838
