3 0.487646 0.886460 0.080625 0.075537
35 0.502744 0.222261 0.053184 0.116416
35 0.237803 0.222910 0.056543 0.115117
34 0.865928 0.144990 0.268145 0.053359
34 0.387266 0.612139 0.118320 0.073184
34 0.899336 0.360337 0.111172 0.072725
34 0.901914 0.612134 0.116719 0.073975
34 0.120903 0.612139 0.118506 0.073203
34 0.118301 0.360566 0.118789 0.072676
34 0.637666 0.612212 0.113887 0.073721
34 0.477500 0.758657 0.038242 0.076963
34 0.338857 0.965000 0.078496 0.039414
34 0.908813 0.795210 0.038760 0.082939
34 0.384565 0.359731 0.118721 0.071377
34 0.419033 0.479458 0.118652 0.071221
34 0.389771 0.884287 0.113604 0.073594
34 0.153662 0.480405 0.119219 0.070908
34 0.934390 0.480342 0.115576 0.071172
1 0.503364 0.481460 0.037646 0.073506
1 0.238286 0.481533 0.037920 0.073730
1 0.754424 0.481440 0.039160 0.073994
3 0.138408 0.927466 0.080625 0.074268
11 0.503413 0.365806 0.119365 0.116846
11 0.237544 0.365859 0.121201 0.116680
11 0.753193 0.365908 0.121543 0.117148
35 0.754370 0.222227 0.054521 0.115645
3 0.485796 0.609937 0.077334 0.073232
3 0.738325 0.609746 0.080361 0.074434
15 0.154326 0.839355 0.066016 0.064746
3 0.220757 0.609917 0.078584 0.073369
34 0.128179 0.758687 0.037393 0.076729
34 0.633906 0.361494 0.110586 0.071348
34 0.047715 0.928389 0.095332 0.073945
34 0.669683 0.479580 0.112979 0.071016
