5 0.961021 0.943887 0.032412 0.045605
11 0.757515 0.319028 0.057041 0.059111
0 0.894414 0.136240 0.031113 0.050293
13 0.968828 0.036421 0.038887 0.048740
0 0.781470 0.482212 0.056240 0.034854
0 0.781401 0.571963 0.057432 0.034160
0 0.781509 0.668311 0.056826 0.034277
0 0.781416 0.857998 0.056289 0.032578
0 0.781567 0.946436 0.055908 0.031504
0 0.781577 0.762119 0.056377 0.033672
5 0.960962 0.568975 0.033174 0.047168
34 0.875742 0.014209 0.027363 0.028418
34 0.643164 0.463916 0.045293 0.028887
34 0.642773 0.842036 0.044707 0.026885
34 0.964780 0.006934 0.070439 0.013867
34 0.642769 0.652334 0.044189 0.026953
34 0.642900 0.743662 0.045410 0.027734
34 0.780327 0.444502 0.078896 0.048086
34 0.696602 0.362314 0.084824 0.069063
34 0.643096 0.930791 0.045098 0.026895
34 0.959165 0.813584 0.076807 0.047070
34 0.780249 0.820845 0.078232 0.046826
34 0.780117 0.630181 0.078008 0.047334
5 0.961089 0.480571 0.032705 0.045557
34 0.642856 0.554761 0.045322 0.028506
33 0.617886 0.298545 0.031201 0.044707
34 0.780176 0.533896 0.077813 0.047305
33 0.703130 0.298511 0.030947 0.043408
34 0.883628 0.252217 0.076064 0.048984
34 0.780176 0.723462 0.078164 0.048291
5 0.961118 0.856055 0.033252 0.045352
34 0.699897 0.251807 0.076904 0.049512
34 0.961021 0.432109 0.076299 0.046934
34 0.962212 0.303379 0.044268 0.026309
34 0.841895 0.134893 0.075840 0.052695
34 0.960679 0.526885 0.076709 0.047031
34 0.802441 0.250537 0.077500 0.049492
34 0.614790 0.250483 0.076982 0.049756
34 0.960303 0.619341 0.076270 0.047334
34 0.778965 0.908794 0.074941 0.047139
33 0.803691 0.296631 0.030742 0.041270
34 0.959404 0.715278 0.076445 0.047021
34 0.963359 0.902217 0.071797 0.046563
33 0.883486 0.297124 0.030645 0.040420
34 0.971699 0.134175 0.056602 0.052119
5 0.961240 0.760796 0.032793 0.046865
5 0.960864 0.666367 0.032920 0.046152
