35 0.243901 0.704150 0.056377 0.121621
34 0.101450 0.793599 0.037471 0.071182
34 0.221270 0.555815 0.041543 0.069932
34 0.242188 0.797813 0.183809 0.067930
34 0.883037 0.104897 0.137227 0.114346
35 0.311235 0.194922 0.117529 0.052051
34 0.898047 0.378540 0.119863 0.065400
34 0.307705 0.542773 0.039707 0.067344
34 0.135903 0.192715 0.214658 0.069980
34 0.018457 0.715474 0.036914 0.059170
34 0.328213 0.369668 0.130293 0.097578
34 0.759097 0.622300 0.039365 0.081162
34 0.013813 0.777949 0.027510 0.054512
34 0.421108 0.334819 0.041475 0.088506
35 0.680513 0.269141 0.053760 0.122617
34 0.019453 0.546094 0.038906 0.060703
33 0.900127 0.444004 0.044336 0.063457
34 0.676646 0.369243 0.199268 0.093857
34 0.534126 0.234429 0.041846 0.088291
34 0.019072 0.611733 0.038145 0.057373
34 0.954053 0.261162 0.091777 0.034629
35 0.982544 0.186343 0.034912 0.118604
34 0.969863 0.025259 0.041797 0.050518
6 0.050288 0.479858 0.024893 0.022412
6 0.047915 0.512031 0.020322 0.019277
22 0.442881 0.074810 0.079531 0.073682
22 0.783813 0.126284 0.073682 0.076006
21 0.036558 0.823506 0.042334 0.044395
0 0.048789 0.608843 0.019746 0.034131
0 0.048574 0.551294 0.019141 0.034385
0 0.036777 0.774658 0.018770 0.032109
34 0.312290 0.048110 0.127490 0.095049
6 0.124429 0.557212 0.029736 0.028135
