6 0.573485 0.656704 0.025892 0.012256
5 0.074394 0.712998 0.069933 0.029102
34 0.179268 0.417749 0.324394 0.074189
34 0.764773 0.677310 0.196246 0.063193
34 0.620690 0.738711 0.047138 0.048848
34 0.456507 0.778149 0.080354 0.034502
34 0.458232 0.860220 0.207609 0.068818
34 0.433712 0.716753 0.192374 0.063193
34 0.075261 0.500542 0.150522 0.067744
34 0.138190 0.710923 0.063350 0.028232
34 0.042391 0.760674 0.054074 0.042578
21 0.573350 0.668052 0.054815 0.037725
0 0.645118 0.673535 0.034209 0.031523
