0 0.885513 0.413477 0.035029 0.062695
34 0.673774 0.606968 0.043369 0.092373
34 0.673496 0.221143 0.043770 0.094199
34 0.911104 0.054155 0.029316 0.027979
0 0.970454 0.095913 0.020322 0.035713
6 0.883384 0.091323 0.018740 0.016650
21 0.970430 0.154854 0.034727 0.039141
34 0.810942 0.414668 0.113096 0.063105
34 0.807817 0.533257 0.113174 0.062686
34 0.673882 0.848032 0.045264 0.094131
34 0.674053 0.407900 0.042012 0.091758
34 0.992070 0.093389 0.015352 0.058516
0 0.885181 0.531128 0.035010 0.061240
