34 0.514653 0.973994 0.106514 0.052012
6 0.125811 0.338716 0.044082 0.032256
6 0.358071 0.336567 0.050537 0.030107
34 0.249473 0.289790 0.218281 0.046240
6 0.962910 0.925278 0.038711 0.052686
33 0.767070 0.578301 0.152695 0.058086
34 0.981909 0.578711 0.036182 0.095352
35 0.879683 0.294731 0.048721 0.108076
34 0.865322 0.158618 0.025801 0.052529
35 0.606855 0.294185 0.047539 0.108389
1 0.435103 0.980220 0.040908 0.039561
34 0.236084 0.455835 0.109531 0.065010
3 0.766958 0.757578 0.085557 0.085566
34 0.030107 0.454556 0.060176 0.065342
34 0.593062 0.158042 0.025869 0.051279
3 0.339038 0.457412 0.087295 0.082402
34 0.764351 0.499292 0.108994 0.095654
34 0.111465 0.389702 0.027129 0.051006
34 0.766167 0.667476 0.118037 0.094229
34 0.946455 0.717119 0.105762 0.096504
34 0.342329 0.389414 0.026689 0.050859
34 0.607788 0.385181 0.195107 0.070127
3 0.108643 0.457520 0.087422 0.081680
34 0.876626 0.381475 0.172783 0.058418
