34 0.276270 0.713574 0.083750 0.051454
33 0.203296 0.463929 0.067061 0.051646
33 0.205161 0.547283 0.057744 0.054837
33 0.207026 0.630614 0.057744 0.055908
33 0.866929 0.384380 0.079170 0.053766
3 0.138193 0.048895 0.035391 0.062368
33 0.981245 0.778997 0.037510 0.062368
33 0.205752 0.376330 0.059570 0.051601
34 0.073291 0.394267 0.106992 0.038658
33 0.195010 0.802373 0.080605 0.050992
34 0.088193 0.307892 0.176387 0.038625
34 0.139834 0.105564 0.094824 0.057689
33 0.192593 0.713546 0.082354 0.052255
34 0.787329 0.385209 0.081299 0.053191
34 0.277935 0.630163 0.082881 0.053382
34 0.900186 0.472835 0.105352 0.038974
34 0.278359 0.801522 0.082461 0.052627
34 0.922329 0.782937 0.079014 0.051285
34 0.266997 0.020992 0.026650 0.041984
34 0.277339 0.462024 0.083174 0.050834
34 0.278091 0.375434 0.082510 0.052740
34 0.276309 0.546201 0.081484 0.052537
