33 0.228750 0.223301 0.045625 0.062227
0 0.990225 0.340625 0.019551 0.038379
3 0.035283 0.018789 0.044980 0.037578
0 0.884512 0.311724 0.021855 0.036924
0 0.884268 0.260234 0.026230 0.037891
0 0.658140 0.216753 0.020889 0.025752
0 0.393145 0.382163 0.023320 0.043721
0 0.436860 0.331152 0.038857 0.022344
0 0.393140 0.242261 0.024287 0.039834
0 0.289712 0.216929 0.015186 0.025205
0 0.090752 0.310039 0.022773 0.038496
0 0.090073 0.262607 0.021416 0.040117
21 0.395972 0.465884 0.045889 0.050166
0 0.059590 0.967305 0.019844 0.033203
0 0.217920 0.967305 0.019844 0.034023
0 0.990713 0.391875 0.018574 0.037891
34 0.090347 0.020493 0.064814 0.040986
34 0.133647 0.067427 0.108896 0.097490
34 0.261470 0.031128 0.065850 0.045635
34 0.433628 0.106836 0.051338 0.029043
34 0.509082 0.169844 0.049785 0.028516
34 0.538120 0.292998 0.098525 0.048750
34 0.436743 0.242441 0.064814 0.045117
34 0.439595 0.298184 0.065342 0.042520
34 0.383071 0.289111 0.024893 0.035781
34 0.437002 0.380635 0.065332 0.043555
34 0.659980 0.302593 0.071563 0.042002
34 0.738276 0.279258 0.069482 0.045117
34 0.683052 0.063281 0.063779 0.041484
34 0.840171 0.063022 0.113564 0.094893
34 0.841211 0.262148 0.068965 0.046152
34 0.840435 0.311406 0.070518 0.046152
34 0.870771 0.368452 0.024375 0.040967
34 0.883472 0.512344 0.096455 0.073633
34 0.948555 0.389194 0.067930 0.042002
34 0.943887 0.336816 0.066895 0.042012
34 0.977593 0.448560 0.021260 0.036299
34 0.981147 0.589609 0.037705 0.066367
34 0.317993 0.525571 0.025400 0.038896
34 0.294917 0.300518 0.065342 0.043047
34 0.228540 0.278477 0.066377 0.041484
34 0.132612 0.257993 0.070518 0.040967
34 0.135723 0.310371 0.070527 0.045117
34 0.076606 0.370264 0.024893 0.040449
34 0.088789 0.510532 0.108379 0.071045
34 0.029746 0.387637 0.059492 0.046152
34 0.032080 0.336035 0.064160 0.041484
34 0.027671 0.237510 0.055342 0.041484
34 0.529409 0.891348 0.051904 0.025176
34 0.529600 0.923496 0.050742 0.023633
34 0.264072 0.966318 0.067402 0.041797
34 0.105259 0.966899 0.069717 0.045361
34 0.974453 0.966318 0.051094 0.041016
33 0.013174 0.189790 0.026348 0.048389
33 0.738745 0.223823 0.050303 0.064307
33 0.656558 0.253379 0.044600 0.053926
33 0.290718 0.253896 0.045107 0.050820
33 0.261416 0.087705 0.041484 0.065859
4 0.680112 0.107402 0.041143 0.048672
35 0.533340 0.331729 0.089238 0.037637
35 0.883340 0.442480 0.036562 0.074199
35 0.985220 0.522588 0.029561 0.075273
35 0.090869 0.441401 0.036562 0.072041
