11 0.661494 0.231519 0.118008 0.114873
34 0.791123 0.796777 0.411094 0.119590
34 0.853906 0.013994 0.076543 0.027988
34 0.637207 0.086816 0.038672 0.061621
33 0.621821 0.435693 0.073818 0.051660
34 0.397485 0.911572 0.237158 0.113496
34 0.556055 0.160454 0.124785 0.075537
34 0.763931 0.494321 0.120732 0.070498
34 0.929194 0.157739 0.123721 0.072354
34 0.931343 0.495186 0.121787 0.072832
34 0.523887 0.434507 0.121152 0.075479
13 0.931182 0.571143 0.063926 0.080605
13 0.759473 0.573457 0.067051 0.085547
