35 0.945581 0.616221 0.038760 0.085703
35 0.759878 0.959619 0.036572 0.080762
34 0.973940 0.333804 0.052041 0.048135
35 0.527671 0.513447 0.040889 0.085508
35 0.816919 0.389058 0.087607 0.037900
34 0.748398 0.896704 0.022754 0.034854
34 0.915474 0.358193 0.082236 0.043750
34 0.792100 0.850796 0.022773 0.037783
34 0.976357 0.463296 0.047207 0.064463
35 0.430015 0.514526 0.038037 0.085830
35 0.672891 0.512944 0.040801 0.083545
34 0.792764 0.731260 0.082832 0.043301
35 0.842192 0.617051 0.039209 0.086074
34 0.724097 0.664761 0.084053 0.045400
34 0.856812 0.898848 0.084873 0.046973
34 0.809863 0.332544 0.150840 0.079404
34 0.662090 0.573823 0.023789 0.036084
34 0.933076 0.682368 0.022383 0.034229
34 0.626143 0.631982 0.081895 0.043477
34 0.379019 0.677568 0.084385 0.047051
34 0.517544 0.574517 0.024541 0.035693
34 0.562554 0.759453 0.024346 0.033262
34 0.892388 0.546914 0.151377 0.062891
34 0.563438 0.574551 0.023086 0.035566
34 0.829688 0.682695 0.023691 0.035996
34 0.895396 0.723428 0.082744 0.044492
22 0.983662 0.389727 0.032676 0.040840
0 0.674087 0.663623 0.017764 0.033242
0 0.946313 0.724146 0.019189 0.032959
35 0.806021 0.961567 0.032998 0.076865
0 0.806030 0.898486 0.018467 0.032363
0 0.761152 0.857593 0.017617 0.031768
0 0.919585 0.388281 0.032998 0.018184
0 0.842563 0.730610 0.018838 0.035400
0 0.431191 0.679185 0.017910 0.032178
0 0.575737 0.628701 0.017080 0.032773
0 0.529297 0.628970 0.017734 0.032764
35 0.574697 0.513311 0.038477 0.085117
34 0.710586 0.855552 0.081289 0.045303
34 0.478179 0.628164 0.083037 0.045664
34 0.419028 0.575059 0.024287 0.036973
34 0.555762 0.451035 0.253809 0.043711
