34 0.094714 0.412759 0.187037 0.100244
34 0.469798 0.324922 0.101380 0.030742
6 0.212635 0.369365 0.037088 0.016133
34 0.297466 0.022197 0.594933 0.044336
35 0.636027 0.170063 0.085185 0.120088
34 0.071515 0.279458 0.143030 0.063936
0 0.338956 0.495083 0.034478 0.034561
0 0.212365 0.402983 0.035673 0.035303
34 0.462348 0.569824 0.199411 0.060195
21 0.339175 0.538408 0.038182 0.030957
1 0.464259 0.619473 0.135657 0.040000
3 0.682146 0.595151 0.143081 0.091631
1 0.123291 0.619937 0.132879 0.040107
34 0.622736 0.800034 0.452407 0.075771
34 0.310842 0.082437 0.621684 0.068213
35 0.286271 0.170864 0.087424 0.118896
3 0.245497 0.275928 0.163956 0.082207
34 0.679234 0.516201 0.201667 0.063047
34 0.762433 0.275244 0.198098 0.069004
34 0.123687 0.570488 0.200505 0.064199
34 0.456406 0.494404 0.197155 0.064746
35 0.304386 0.799019 0.200623 0.052373
34 0.417702 0.273462 0.193350 0.064561
3 0.595951 0.276426 0.163889 0.085098
