33 0.051709 0.831323 0.049219 0.065205
33 0.273936 0.772310 0.047109 0.046787
33 0.740850 0.569053 0.045293 0.067617
33 0.149312 0.466719 0.048037 0.047695
34 0.740098 0.684985 0.047441 0.080830
34 0.114282 0.931265 0.084775 0.045225
34 0.646450 0.599316 0.114443 0.031895
34 0.693105 0.986880 0.025273 0.025615
34 0.565874 0.986626 0.026416 0.026143
33 0.180835 0.101528 0.091494 0.045947
33 0.020674 0.403809 0.041309 0.048027
33 0.831587 0.408384 0.060029 0.047100
34 0.278037 0.911782 0.086836 0.045244
34 0.366626 0.668179 0.117314 0.061396
33 0.919609 0.973950 0.044687 0.048174
33 0.847900 0.326147 0.096055 0.047979
33 0.532085 0.801567 0.049482 0.067412
33 0.416265 0.247471 0.093994 0.047871
34 0.084824 0.989482 0.094004 0.021035
33 0.290801 0.866104 0.079922 0.044824
34 0.091631 0.100737 0.084980 0.047471
33 0.162534 0.340708 0.054424 0.047627
33 0.402637 0.912148 0.048047 0.046719
34 0.801509 0.556182 0.081162 0.044844
34 0.507417 0.407573 0.086357 0.047373
34 0.506929 0.247407 0.086357 0.047588
34 0.542803 0.688101 0.048887 0.087178
34 0.466484 0.983789 0.084844 0.032422
34 0.085781 0.403027 0.085254 0.046914
34 0.831606 0.020415 0.087666 0.040830
34 0.277617 0.817651 0.086094 0.043389
34 0.506797 0.488877 0.085371 0.045801
34 0.506973 0.165586 0.086270 0.048262
34 0.507388 0.327339 0.086396 0.046963
33 0.826387 0.490732 0.048574 0.047637
33 0.534224 0.566714 0.044600 0.064326
34 0.533765 0.859082 0.083662 0.044746
33 0.423105 0.327061 0.084277 0.047402
33 0.539321 0.020869 0.080146 0.041660
34 0.092749 0.261567 0.084541 0.046885
34 0.756621 0.328418 0.083887 0.047637
34 0.472158 0.555693 0.082793 0.046328
34 0.091919 0.183179 0.086221 0.047998
34 0.466875 0.911631 0.084043 0.047363
34 0.756563 0.167090 0.083574 0.048477
34 0.051836 0.884722 0.089316 0.044170
34 0.758281 0.410537 0.084180 0.046992
33 0.844092 0.164521 0.087090 0.043008
33 0.051479 0.568970 0.045928 0.073291
33 0.593364 0.682646 0.044736 0.044082
34 0.905918 0.686567 0.116133 0.031182
34 0.021792 0.690854 0.043506 0.032998
33 0.965601 0.779580 0.046240 0.062363
33 0.762368 0.801079 0.050537 0.070967
33 0.436709 0.489819 0.054590 0.045615
34 0.692803 0.087554 0.026836 0.055400
33 0.178320 0.183135 0.084531 0.046035
34 0.756309 0.248491 0.082695 0.046279
34 0.115581 0.553818 0.086162 0.046074
34 0.826851 0.961372 0.084580 0.044365
34 0.458037 0.020342 0.083828 0.040684
34 0.969541 0.973428 0.060684 0.049570
34 0.092163 0.339883 0.085811 0.047559
33 0.392407 0.984111 0.068389 0.031777
33 0.432461 0.407612 0.065312 0.045518
34 0.565942 0.081899 0.026064 0.052373
34 0.758755 0.859702 0.084561 0.045986
33 0.186270 0.930527 0.052012 0.045781
34 0.082354 0.466338 0.083750 0.047148
34 0.963198 0.834512 0.073604 0.046289
33 0.751260 0.020835 0.075762 0.041670
34 0.758564 0.492681 0.084160 0.046748
33 0.174458 0.261631 0.076768 0.047246
33 0.824736 0.896240 0.054844 0.082793
25 0.643555 0.683340 0.307520 0.186016
33 0.693555 0.680649 0.044082 0.051611
34 0.220435 0.685493 0.112900 0.031182
33 0.845142 0.246919 0.089326 0.047275
