25 0.778989 0.381074 0.284229 0.263340
21 0.506455 0.462178 0.036250 0.040137
22 0.505918 0.838638 0.063340 0.060439
21 0.507129 0.750391 0.033848 0.034805
0 0.504834 0.588076 0.030430 0.064082
5 0.506367 0.670522 0.054531 0.039443
34 0.683267 0.642173 0.087939 0.056533
34 0.413765 0.675034 0.087061 0.050986
34 0.822959 0.642993 0.092090 0.055791
33 0.594229 0.642080 0.084805 0.046836
34 0.950923 0.682314 0.092061 0.056289
34 0.505737 0.372705 0.103760 0.035508
34 0.505698 0.364941 0.104053 0.051094
34 0.779028 0.375967 0.112002 0.035977
33 0.896538 0.641489 0.051338 0.044814
