34 0.141943 0.402158 0.046230 0.492480
34 0.943018 0.484951 0.050547 0.344082
34 0.178535 0.816992 0.031816 0.048633
34 0.692461 0.768901 0.031680 0.045811
34 0.312969 0.810977 0.031953 0.048574
35 0.709077 0.702720 0.042842 0.097568
34 0.256538 0.817329 0.030850 0.048174
34 0.987563 0.830708 0.024873 0.049834
34 0.012612 0.817930 0.025068 0.048027
35 0.544185 0.703501 0.044072 0.098779
35 0.385781 0.703789 0.043926 0.099551
34 0.367554 0.807666 0.031182 0.047969
35 0.027832 0.703535 0.044043 0.098867
34 0.638643 0.776489 0.030859 0.047588
34 0.063779 0.817207 0.032402 0.048594
35 0.655176 0.703462 0.043574 0.098506
35 0.140151 0.703789 0.042900 0.098652
34 0.583569 0.782964 0.030693 0.048076
35 0.082271 0.703848 0.042471 0.098828
35 0.763804 0.702686 0.044365 0.098242
35 0.438921 0.703848 0.042080 0.099590
34 0.027153 0.404307 0.054307 0.494629
34 0.081724 0.404849 0.048389 0.493545
34 0.197319 0.405918 0.053760 0.497852
34 0.121206 0.817202 0.031279 0.048564
34 0.526470 0.789609 0.030303 0.047207
34 0.745542 0.766831 0.031924 0.046826
35 0.600449 0.703340 0.043906 0.099121
34 0.421074 0.803853 0.030977 0.049346
35 0.492290 0.703726 0.042314 0.099268
35 0.272109 0.703940 0.045332 0.100420
34 0.829370 0.851055 0.031729 0.049082
35 0.993975 0.699580 0.012051 0.091621
34 0.845728 0.481606 0.058174 0.339775
34 0.485229 0.635806 0.334053 0.033818
34 0.977241 0.762856 0.045459 0.030166
35 0.846616 0.704272 0.045283 0.100811
35 0.941694 0.703667 0.043428 0.097725
35 0.197085 0.703750 0.042412 0.097949
35 0.329990 0.703755 0.043672 0.099580
34 0.475586 0.796265 0.032305 0.048701
