34 0.427178 0.921338 0.172930 0.065937
2 0.880396 0.383315 0.087510 0.056006
25 0.424155 0.893232 0.416572 0.212363
2 0.880981 0.577598 0.079346 0.040840
6 0.979580 0.479575 0.019844 0.033838
33 0.174653 0.825249 0.100322 0.062842
34 0.696714 0.761563 0.123818 0.064180
33 0.677471 0.825161 0.099785 0.062119
34 0.877246 0.526899 0.109023 0.061553
34 0.877915 0.328823 0.102764 0.060654
34 0.473276 0.465889 0.097354 0.057500
34 0.257642 0.688301 0.032725 0.062363
34 0.161738 0.758965 0.125781 0.062949
34 0.556050 0.688809 0.034463 0.061875
34 0.295254 0.364956 0.066016 0.031650
34 0.701392 0.962544 0.123018 0.070283
33 0.474062 0.537056 0.058750 0.077549
34 0.106934 0.555342 0.066836 0.039160
