34 0.823008 0.173016 0.086777 0.056900
35 0.202832 0.546206 0.105254 0.053766
34 0.980586 0.313991 0.038828 0.034160
34 0.224302 0.131297 0.086787 0.053123
34 0.213960 0.069329 0.085732 0.052210
34 0.227134 0.016545 0.080908 0.033089
0 0.904043 0.057768 0.030020 0.054273
0 0.280503 0.128743 0.029287 0.058455
0 0.764253 0.173641 0.030381 0.058038
14 0.279595 0.063033 0.055225 0.056798
0 0.337832 0.067875 0.029297 0.060395
34 0.354824 0.547644 0.190918 0.082300
34 0.846328 0.061110 0.084512 0.051894
34 0.392476 0.070039 0.085576 0.055817
