33 0.012290 0.648506 0.024580 0.038359
34 0.033638 0.741553 0.067217 0.046445
33 0.011597 0.552227 0.023193 0.038594
33 0.010854 0.598750 0.021709 0.038730
33 0.087813 0.056729 0.038340 0.039746
5 0.921191 0.049395 0.076328 0.050586
34 0.071021 0.555376 0.086729 0.044248
33 0.086626 0.012344 0.045967 0.024688
34 0.792495 0.261216 0.107900 0.061084
34 0.166909 0.059302 0.121924 0.046865
34 0.978564 0.441201 0.042871 0.063164
33 0.012451 0.836016 0.024902 0.038730
34 0.827163 0.051226 0.114209 0.062295
33 0.012383 0.788872 0.024766 0.040381
34 0.855166 0.153032 0.114922 0.061377
34 0.285098 0.896406 0.034316 0.059043
34 0.082944 0.838096 0.115518 0.045020
34 0.510518 0.109482 0.108691 0.063281
34 0.699229 0.374233 0.033203 0.057354
34 0.072344 0.790928 0.086836 0.045332
34 0.969316 0.212441 0.061348 0.060977
34 0.570234 0.262354 0.031934 0.053203
34 0.475415 0.366138 0.061631 0.035479
34 0.224131 0.982563 0.057598 0.034131
34 0.348726 0.669414 0.033701 0.058320
34 0.499937 0.661265 0.108896 0.059814
34 0.167031 0.170508 0.122344 0.049336
6 0.920864 0.844712 0.033193 0.035088
34 0.167764 0.339814 0.110352 0.058945
34 0.156738 0.118364 0.088184 0.046260
34 0.300688 0.604419 0.107764 0.059854
0 0.589976 0.110610 0.033799 0.066025
34 0.141504 0.465146 0.061445 0.033164
33 0.504736 0.723413 0.042539 0.062588
34 0.246274 0.723877 0.107236 0.060332
34 0.322954 0.448682 0.097686 0.056836
34 0.155376 0.015225 0.090791 0.030449
0 0.719585 0.262192 0.034424 0.063818
34 0.900679 0.340264 0.031729 0.046250
33 0.879941 0.212861 0.075430 0.042266
33 0.088350 0.115493 0.040781 0.040068
33 0.263569 0.777495 0.074932 0.042373
34 0.538560 0.814146 0.133975 0.107451
0 0.319019 0.494419 0.065361 0.034209
0 0.367954 0.605200 0.022764 0.041533
6 0.367041 0.544517 0.020000 0.020498
0 0.166675 0.386597 0.065635 0.034639
33 0.089258 0.166138 0.039785 0.044092
34 0.084414 0.697856 0.124727 0.045166
34 0.074736 0.650005 0.101074 0.048389
34 0.083340 0.603232 0.122578 0.047305
21 0.209146 0.583340 0.027959 0.033340
17 0.432803 0.877427 0.096777 0.092471
34 0.889790 0.651621 0.055908 0.273125
