34 0.831758 0.706533 0.091465 0.051113
34 0.118496 0.630571 0.038145 0.023232
34 0.209536 0.378315 0.035068 0.024814
34 0.979058 0.008545 0.041885 0.017090
34 0.118262 0.470659 0.039687 0.022295
34 0.832891 0.011152 0.076895 0.022305
34 0.618105 0.378672 0.035078 0.025840
34 0.169736 0.757456 0.047969 0.027158
34 0.338398 0.221353 0.058672 0.028525
34 0.418335 0.382241 0.195439 0.030596
34 0.704478 0.011323 0.071982 0.022471
34 0.057788 0.630889 0.053154 0.025664
34 0.767031 0.469346 0.052344 0.025156
34 0.984302 0.962192 0.031357 0.051260
34 0.170659 0.327275 0.028213 0.052520
34 0.767397 0.628892 0.055010 0.027354
34 0.627827 0.882266 0.050674 0.027461
34 0.038452 0.961436 0.076865 0.050254
34 0.625127 0.326099 0.027441 0.052529
34 0.708169 0.104048 0.099951 0.050811
34 0.911372 0.960820 0.088936 0.049453
34 0.063916 0.308223 0.090078 0.051035
34 0.761143 0.307061 0.091758 0.053281
34 0.054526 0.470923 0.052627 0.024736
34 0.570620 0.819238 0.052295 0.026035
34 0.637988 0.060605 0.025137 0.049102
34 0.468584 0.097217 0.114805 0.060430
0 0.889546 0.708145 0.021787 0.037930
0 0.648784 0.104189 0.020771 0.035586
0 0.124785 0.307305 0.026484 0.048281
0 0.701270 0.306821 0.026777 0.048271
21 0.702764 0.356108 0.028418 0.037607
21 0.652402 0.152168 0.039707 0.040117
22 0.472148 0.035376 0.090488 0.070752
21 0.126426 0.356982 0.036777 0.040117
18 0.971851 0.611372 0.056299 0.032881
