34 0.737642 0.295708 0.149463 0.075264
5 0.897598 0.530488 0.125547 0.044277
0 0.730542 0.360127 0.078018 0.043184
0 0.589722 0.727832 0.037295 0.085078
0 0.895171 0.732563 0.039912 0.077568
5 0.589478 0.531411 0.125557 0.046123
34 0.456460 0.541406 0.133330 0.078496
34 0.118823 0.521514 0.154834 0.045156
34 0.072588 0.329038 0.075273 0.045166
35 0.118823 0.569360 0.165596 0.052686
35 0.142480 0.815601 0.163438 0.052686
34 0.061836 0.967749 0.077422 0.049463
34 0.143555 0.771514 0.122578 0.041934
34 0.493555 0.726353 0.134414 0.069893
34 0.805923 0.725273 0.124736 0.082793
34 0.761836 0.530112 0.135488 0.070967
