3 0.840732 0.665234 0.071035 0.065430
33 0.855571 0.990244 0.043252 0.019512
34 0.312632 0.017148 0.095635 0.034141
33 0.735918 0.091514 0.043750 0.041777
34 0.985479 0.246240 0.029043 0.073945
33 0.734932 0.162612 0.043379 0.041826
34 0.077031 0.768257 0.044023 0.033271
35 0.312529 0.940000 0.104102 0.045430
34 0.668696 0.966562 0.085127 0.044277
34 0.327070 0.753853 0.162266 0.033545
34 0.466660 0.599761 0.049883 0.032061
34 0.792329 0.991235 0.082236 0.017529
33 0.870903 0.126084 0.070967 0.042676
34 0.818013 0.258960 0.031650 0.049443
34 0.756479 0.664683 0.099229 0.055713
34 0.795322 0.846060 0.050625 0.032217
34 0.303809 0.137427 0.196113 0.061045
34 0.304590 0.888887 0.212344 0.062051
34 0.701299 0.251016 0.030488 0.050937
33 0.735322 0.966836 0.044707 0.044102
34 0.490728 0.921309 0.058916 0.033867
34 0.610205 0.824976 0.103184 0.059521
34 0.794404 0.126089 0.083574 0.044209
35 0.325215 0.789194 0.105762 0.044502
34 0.756641 0.580620 0.101855 0.056748
35 0.309849 0.188086 0.104170 0.046367
35 0.312305 0.054946 0.104902 0.045557
34 0.510918 0.166313 0.058223 0.032490
34 0.927227 0.398530 0.033379 0.048682
34 0.895698 0.553110 0.060771 0.030439
34 0.756382 0.737026 0.091045 0.058467
34 0.780063 0.317412 0.087354 0.049707
34 0.931133 0.672788 0.098418 0.059170
34 0.672925 0.162495 0.084248 0.042705
34 0.507002 0.035527 0.056680 0.033086
34 0.673101 0.092632 0.084795 0.043818
34 0.651602 0.313003 0.098848 0.051729
34 0.978950 0.344766 0.042100 0.049453
34 0.890259 0.344453 0.087061 0.050508
34 0.170322 0.748965 0.110176 0.057051
6 0.969854 0.777988 0.032871 0.023477
6 0.946016 0.570308 0.027090 0.019873
4 0.839722 0.736890 0.068369 0.067510
0 0.945156 0.343516 0.021934 0.039043
0 0.757334 0.619404 0.040312 0.023340
0 0.718784 0.317720 0.024404 0.042021
0 0.835801 0.317651 0.024043 0.041982
0 0.675234 0.823794 0.022773 0.039170
0 0.172085 0.788647 0.039072 0.023682
6 0.675991 0.762412 0.022568 0.021602
4 0.026865 0.174346 0.053730 0.066641
6 0.944214 0.778145 0.031943 0.025312
21 0.835928 0.445044 0.040977 0.053135
21 0.719097 0.458037 0.041416 0.053262
21 0.945752 0.459829 0.041914 0.053096
6 0.991738 0.569155 0.016230 0.018447
6 0.969673 0.570854 0.030342 0.026006
