33 0.913853 0.457837 0.038877 0.037178
33 0.891230 0.458149 0.083105 0.037451
33 0.892339 0.409712 0.076123 0.039229
34 0.461294 0.710415 0.092471 0.079150
34 0.357510 0.559888 0.044492 0.022080
34 0.645728 0.479141 0.045869 0.025840
34 0.967793 0.459619 0.064102 0.043809
34 0.873472 0.806826 0.045303 0.026680
34 0.191094 0.709985 0.091504 0.075732
34 0.378467 0.413125 0.045312 0.026289
34 0.098555 0.955205 0.024434 0.045391
34 0.641094 0.957598 0.025508 0.044355
34 0.386030 0.335244 0.046338 0.026719
34 0.370171 0.956772 0.023408 0.045654
34 0.925796 0.893755 0.046475 0.026084
34 0.967051 0.409087 0.065898 0.042842
