34 0.305589 0.359092 0.110034 0.034532
34 0.152256 0.360389 0.108451 0.030902
34 0.621498 0.010609 0.121549 0.021218
34 0.040101 0.486409 0.070370 0.027294
34 0.029848 0.391460 0.059697 0.026753
34 0.163939 0.142396 0.068653 0.024408
35 0.433586 0.406917 0.145320 0.048422
34 0.642231 0.404769 0.254529 0.072086
34 0.154091 0.204662 0.144040 0.050383
34 0.320589 0.086787 0.144209 0.052108
0 0.241911 0.202198 0.032778 0.037790
21 0.531742 0.037880 0.045909 0.033867
3 0.320480 0.144853 0.092609 0.063732
21 0.242795 0.253433 0.051145 0.038230
