15 0.808267 0.080449 0.063174 0.061621
3 0.156050 0.058730 0.096006 0.080996
0 0.784556 0.164399 0.018525 0.034268
0 0.809004 0.477725 0.031484 0.054063
34 0.159951 0.307695 0.033262 0.063516
34 0.717275 0.360132 0.102793 0.066807
15 0.631079 0.204746 0.085850 0.075410
34 0.911729 0.353994 0.170312 0.130234
3 0.546694 0.059946 0.096436 0.081377
34 0.878291 0.474946 0.103574 0.064990
21 0.780728 0.403306 0.024209 0.031162
6 0.784785 0.128735 0.013418 0.011924
34 0.526924 0.202778 0.130508 0.078486
34 0.549941 0.321113 0.033555 0.063164
34 0.721504 0.166113 0.103262 0.069102
34 0.875415 0.004106 0.104365 0.008193
34 0.497573 0.013940 0.118174 0.027881
34 0.098779 0.016792 0.127656 0.033584
34 0.990107 0.182402 0.019785 0.074473
34 0.608618 0.522803 0.031318 0.074551
34 0.360659 0.202300 0.125068 0.077588
34 0.241421 0.523506 0.032881 0.075234
34 0.900376 0.079126 0.105537 0.067119
15 0.263247 0.203428 0.077783 0.074785
0 0.780586 0.362104 0.018691 0.034053
