34 0.397505 0.797500 0.088584 0.044043
34 0.508647 0.614624 0.039736 0.082139
33 0.297803 0.443267 0.095254 0.060400
34 0.510781 0.851997 0.034375 0.076709
33 0.298535 0.796470 0.096855 0.060322
34 0.759839 0.046533 0.050693 0.029570
33 0.144565 0.442568 0.095732 0.059824
34 0.313145 0.376118 0.116348 0.053467
34 0.928662 0.022822 0.089980 0.045645
34 0.157998 0.948828 0.089844 0.048379
34 0.759585 0.299697 0.051494 0.028301
33 0.146587 0.795615 0.099131 0.060625
34 0.928491 0.276001 0.084795 0.045518
34 0.050835 0.796079 0.087803 0.043389
34 0.312466 0.728228 0.116045 0.055010
34 0.049336 0.442329 0.088027 0.044893
34 0.396162 0.445562 0.088633 0.044287
0 0.219766 0.946440 0.022168 0.038936
1 0.931240 0.320479 0.058516 0.033105
1 0.930952 0.066035 0.058154 0.034902
