34 0.714629 0.107734 0.131348 0.109082
35 0.013452 0.312168 0.026904 0.119492
34 0.256279 0.454565 0.083691 0.036572
34 0.609141 0.262676 0.170645 0.041348
34 0.027573 0.875107 0.055146 0.061660
34 0.151689 0.295469 0.039473 0.081348
33 0.622539 0.592329 0.044004 0.071025
35 0.608447 0.186138 0.054922 0.120518
34 0.601240 0.677930 0.040059 0.056777
34 0.449922 0.183291 0.040371 0.082363
34 0.623203 0.524307 0.111797 0.063926
34 0.380728 0.606846 0.082764 0.039414
34 0.257241 0.085151 0.117646 0.098877
34 0.790317 0.349297 0.041357 0.080605
35 0.920103 0.269365 0.055127 0.121016
34 0.620835 0.875020 0.186338 0.068965
34 0.505889 0.527202 0.115566 0.063838
35 0.623188 0.781211 0.055830 0.119961
34 0.908232 0.677324 0.039004 0.057402
33 0.507119 0.594751 0.044512 0.068662
34 0.925278 0.531172 0.124912 0.093906
34 0.307080 0.238901 0.041035 0.080986
33 0.742065 0.594922 0.043662 0.068242
34 0.068335 0.051143 0.038389 0.078574
34 0.914204 0.372114 0.171592 0.091260
35 0.945391 0.443628 0.109102 0.052002
34 0.740928 0.526230 0.114902 0.064531
6 0.333813 0.411636 0.029697 0.029268
22 0.177969 0.038555 0.087715 0.071348
22 0.815396 0.129780 0.083037 0.087725
6 0.031128 0.633291 0.028193 0.032754
6 0.176860 0.574707 0.031123 0.031035
6 0.092017 0.575190 0.031240 0.030322
6 0.476489 0.411089 0.028623 0.029385
