34 0.478530 0.403191 0.094072 0.037632
34 0.947949 0.703185 0.104102 0.052593
34 0.136060 0.536499 0.109033 0.054397
34 0.442632 0.537120 0.108506 0.052548
34 0.802197 0.402655 0.089414 0.036561
34 0.180015 0.399431 0.093135 0.036561
34 0.370488 0.207497 0.092207 0.052694
34 0.751436 0.699972 0.114570 0.056990
34 0.753765 0.537604 0.109912 0.052683
34 0.445425 0.702649 0.102783 0.053619
34 0.746196 0.338168 0.192588 0.060147
34 0.452964 0.338168 0.180479 0.059899
34 0.714326 0.206082 0.085742 0.049121
34 0.463687 0.206201 0.083955 0.046832
17 0.592534 0.535378 0.165322 0.197520
17 0.912764 0.536043 0.163008 0.193529
17 0.291377 0.536048 0.171094 0.198861
