35 0.321533 0.567354 0.045000 0.099492
34 0.322056 0.356387 0.051025 0.330137
34 0.151431 0.355645 0.054854 0.332930
34 0.493193 0.339844 0.054512 0.329883
34 0.383447 0.779341 0.047676 0.030166
35 0.829663 0.567471 0.045928 0.100039
35 0.490200 0.566675 0.044443 0.099619
35 0.659414 0.567358 0.046211 0.100303
34 0.303652 0.643638 0.029375 0.047939
35 0.151465 0.567144 0.045293 0.099697
34 0.623530 0.105679 0.209756 0.059443
34 0.221299 0.710796 0.104258 0.059072
34 0.472710 0.643940 0.030752 0.047568
34 0.560112 0.710952 0.110635 0.059619
34 0.391079 0.710801 0.110576 0.059570
34 0.729082 0.710874 0.110039 0.059561
34 0.642661 0.643896 0.031006 0.048320
34 0.811499 0.644028 0.030107 0.048604
35 0.630957 0.035820 0.043574 0.071641
34 0.899272 0.710615 0.112236 0.061934
34 0.133975 0.643862 0.030996 0.048252
0 0.320376 0.710010 0.027705 0.049121
21 0.107437 0.886528 0.055303 0.073916
34 0.659150 0.348394 0.059141 0.333330
34 0.832803 0.353770 0.068809 0.324727
34 0.316138 0.969897 0.035479 0.060205
34 0.495703 0.969360 0.035488 0.061279
34 0.681724 0.972046 0.029033 0.055908
34 0.861836 0.972583 0.036563 0.054834
0 0.150405 0.710430 0.028291 0.049961
0 0.827681 0.710386 0.027588 0.049150
0 0.658267 0.710386 0.027139 0.049307
0 0.489741 0.710259 0.028643 0.049463
