34 0.780923 0.470210 0.071221 0.048701
34 0.510073 0.738901 0.098506 0.031904
34 0.830684 0.739536 0.098066 0.030088
0 0.512026 0.600825 0.027764 0.048955
34 0.552378 0.407949 0.043994 0.026426
34 0.159438 0.007549 0.069717 0.015098
34 0.776411 0.519194 0.044854 0.026670
34 0.868311 0.408477 0.044746 0.028047
34 0.293447 0.007905 0.075645 0.015811
34 0.446821 0.520615 0.044443 0.026211
34 0.414839 0.348535 0.045928 0.026289
34 0.216899 0.519907 0.043721 0.026748
21 0.511558 0.702656 0.042607 0.046543
34 0.461113 0.881040 0.080801 0.068545
34 0.992202 0.264497 0.015596 0.050068
0 0.832153 0.600513 0.027432 0.048662
0 0.511665 0.471758 0.028193 0.048320
34 0.461108 0.224756 0.081631 0.069551
34 0.785894 0.224980 0.080518 0.068008
34 0.461611 0.600146 0.073223 0.051621
21 0.831250 0.702393 0.044199 0.046934
34 0.345503 0.496816 0.077607 0.048145
34 0.461426 0.468901 0.072871 0.049854
34 0.781895 0.600127 0.073398 0.051133
0 0.831655 0.471069 0.028096 0.049736
34 0.784424 0.881191 0.079707 0.067695
34 0.893179 0.641567 0.027920 0.055713
34 0.573735 0.645679 0.027588 0.055205
34 0.654771 0.469360 0.077021 0.048135
0 0.343921 0.535645 0.054854 0.033574
0 0.709023 0.470708 0.031211 0.052959
