33 0.890518 0.340435 0.043770 0.055166
34 0.141162 0.290718 0.080586 0.042471
34 0.346333 0.291836 0.081553 0.042773
34 0.476367 0.225542 0.034180 0.057158
33 0.142705 0.341362 0.044199 0.054541
32 0.503770 0.056997 0.066660 0.047314
32 0.639258 0.056997 0.058066 0.047314
34 0.713887 0.291919 0.080937 0.042354
34 0.329404 0.879478 0.059824 0.033232
33 0.715562 0.341660 0.043877 0.053730
34 0.906313 0.083062 0.057002 0.031689
33 0.349229 0.341851 0.044336 0.053506
34 0.612549 0.224443 0.034238 0.058828
34 0.893013 0.289258 0.089795 0.043887
