34 0.640420 0.533740 0.119648 0.063125
22 0.867563 0.135937 0.129521 0.119023
0 0.719727 0.310171 0.045840 0.081943
0 0.269746 0.310327 0.046426 0.080947
0 0.869473 0.311221 0.045020 0.079727
0 0.569785 0.310190 0.045059 0.080830
0 0.420229 0.311074 0.044854 0.078887
0 0.307969 0.751831 0.027051 0.047119
0 0.308267 0.808408 0.026338 0.045684
3 0.107061 0.821519 0.084043 0.092178
0 0.568589 0.009575 0.044170 0.019033
0 0.869692 0.009668 0.044014 0.019336
0 0.718530 0.009453 0.044775 0.018848
22 0.270708 0.137690 0.116689 0.110850
22 0.420068 0.133604 0.121348 0.114355
22 0.721118 0.132441 0.126025 0.109688
22 0.570596 0.133604 0.133027 0.119023
6 0.307295 0.716797 0.016289 0.015059
34 0.348965 0.308232 0.102930 0.062266
34 0.798242 0.308311 0.103027 0.062715
34 0.111958 0.744556 0.124893 0.064033
34 0.377056 0.807798 0.110225 0.058857
34 0.648789 0.309351 0.101230 0.061025
34 0.378477 0.745723 0.109941 0.062598
34 0.194761 0.308208 0.102334 0.063564
35 0.528853 0.849082 0.113838 0.063594
34 0.501050 0.308423 0.102725 0.062822
34 0.350986 0.074175 0.115078 0.061260
34 0.807373 0.072329 0.104766 0.060166
34 0.501338 0.073857 0.104141 0.061797
34 0.969771 0.394863 0.060400 0.030078
34 0.200024 0.074165 0.106787 0.062432
34 0.250083 0.231909 0.032783 0.064346
34 0.656797 0.073853 0.104629 0.061064
34 0.399590 0.234331 0.032969 0.062607
33 0.639648 0.458755 0.066133 0.086221
34 0.548613 0.234512 0.033203 0.062637
34 0.849795 0.234414 0.033379 0.062383
34 0.699517 0.234150 0.032725 0.062148
34 0.534678 0.799180 0.146738 0.040020
