0 0.451229 0.791772 0.020909 0.019463
0 0.053712 0.153442 0.049007 0.016748
0 0.155379 0.741602 0.025808 0.028633
0 0.468401 0.347578 0.048451 0.014531
0 0.196582 0.305396 0.026431 0.029658
21 0.529857 0.370693 0.054562 0.036582
21 0.197029 0.339985 0.056886 0.036240
34 0.022416 0.926089 0.044832 0.038740
1 0.270143 0.400649 0.042710 0.048057
0 0.063923 0.730776 0.046599 0.014639
34 0.024638 0.881577 0.049276 0.037432
34 0.024520 0.761104 0.049040 0.042070
33 0.454209 0.764673 0.061044 0.037646
35 0.270598 0.526802 0.056313 0.070127
34 0.449865 0.723271 0.127138 0.042598
34 0.272879 0.572183 0.100842 0.023037
34 0.383157 0.205444 0.073249 0.019971
34 0.228199 0.785142 0.108990 0.039111
34 0.089655 0.622012 0.074428 0.024746
34 0.469057 0.320269 0.120034 0.041143
34 0.055051 0.187041 0.110101 0.041270
34 0.369268 0.271294 0.120690 0.044834
34 0.347315 0.400986 0.106616 0.041602
34 0.056027 0.124150 0.109663 0.040879
34 0.233502 0.740454 0.123569 0.041143
34 0.121002 0.308623 0.123822 0.040352
34 0.250505 0.459092 0.035488 0.042852
34 0.119209 0.263423 0.122357 0.040850
34 0.065093 0.703501 0.125943 0.040205
34 0.338998 0.320962 0.118737 0.039541
1 0.053519 0.219663 0.082896 0.026650
0 0.156288 0.784775 0.024731 0.026797
0 0.341532 0.346963 0.048384 0.016074
6 0.155614 0.713901 0.018030 0.013564
0 0.196153 0.262197 0.025741 0.026406
15 0.270143 0.271362 0.064899 0.036904
