34 0.947134 0.601167 0.105732 0.062744
34 0.680850 0.124126 0.189121 0.036299
3 0.664492 0.749971 0.095391 0.074473
0 0.501147 0.276206 0.055947 0.030303
0 0.497646 0.670142 0.025645 0.058271
0 0.359536 0.621777 0.029131 0.057109
34 0.660908 0.386084 0.034512 0.051992
34 0.500234 0.369277 0.093223 0.116973
34 0.327241 0.242222 0.141631 0.033174
34 0.436143 0.260376 0.042129 0.030029
34 0.500459 0.204575 0.084707 0.112041
34 0.596367 0.482666 0.049746 0.032715
34 0.597939 0.563115 0.047500 0.030469
34 0.569033 0.752466 0.084707 0.111592
34 0.439956 0.670449 0.089189 0.108906
35 0.985757 0.688179 0.028486 0.111826
35 0.217749 0.500542 0.105381 0.048389
35 0.326890 0.277964 0.108604 0.044092
35 0.683877 0.194092 0.044082 0.102148
34 0.438389 0.770171 0.047500 0.031377
34 0.296987 0.620928 0.090088 0.109355
34 0.212056 0.433145 0.214229 0.089629
34 0.785405 0.915669 0.052686 0.034092
34 0.930464 0.953770 0.086377 0.092461
34 0.920591 0.773125 0.075146 0.113887
34 0.977920 0.801211 0.030215 0.051523
3 0.501221 0.472222 0.074121 0.089150
13 0.872769 0.859678 0.068330 0.081816
