34 0.281869 0.742573 0.046296 0.044873
34 0.219655 0.896763 0.120185 0.046436
1 0.038586 0.968608 0.048519 0.052002
35 0.551886 0.344175 0.065960 0.086943
34 0.454882 0.543896 0.048889 0.054473
34 0.341246 0.412354 0.044444 0.048379
35 0.159832 0.013687 0.065421 0.027373
34 0.020598 0.610845 0.041195 0.051006
1 0.304545 0.970776 0.047071 0.052021
35 0.169857 0.765947 0.148906 0.034687
34 0.175766 0.627974 0.236481 0.090771
1 0.481902 0.968950 0.045623 0.051748
34 0.217862 0.969634 0.123636 0.044834
34 0.553561 0.409517 0.111431 0.046729
0 0.481507 0.896567 0.047020 0.050654
34 0.164806 0.040391 0.228333 0.027871
5 0.363561 0.336411 0.074226 0.024229
35 0.168981 0.728726 0.147391 0.034658
34 0.401077 0.969224 0.123737 0.045889
35 0.241574 0.344697 0.063923 0.085781
0 0.303123 0.897300 0.046010 0.052002
34 0.239949 0.409009 0.110943 0.045947
35 0.170690 0.690352 0.152694 0.035703
35 0.172205 0.802949 0.153266 0.036777
34 0.400354 0.896606 0.124512 0.045029
0 0.039444 0.896494 0.047273 0.051113
