34 0.058457 0.229805 0.088574 0.050332
34 0.617139 0.589404 0.065078 0.029590
0 0.037002 0.823389 0.023457 0.045410
34 0.265767 0.685352 0.089502 0.052148
34 0.507583 0.457163 0.092256 0.077471
34 0.833999 0.854946 0.093545 0.077471
34 0.485879 0.976855 0.086387 0.046289
0 0.537778 0.978071 0.015596 0.030068
34 0.612012 0.687007 0.102422 0.075225
34 0.011851 0.145645 0.023701 0.050215
34 0.062651 0.397959 0.089287 0.050840
34 0.012510 0.823535 0.024980 0.050449
22 0.775127 0.909678 0.074121 0.075488
6 0.072007 0.119785 0.013389 0.013730
34 0.318369 0.764155 0.033730 0.057158
33 0.202500 0.693306 0.035859 0.056279
34 0.061001 0.282969 0.091240 0.049766
21 0.072632 0.128916 0.029307 0.030156
33 0.007241 0.396025 0.014404 0.033984
33 0.007031 0.332632 0.013926 0.036240
34 0.540781 0.819165 0.032227 0.053135
34 0.061890 0.333667 0.090264 0.048564
34 0.777773 0.551206 0.092637 0.080361
34 0.055444 0.593574 0.089678 0.052559
22 0.715781 0.609395 0.076387 0.076562
21 0.037310 0.877202 0.029189 0.031807
34 0.490869 0.890454 0.064863 0.027314
6 0.538394 0.944302 0.013232 0.012900
22 0.449517 0.512861 0.076064 0.077148
34 0.052754 0.480356 0.105508 0.104854
22 0.663892 0.753789 0.077861 0.075762
0 0.037798 0.144116 0.024873 0.045479
