34 0.594126 0.530176 0.086592 0.055879
0 0.648384 0.530928 0.022236 0.043164
34 0.442363 0.237666 0.108750 0.067793
0 0.538823 0.530083 0.023584 0.045068
34 0.776660 0.021328 0.085156 0.042480
34 0.559614 0.021255 0.086045 0.042373
34 0.668809 0.021201 0.085586 0.042266
34 0.033179 0.529194 0.066357 0.054756
34 0.476079 0.752026 0.110811 0.068584
0 0.504683 0.017622 0.021807 0.035244
34 0.739404 0.466089 0.029805 0.047627
34 0.703970 0.528936 0.084873 0.053223
34 0.192534 0.530566 0.088643 0.058379
34 0.307944 0.529731 0.088232 0.055674
34 0.812554 0.529067 0.085283 0.053154
34 0.697329 0.751582 0.111045 0.067754
0 0.723472 0.017505 0.022686 0.035010
6 0.648389 0.483853 0.019941 0.019326
6 0.080044 0.484038 0.020537 0.019307
0 0.831323 0.017808 0.021943 0.035557
0 0.007705 0.018208 0.015332 0.035811
34 0.943286 0.955542 0.033389 0.049502
0 0.865513 0.529956 0.022158 0.043818
34 0.230181 0.398774 0.031436 0.047119
0 0.614375 0.017598 0.021934 0.035195
34 0.519736 0.365806 0.029980 0.045635
0 0.756836 0.530015 0.022305 0.044150
0 0.248350 0.530151 0.023262 0.044873
34 0.347012 0.917227 0.030938 0.047852
34 0.478428 0.529692 0.088477 0.056299
0 0.080054 0.530078 0.023252 0.044531
0 0.362739 0.530552 0.021982 0.042959
34 0.449751 0.021758 0.088818 0.043418
34 0.184438 0.752617 0.110127 0.067031
6 0.865059 0.486567 0.021504 0.024736
6 0.361299 0.487104 0.022578 0.025811
3 0.660757 0.152695 0.086025 0.094629
3 0.445166 0.152695 0.078496 0.101074
3 0.700010 0.671514 0.080645 0.093555
3 0.481729 0.672051 0.080645 0.094629
3 0.188716 0.670972 0.081729 0.092471
34 0.657290 0.237813 0.107979 0.067188
