34 0.056377 0.761836 0.112598 0.064961
34 0.977041 0.759263 0.045879 0.062393
34 0.540391 0.915742 0.167949 0.064688
33 0.295073 0.825146 0.102354 0.061992
33 0.041851 0.825806 0.082725 0.062764
33 0.795923 0.826177 0.103896 0.062549
25 0.542007 0.892065 0.416572 0.214697
34 0.816211 0.761504 0.127070 0.064863
34 0.972466 0.963525 0.055068 0.070547
34 0.058506 0.963193 0.116465 0.070605
34 0.673062 0.689043 0.034365 0.061934
34 0.281890 0.758892 0.124033 0.063369
34 0.274160 0.961792 0.120762 0.062529
34 0.962817 0.556855 0.073018 0.037656
34 0.375220 0.689482 0.031709 0.064141
34 0.817900 0.960381 0.127070 0.065352
