34 0.782559 0.471152 0.046035 0.024746
34 0.696899 0.049937 0.161221 0.050674
34 0.919658 0.077266 0.045762 0.025957
34 0.334565 0.236597 0.103291 0.053584
33 0.833843 0.836235 0.065537 0.042002
34 0.875239 0.698691 0.024072 0.050820
34 0.974326 0.924917 0.051348 0.095107
34 0.983755 0.705557 0.032041 0.056348
34 0.312085 0.528604 0.026748 0.047695
35 0.704336 0.092246 0.092227 0.038496
34 0.214829 0.008848 0.024443 0.017520
3 0.964292 0.403682 0.065439 0.058613
0 0.805674 0.154243 0.021230 0.037568
0 0.334912 0.273921 0.037891 0.019854
1 0.230156 0.145083 0.034824 0.061143
11 0.327056 0.841714 0.097881 0.095322
11 0.889546 0.913940 0.098682 0.094170
0 0.329795 0.595938 0.034961 0.058496
5 0.092168 0.971582 0.039746 0.056836
0 0.891680 0.609712 0.034102 0.057412
21 0.805151 0.202354 0.030869 0.035664
21 0.465420 0.063169 0.036348 0.035947
21 0.274155 0.062261 0.033857 0.036357
1 0.541411 0.790630 0.032334 0.058857
0 0.976455 0.249136 0.034121 0.059365
22 0.327891 0.738623 0.086348 0.082852
22 0.887983 0.808047 0.088682 0.081680
3 0.629468 0.472886 0.061025 0.060947
1 0.976279 0.174336 0.033027 0.058047
0 0.229917 0.404736 0.033721 0.056953
34 0.448110 0.844756 0.136885 0.116250
34 0.966831 0.806343 0.066338 0.056357
34 0.909395 0.175132 0.102832 0.055752
34 0.015479 0.931118 0.030859 0.055420
34 0.455957 0.657749 0.102344 0.058115
35 0.454883 0.274136 0.093008 0.041475
34 0.744570 0.835659 0.103223 0.057822
34 0.262759 0.597778 0.101729 0.056045
34 0.459937 0.240288 0.119287 0.031377
34 0.313096 0.907178 0.025996 0.036270
33 0.363364 0.955610 0.062295 0.040596
34 0.823496 0.612202 0.100977 0.054932
34 0.907954 0.250537 0.101221 0.056758
33 0.367114 0.655640 0.067607 0.039756
34 0.526074 0.583149 0.024805 0.038369
34 0.880610 0.406816 0.102041 0.057715
34 0.163994 0.406265 0.101172 0.056475
34 0.163003 0.144126 0.101729 0.056846
34 0.876089 0.979497 0.025420 0.040166
34 0.627095 0.413940 0.101963 0.056924
34 0.257158 0.260176 0.035039 0.025547
34 0.029780 0.442124 0.059561 0.058584
34 0.744092 0.152598 0.102988 0.054434
34 0.092700 0.919697 0.101963 0.054551
33 0.929990 0.700874 0.066172 0.040166
34 0.605239 0.791846 0.100420 0.056719
34 0.421147 0.735244 0.102764 0.057500
34 0.184844 0.762070 0.103281 0.058398
34 0.446279 0.955771 0.101660 0.057012
