35 0.316103 0.492705 0.142071 0.036777
34 0.470539 0.623872 0.057138 0.048701
34 0.058072 0.219258 0.116145 0.051660
34 0.241549 0.218960 0.248316 0.055283
34 0.084209 0.450708 0.168418 0.053135
6 0.353872 0.302700 0.037037 0.022588
0 0.071187 0.493052 0.084697 0.032197
0 0.220648 0.368809 0.086178 0.032539
0 0.035926 0.267163 0.071852 0.033330
34 0.213409 0.324448 0.193653 0.052627
34 0.041515 0.339497 0.077744 0.046904
34 0.041734 0.026816 0.083468 0.048242
35 0.239419 0.262788 0.153384 0.036924
34 0.311246 0.459097 0.155118 0.032842
