34 0.184639 0.742388 0.031582 0.047725
33 0.776323 0.707300 0.050967 0.045381
34 0.333486 0.532344 0.078848 0.043945
34 0.705903 0.708159 0.082646 0.046924
34 0.041201 0.710991 0.072852 0.046279
33 0.019092 0.798394 0.038184 0.050537
34 0.027690 0.352695 0.055381 0.032266
34 0.115063 0.356997 0.112900 0.032256
33 0.922046 0.510757 0.051611 0.051611
32 0.806455 0.911836 0.056992 0.053770
32 0.634956 0.909683 0.051611 0.051611
32 0.136567 0.910220 0.065596 0.054834
0 0.857148 0.592393 0.030020 0.053730
34 0.727881 0.796582 0.082227 0.045039
34 0.076997 0.797432 0.072861 0.046699
34 0.973999 0.516411 0.051924 0.047842
33 0.106455 0.708691 0.048887 0.044434
34 0.262007 0.590342 0.085908 0.053047
34 0.918232 0.590693 0.089023 0.052324
34 0.550791 0.626675 0.031445 0.045205
34 0.658647 0.354673 0.111260 0.028135
34 0.778477 0.355337 0.100137 0.028193
25 0.957808 0.351636 0.084385 0.225947
34 0.399165 0.357490 0.119111 0.036699
33 0.267305 0.530811 0.052852 0.042383
25 0.390190 0.356519 0.249678 0.257959
0 0.138916 0.206641 0.027012 0.047305
34 0.877637 0.699351 0.028652 0.044404
34 0.841436 0.785010 0.031816 0.047090
0 0.205234 0.592324 0.028828 0.051602
34 0.334912 0.935195 0.053984 0.029160
33 0.660205 0.797466 0.050215 0.044092
0 0.637642 0.206484 0.028643 0.047559
0 0.793833 0.206479 0.029639 0.047646
