34 0.424502 0.704380 0.102187 0.054424
35 0.638877 0.745801 0.096289 0.046914
34 0.939507 0.293545 0.120986 0.076230
35 0.952578 0.032578 0.043145 0.064668
34 0.355874 0.489150 0.099150 0.057578
35 0.826699 0.285933 0.094863 0.043369
34 0.305791 0.690103 0.101855 0.057529
34 0.081787 0.543896 0.098770 0.060957
34 0.330894 0.184771 0.167236 0.070400
35 0.843970 0.596680 0.042646 0.096855
34 0.879038 0.967119 0.170576 0.065449
34 0.089204 0.396538 0.040010 0.023037
35 0.710405 0.596309 0.041865 0.097266
35 0.295981 0.096841 0.043564 0.095791
34 0.512983 0.215674 0.098350 0.054531
34 0.007593 0.746113 0.015127 0.041660
35 0.359712 0.096787 0.044482 0.095996
35 0.423711 0.596650 0.043965 0.098418
35 0.509355 0.028857 0.041328 0.057637
34 0.530610 0.704736 0.099541 0.054219
34 0.134121 0.130840 0.025293 0.042598
34 0.205659 0.012969 0.081787 0.025937
35 0.807104 0.104697 0.042100 0.094590
34 0.680166 0.886812 0.210449 0.104561
35 0.572075 0.028936 0.041924 0.057715
34 0.159458 0.674019 0.026885 0.038975
35 0.566309 0.596343 0.043750 0.095576
34 0.647773 0.016753 0.100859 0.033408
35 0.523164 0.889746 0.096465 0.044883
34 0.660376 0.244189 0.097061 0.053672
34 0.918359 0.491753 0.101738 0.056416
34 0.543359 0.098027 0.167344 0.070742
34 0.968262 0.437007 0.023477 0.038682
34 0.694092 0.437070 0.023848 0.038945
34 0.081924 0.243125 0.104062 0.054316
34 0.828867 0.436919 0.025469 0.038994
5 0.305947 0.746587 0.035254 0.060596
0 0.844502 0.490474 0.034199 0.058955
0 0.527300 0.747637 0.057178 0.033730
0 0.566157 0.490430 0.033096 0.058535
34 0.810757 0.749473 0.229033 0.062363
34 0.348394 0.265601 0.050537 0.030107
0 0.660352 0.286987 0.057559 0.031689
3 0.727832 0.016997 0.062324 0.033994
0 0.709731 0.490366 0.033564 0.058877
3 0.165864 0.539443 0.066416 0.063027
6 0.219951 0.285879 0.022168 0.022168
0 0.806104 0.009629 0.033750 0.019258
0 0.983511 0.490571 0.032979 0.057861
0 0.423921 0.490400 0.033740 0.058672
3 0.281885 0.013506 0.060625 0.026719
5 0.422925 0.888970 0.036533 0.062236
1 0.318896 0.410449 0.061914 0.037266
3 0.296821 0.873286 0.061475 0.059189
1 0.079985 0.285967 0.060088 0.035039
1 0.423013 0.747251 0.060537 0.036064
3 0.513350 0.272314 0.060234 0.060840
34 0.952979 0.102813 0.094043 0.072109
34 0.320420 0.367544 0.103008 0.055947
34 0.778896 0.192559 0.163965 0.071094
34 0.294854 0.816289 0.106523 0.055937
34 0.423433 0.832163 0.107080 0.057119
34 0.685894 0.669028 0.204170 0.040732
34 0.409121 0.436826 0.023086 0.038711
35 0.980503 0.597373 0.038994 0.095684
34 0.550200 0.436870 0.024795 0.039482
34 0.501392 0.489331 0.103643 0.056924
34 0.644272 0.489746 0.102100 0.055371
34 0.780049 0.490200 0.103359 0.055186
