21 0.624028 0.632300 0.061748 0.071297
13 0.525166 0.557711 0.049277 0.078940
0 0.786807 0.700406 0.049238 0.033687
34 0.191465 0.404087 0.146875 0.069481
34 0.429976 0.565096 0.137900 0.066900
34 0.501621 0.645992 0.030547 0.051330
34 0.582471 0.539944 0.048516 0.037339
34 0.785498 0.645733 0.132051 0.072593
34 0.930806 0.568985 0.084893 0.065344
34 0.949941 0.191736 0.055254 0.042007
34 0.634619 0.060287 0.145977 0.069481
34 0.282690 0.090101 0.054795 0.038895
34 0.156924 0.106437 0.054805 0.193935
33 0.934546 0.652120 0.061475 0.096776
0 0.634712 0.115051 0.048994 0.033935
17 0.336914 0.353890 0.127148 0.151747
