6 0.256338 0.071738 0.015977 0.015938
34 0.417920 0.167700 0.067129 0.045225
33 0.463750 0.514087 0.049766 0.039443
6 0.554131 0.086909 0.016855 0.016045
34 0.362461 0.530288 0.080605 0.047803
33 0.422524 0.547471 0.050654 0.039883
20 0.719146 0.352588 0.303232 0.408594
34 0.591216 0.730869 0.073740 0.045918
34 0.537446 0.511821 0.076865 0.043447
0 0.554233 0.170342 0.019814 0.037148
34 0.418232 0.728857 0.066777 0.047168
34 0.224570 0.650708 0.048359 0.024033
34 0.028350 0.662114 0.056406 0.063213
34 0.215732 0.818799 0.040996 0.028301
34 0.419707 0.477671 0.080234 0.046455
34 0.175864 0.580015 0.049014 0.024072
0 0.554336 0.122866 0.019258 0.036318
34 0.721304 0.336157 0.251904 0.110225
34 0.511699 0.120806 0.066836 0.044150
34 0.206616 0.105366 0.067471 0.045186
34 0.596699 0.577778 0.078672 0.045439
34 0.207256 0.152959 0.066660 0.045273
34 0.318862 0.120337 0.068232 0.044697
0 0.256685 0.157573 0.020225 0.036650
34 0.512646 0.168838 0.065469 0.046641
34 0.417417 0.120073 0.066279 0.044639
0 0.459893 0.123071 0.019668 0.036572
34 0.495913 0.786416 0.041221 0.020430
34 0.154673 0.514771 0.038799 0.025576
34 0.208086 0.447690 0.028887 0.046045
6 0.459648 0.086904 0.014668 0.016055
6 0.365117 0.085273 0.016367 0.015586
33 0.589888 0.774731 0.030537 0.043291
33 0.416162 0.774443 0.031426 0.044512
33 0.531426 0.581533 0.051543 0.040781
34 0.254229 0.937896 0.039473 0.028506
34 0.319092 0.168872 0.067695 0.046631
0 0.459902 0.169722 0.019434 0.036221
0 0.256597 0.108857 0.020732 0.038633
0 0.365703 0.121191 0.021113 0.036992
33 0.500054 0.551733 0.037197 0.046611
0 0.366069 0.168716 0.020928 0.037178
