35 0.304087 0.049690 0.072568 0.041612
34 0.416343 0.107210 0.097393 0.060688
34 0.687344 0.248630 0.097988 0.062424
34 0.552129 0.144194 0.100059 0.061105
34 0.776138 0.162661 0.093994 0.035175
34 0.686582 0.092396 0.098594 0.064047
0 0.491016 0.207830 0.020137 0.035682
0 0.354814 0.169589 0.019727 0.034149
34 0.416411 0.169949 0.098271 0.062153
35 0.762090 0.202317 0.074648 0.043777
34 0.679854 0.160536 0.095234 0.059087
34 0.651011 0.023371 0.057861 0.034228
22 0.509546 0.048286 0.067842 0.091815
3 0.395073 0.034893 0.049482 0.065750
21 0.490068 0.249183 0.027969 0.036201
21 0.626953 0.288811 0.029453 0.038568
0 0.354824 0.105772 0.019785 0.033799
0 0.491162 0.143703 0.020039 0.035998
21 0.353975 0.211550 0.028301 0.036201
0 0.628057 0.092136 0.018848 0.033495
0 0.628569 0.247683 0.019658 0.033427
0 0.671997 0.201714 0.030967 0.023382
34 0.551655 0.209262 0.101240 0.061770
