34 0.418281 0.725728 0.099531 0.055107
33 0.801035 0.852646 0.038711 0.055918
34 0.684902 0.250493 0.318281 0.051611
33 0.176743 0.484727 0.057139 0.039629
34 0.280317 0.838052 0.032783 0.047744
33 0.176685 0.643877 0.056631 0.038574
34 0.346079 0.474263 0.034541 0.047842
34 0.685459 0.200684 0.046699 0.026680
33 0.177065 0.562002 0.056006 0.037148
34 0.280391 0.367070 0.031777 0.046152
33 0.333276 0.873135 0.059053 0.038594
34 0.951445 0.953774 0.097012 0.049385
34 0.080029 0.743667 0.157910 0.055303
34 0.371860 0.618164 0.100654 0.056016
34 0.979517 0.129380 0.033350 0.048213
34 0.021865 0.387417 0.043730 0.054893
34 0.951392 0.894883 0.097217 0.049668
34 0.093594 0.487827 0.100723 0.055322
34 0.641577 0.516709 0.172354 0.134551
34 0.082524 0.886421 0.111123 0.054307
34 0.123374 0.298291 0.111689 0.056328
34 0.083081 0.829746 0.108975 0.053281
34 0.095210 0.566382 0.099912 0.055752
34 0.095073 0.644800 0.100244 0.054521
34 0.418350 0.877139 0.098926 0.054746
34 0.132563 0.079277 0.110752 0.056855
34 0.684272 0.164624 0.048018 0.030713
34 0.064917 0.978501 0.129834 0.042998
33 0.333638 0.721611 0.057900 0.040078
33 0.333604 0.795913 0.058672 0.037197
34 0.877563 0.843315 0.112041 0.056084
34 0.420527 0.800645 0.101738 0.054160
0 0.991479 0.008589 0.016963 0.017002
5 0.207368 0.299355 0.058701 0.035078
32 0.712471 0.960776 0.045605 0.046787
0 0.018638 0.884331 0.019307 0.028916
0 0.207515 0.081157 0.040576 0.062510
0 0.299824 0.620195 0.040234 0.060996
21 0.018643 0.921372 0.027012 0.031221
0 0.018813 0.829834 0.019072 0.031055
