34 0.539722 0.409214 0.075479 0.042666
34 0.041904 0.392808 0.077793 0.044365
34 0.720176 0.805518 0.047109 0.026348
34 0.851826 0.480337 0.045879 0.024541
34 0.819946 0.892612 0.046885 0.027061
33 0.619922 0.459282 0.077617 0.036846
34 0.205957 0.979248 0.023086 0.039961
33 0.609004 0.410488 0.059746 0.038633
33 0.608423 0.459028 0.054502 0.037061
33 0.279575 0.765059 0.091396 0.044082
34 0.366938 0.761460 0.074521 0.042158
34 0.029238 0.942866 0.045078 0.024209
34 0.361147 0.712607 0.074268 0.041914
34 0.975508 0.955703 0.025566 0.045410
34 0.039604 0.338574 0.076963 0.043398
34 0.540449 0.459927 0.074297 0.042900
34 0.217432 0.493110 0.088730 0.054209
33 0.279009 0.713340 0.084131 0.038711
