0 0.872642 0.634098 0.020674 0.042875
13 0.513462 0.045130 0.052158 0.082796
22 0.125991 0.751043 0.109912 0.122582
33 0.109692 0.330073 0.082900 0.046234
21 0.739990 0.036505 0.030156 0.037768
6 0.937520 0.583247 0.027773 0.026020
34 0.899009 0.013123 0.079600 0.026246
21 0.979004 0.108303 0.029336 0.042604
35 0.501074 0.883298 0.081406 0.054600
34 0.203232 0.408219 0.122910 0.109290
34 0.493228 0.231330 0.105674 0.061240
34 0.087524 0.270637 0.101123 0.059290
33 0.473340 0.612914 0.045039 0.070902
34 0.473140 0.543647 0.102275 0.059154
21 0.841206 0.036257 0.030225 0.037678
0 0.618096 0.097734 0.033828 0.067892
22 0.127241 0.495891 0.109893 0.131060
34 0.682480 0.628596 0.059277 0.034758
34 0.637466 0.870000 0.173369 0.088005
34 0.683843 0.096404 0.099619 0.058963
21 0.477124 0.108439 0.031611 0.043258
34 0.089370 0.616054 0.086162 0.058467
34 0.450947 0.744521 0.089941 0.056708
34 0.934990 0.085085 0.029941 0.063517
34 0.128950 0.845039 0.085361 0.056776
0 0.563267 0.232289 0.033154 0.067148
34 0.896953 0.255333 0.083691 0.057813
34 0.819102 0.634803 0.082988 0.057971
0 0.955518 0.258337 0.033086 0.068670
34 0.206465 0.667204 0.117227 0.110147
0 0.077246 0.841843 0.018184 0.036539
21 0.871807 0.689876 0.029551 0.046900
0 0.034243 0.617497 0.020322 0.039932
0 0.394648 0.743309 0.020039 0.037959
