0 0.686230 0.206387 0.027188 0.047266
24 0.931729 0.962368 0.077422 0.075264
32 0.769365 0.909146 0.058066 0.054834
32 0.668823 0.908608 0.052686 0.047314
32 0.307534 0.911831 0.056982 0.049463
32 0.125278 0.909683 0.053760 0.051611
34 0.814526 0.354849 0.107529 0.032256
34 0.667749 0.353232 0.108604 0.024727
34 0.483340 0.358608 0.101074 0.037627
34 0.290332 0.354312 0.102148 0.029033
34 0.172051 0.355381 0.112910 0.035488
33 0.925703 0.625645 0.047871 0.054766
34 0.059053 0.587705 0.030234 0.044844
33 0.429907 0.463438 0.053779 0.043164
33 0.531265 0.572539 0.055537 0.042148
34 0.383169 0.711494 0.028037 0.050430
34 0.743271 0.504609 0.045684 0.029766
34 0.927100 0.680015 0.082168 0.043096
34 0.358032 0.794102 0.032549 0.049805
34 0.706680 0.742344 0.028887 0.046543
0 0.150757 0.206572 0.029092 0.048457
34 0.235469 0.828008 0.074668 0.046738
34 0.428843 0.583296 0.086807 0.051572
34 0.648745 0.633623 0.088877 0.052305
0 0.371108 0.583926 0.029795 0.053164
0 0.303984 0.206426 0.026758 0.047363
33 0.155825 0.835366 0.056670 0.045107
34 0.623354 0.707178 0.078018 0.043145
34 0.580273 0.847056 0.029531 0.047061
34 0.206431 0.656909 0.074580 0.045479
0 0.591763 0.634033 0.030830 0.053145
34 0.514590 0.527202 0.083281 0.046143
34 0.931470 0.872061 0.126982 0.101426
34 0.501016 0.466006 0.083203 0.047832
34 0.546001 0.660205 0.027275 0.045332
33 0.276860 0.659849 0.056572 0.043994
33 0.635298 0.755332 0.057529 0.043008
