34 0.521348 0.167080 0.050508 0.023923
6 0.416831 0.448557 0.029111 0.032740
3 0.892266 0.185868 0.066699 0.081387
27 0.964463 0.040986 0.071074 0.081973
34 0.491113 0.335299 0.111914 0.061082
34 0.491406 0.453495 0.111328 0.058286
6 0.417573 0.053923 0.029111 0.032740
6 0.416084 0.182311 0.030605 0.039639
6 0.417207 0.329645 0.031348 0.031015
34 0.521841 0.041860 0.051748 0.024780
34 0.838511 0.070671 0.048896 0.025310
34 0.837686 0.465992 0.046035 0.024656
34 0.899316 0.436516 0.044453 0.024419
34 0.343940 0.446742 0.087549 0.051612
34 0.342080 0.330614 0.087559 0.045152
