34 0.371855 0.576875 0.100332 0.051855
34 0.971191 0.358140 0.057617 0.053936
33 0.199956 0.799961 0.055908 0.038711
33 0.254258 0.675225 0.039785 0.043008
34 0.345659 0.278452 0.218271 0.051611
34 0.911782 0.363936 0.047314 0.029023
33 0.467573 0.583354 0.036904 0.067451
34 0.381450 0.196152 0.304912 0.055879
34 0.241997 0.986777 0.114814 0.026250
34 0.075103 0.491108 0.043740 0.028604
34 0.923203 0.238833 0.153594 0.078037
34 0.489341 0.291826 0.045186 0.034551
34 0.268276 0.517808 0.031182 0.047998
34 0.030381 0.886265 0.060762 0.027236
34 0.246792 0.603032 0.054014 0.027998
34 0.900356 0.489067 0.046553 0.030010
34 0.963696 0.482441 0.072588 0.053418
34 0.094004 0.388022 0.057910 0.029814
34 0.403354 0.380693 0.232744 0.053926
34 0.109463 0.965210 0.105879 0.052334
34 0.303525 0.665156 0.026973 0.047617
34 0.385039 0.744556 0.094941 0.049287
34 0.027622 0.555737 0.055244 0.046318
34 0.951562 0.040781 0.096875 0.048672
34 0.952524 0.099658 0.094951 0.048008
35 0.079263 0.307827 0.087842 0.037744
34 0.066196 0.130239 0.126729 0.055615
35 0.466484 0.778735 0.076621 0.035049
34 0.812202 0.258594 0.047393 0.031934
34 0.479741 0.746616 0.094092 0.031338
34 0.120127 0.441475 0.111680 0.053926
33 0.401870 0.882842 0.037939 0.058242
34 0.188481 0.373115 0.107451 0.051602
34 0.342266 0.895864 0.058105 0.029248
34 0.238657 0.424873 0.029229 0.045469
34 0.377627 0.667393 0.096699 0.052285
34 0.384072 0.958154 0.109980 0.055898
34 0.086826 0.681221 0.094297 0.052168
34 0.197656 0.754482 0.099648 0.051309
34 0.087012 0.847891 0.108301 0.053672
34 0.189487 0.263457 0.098369 0.051621
34 0.081992 0.031919 0.111855 0.055928
34 0.419038 0.025337 0.100928 0.050479
33 0.333765 0.019458 0.059365 0.038584
34 0.399619 0.826943 0.100078 0.050449
34 0.087368 0.736167 0.096162 0.052861
34 0.713135 0.593799 0.184746 0.131543
34 0.119570 0.554238 0.108359 0.051211
34 0.465527 0.522310 0.100332 0.052725
34 0.186509 0.671372 0.095420 0.053408
34 0.074365 0.261465 0.143066 0.056699
34 0.200410 0.847173 0.099180 0.052822
32 0.710132 0.105220 0.043271 0.043271
0 0.394829 0.706479 0.032178 0.019990
22 0.201943 0.916328 0.072520 0.079531
0 0.045273 0.962559 0.019434 0.029160
0 0.319277 0.954658 0.019941 0.031211
21 0.029536 0.765840 0.027393 0.030352
0 0.028848 0.675283 0.019277 0.029453
0 0.256978 0.375283 0.025186 0.037656
0 0.028872 0.730181 0.019131 0.030693
0 0.189263 0.307852 0.049053 0.033008
21 0.018711 0.068037 0.025371 0.031348
0 0.377617 0.778970 0.031543 0.020986
0 0.018628 0.030815 0.019795 0.029326
3 0.118691 0.609478 0.052500 0.057432
3 0.087339 0.904551 0.051396 0.058926
3 0.119771 0.498398 0.051201 0.056719
6 0.255923 0.329185 0.017842 0.018486
1 0.371992 0.620894 0.050488 0.034678
