6 0.572266 0.121968 0.030117 0.023096
33 0.784243 0.091577 0.041709 0.057158
34 0.986440 0.852656 0.026787 0.047148
34 0.514541 0.402432 0.030742 0.052480
34 0.821870 0.988955 0.086260 0.022090
34 0.015894 0.106348 0.031670 0.027617
34 0.921279 0.042476 0.028984 0.045400
34 0.396753 0.684351 0.086045 0.043916
34 0.310259 0.699536 0.026182 0.043564
34 0.828462 0.104551 0.048076 0.028652
34 0.847896 0.260864 0.081982 0.047549
34 0.187407 0.061685 0.029072 0.042021
34 0.845073 0.375186 0.083721 0.046426
34 0.050801 0.743901 0.051289 0.027725
34 0.886909 0.199146 0.028467 0.046182
34 0.224653 0.966255 0.087158 0.046670
34 0.133267 0.216533 0.029326 0.041016
34 0.846973 0.906299 0.082461 0.045996
34 0.933477 0.740576 0.043281 0.027500
34 0.310811 0.801362 0.043105 0.027510
34 0.847358 0.797466 0.081221 0.045107
34 0.225513 0.857856 0.085400 0.046084
34 0.132280 0.612446 0.029717 0.043760
34 0.735620 0.259214 0.079873 0.048252
34 0.976128 0.042852 0.047744 0.045176
33 0.695288 0.091699 0.044170 0.056543
34 0.259893 0.386030 0.084043 0.048213
34 0.284600 0.042192 0.083398 0.044736
34 0.787813 0.547896 0.086367 0.048701
34 0.398262 0.594126 0.088262 0.045400
34 0.085317 0.037432 0.084756 0.046309
34 0.694722 0.038398 0.083682 0.046211
34 0.091509 0.330557 0.081631 0.046914
33 0.712412 0.546660 0.056387 0.042988
34 0.784956 0.635068 0.086104 0.048789
34 0.738042 0.164399 0.042471 0.026221
34 0.839702 0.688140 0.046260 0.030205
34 0.786333 0.037881 0.083721 0.046953
34 0.392915 0.914180 0.085068 0.048242
34 0.090996 0.438672 0.083652 0.045996
33 0.712236 0.634561 0.055996 0.043906
34 0.080693 0.385039 0.083262 0.047109
34 0.961333 0.667827 0.077256 0.047100
34 0.214663 0.913071 0.085322 0.045830
34 0.983384 0.392817 0.032822 0.046729
34 0.836938 0.852749 0.083623 0.045889
34 0.187822 0.326670 0.027617 0.041719
34 0.590088 0.705298 0.029375 0.045088
0 0.281968 0.965674 0.028877 0.048535
0 0.282598 0.856450 0.028457 0.048545
0 0.398174 0.634604 0.077949 0.038252
0 0.904077 0.902993 0.028564 0.047021
0 0.960498 0.851636 0.027852 0.046299
0 0.904258 0.797017 0.026758 0.048467
0 0.904370 0.375200 0.023857 0.053564
0 0.793472 0.258452 0.037236 0.076162
14 0.280098 0.912124 0.054219 0.051201
14 0.903594 0.853892 0.052207 0.053213
14 0.146567 0.382505 0.048193 0.046182
3 0.087329 0.104897 0.076299 0.076299
3 0.396465 0.746563 0.088359 0.082324
3 0.285020 0.103994 0.078320 0.084336
3 0.658008 0.257607 0.077305 0.076309
0 0.148433 0.437261 0.029287 0.047705
0 0.204512 0.384116 0.027617 0.046865
0 0.146548 0.330557 0.027197 0.050215
0 0.336997 0.912734 0.026787 0.048125
