34 0.460586 0.221764 0.065820 0.056855
34 0.917300 0.143117 0.053564 0.028467
34 0.845068 0.118805 0.112852 0.056212
34 0.934937 0.368906 0.115830 0.057632
0 0.512930 0.291742 0.031816 0.066054
35 0.839946 0.162345 0.068232 0.033754
34 0.497251 0.151150 0.024326 0.045817
6 0.512832 0.110135 0.022676 0.030101
0 0.444038 0.081048 0.058447 0.039887
34 0.512188 0.494216 0.120840 0.086652
35 0.596475 0.078743 0.032344 0.079696
34 0.968198 0.062114 0.063018 0.057621
34 0.597178 0.144391 0.093242 0.053089
33 0.970659 0.124679 0.040107 0.066629
34 0.462637 0.296984 0.066270 0.055411
34 0.641421 0.012616 0.054990 0.025231
34 0.303105 0.045727 0.110078 0.031793
34 0.383477 0.062740 0.037773 0.029245
35 0.937427 0.415761 0.077686 0.041398
34 0.444688 0.036392 0.065527 0.053732
5 0.512817 0.218591 0.034033 0.026201
35 0.307114 0.079859 0.071182 0.039628
35 0.513237 0.412852 0.033467 0.082841
