35 0.281714 0.441157 0.096533 0.044678
35 0.725869 0.805781 0.047188 0.098418
35 0.154209 0.703638 0.043887 0.098760
34 0.722314 0.712476 0.205645 0.089697
34 0.914062 0.423833 0.049688 0.029443
34 0.622866 0.933882 0.053076 0.032275
34 0.438921 0.397734 0.110693 0.057305
34 0.279604 0.362349 0.159756 0.117139
35 0.042256 0.704155 0.044004 0.098818
34 0.421118 0.811846 0.087549 0.047012
34 0.585381 0.791938 0.104746 0.058584
34 0.079966 0.807822 0.032783 0.056973
34 0.280864 0.811909 0.083447 0.046279
34 0.038179 0.487642 0.049463 0.332256
34 0.092476 0.489790 0.050537 0.327959
34 0.154312 0.495166 0.051611 0.304297
34 0.207671 0.859883 0.029697 0.047148
34 0.348247 0.860088 0.029502 0.047051
34 0.023867 0.808159 0.031445 0.054951
34 0.297383 0.617622 0.191953 0.119541
34 0.135840 0.806475 0.031035 0.054141
0 0.224048 0.813130 0.022256 0.039248
0 0.513940 0.791357 0.027920 0.048262
0 0.364556 0.813345 0.022021 0.038857
0 0.439009 0.443447 0.052627 0.028652
35 0.099326 0.703716 0.042832 0.098291
35 0.224800 0.729966 0.043232 0.099365
35 0.365308 0.729414 0.043584 0.099023
