34 0.379507 0.149102 0.075479 0.046367
21 0.721909 0.947329 0.028311 0.028525
21 0.304873 0.135181 0.026484 0.030732
34 0.990972 0.187065 0.018057 0.054326
35 0.850762 0.952983 0.067227 0.029990
34 0.412119 0.278555 0.031211 0.046816
21 0.815459 0.347310 0.026758 0.031084
6 0.786064 0.188999 0.013594 0.012217
34 0.964995 0.863027 0.053506 0.026465
35 0.235566 0.823413 0.069414 0.030068
33 0.687241 0.854502 0.036631 0.046621
33 0.923813 0.853916 0.033975 0.042578
34 0.044595 0.146274 0.089053 0.050869
0 0.972017 0.985615 0.017510 0.027793
34 0.370796 0.983652 0.101396 0.032695
0 0.321221 0.822188 0.031738 0.016504
34 0.321436 0.792539 0.080098 0.043184
34 0.072373 0.361997 0.079434 0.050400
34 0.135903 0.025596 0.101123 0.050723
34 0.466538 0.270596 0.030225 0.054941
35 0.177842 0.252969 0.089824 0.040898
34 0.602471 0.132310 0.095176 0.053369
34 0.222466 0.962158 0.100322 0.053203
34 0.825737 0.812305 0.093545 0.050605
34 0.227378 0.792583 0.083975 0.037197
3 0.183306 0.175972 0.075479 0.074717
34 0.523174 0.119238 0.027305 0.050176
34 0.617407 0.542471 0.144111 0.096621
34 0.214106 0.052852 0.047354 0.025762
34 0.349893 0.865259 0.077520 0.044248
34 0.248779 0.239307 0.034141 0.021641
34 0.890635 0.019126 0.057363 0.027646
34 0.183833 0.114736 0.098662 0.050137
34 0.072261 0.642969 0.092646 0.052637
34 0.927266 0.982495 0.073418 0.035010
3 0.684629 0.129639 0.077207 0.077168
34 0.870586 0.317812 0.085723 0.050762
34 0.191465 0.657539 0.093887 0.052012
34 0.665068 0.916846 0.092559 0.053359
34 0.680498 0.300098 0.029570 0.054629
34 0.754541 0.391084 0.027637 0.057598
34 0.960708 0.750278 0.078584 0.051162
0 0.786440 0.220952 0.016553 0.029521
4 0.776602 0.028438 0.072949 0.056875
34 0.929922 0.093208 0.075547 0.044971
34 0.832446 0.221621 0.074912 0.045762
34 0.439321 0.568677 0.095010 0.051416
34 0.018345 0.962876 0.036494 0.053428
34 0.866880 0.568706 0.095576 0.051885
34 0.511221 0.952061 0.029277 0.057910
21 0.397705 0.912075 0.028301 0.029717
0 0.815825 0.315674 0.017412 0.031016
34 0.688628 0.805615 0.093838 0.052305
34 0.064800 0.254580 0.129326 0.044844
34 0.611621 0.848301 0.026543 0.058164
34 0.921528 0.921753 0.086240 0.042998
34 0.564780 0.846646 0.028564 0.064893
34 0.922227 0.808325 0.083398 0.049561
21 0.120229 0.389858 0.027568 0.030361
3 0.827803 0.867588 0.057266 0.057461
0 0.720767 0.916143 0.019814 0.031445
34 0.753003 0.862544 0.057041 0.027822
0 0.120034 0.358291 0.017295 0.029687
34 0.449512 0.815225 0.026738 0.056172
34 0.193887 0.305840 0.056680 0.027520
0 0.332676 0.148403 0.017285 0.031631
0 0.975850 0.089004 0.016777 0.029297
21 0.976128 0.119854 0.027471 0.030664
34 0.383242 0.779771 0.028164 0.046631
0 0.039697 0.190679 0.071094 0.040049
34 0.096631 0.451953 0.054590 0.025703
0 0.398984 0.865508 0.016582 0.030371
0 0.924673 0.952139 0.032314 0.016816
33 0.801621 0.573662 0.038711 0.041934
20 0.615601 0.573125 0.746240 0.356992
33 0.372588 0.566675 0.040859 0.043018
6 0.306255 0.125171 0.012393 0.010850
5 0.139790 0.068286 0.026885 0.041943
33 0.012637 0.653232 0.025273 0.044082
33 0.134414 0.680654 0.037637 0.038711
6 0.901572 0.878550 0.017637 0.013486
20 0.970166 0.030112 0.059668 0.060225
