35 0.460078 0.837505 0.101719 0.046104
3 0.656792 0.410361 0.067861 0.064023
6 0.832656 0.424819 0.030137 0.026162
21 0.881431 0.336050 0.041729 0.051455
21 0.963872 0.162256 0.042139 0.053730
3 0.620781 0.822739 0.068926 0.066572
0 0.743994 0.336538 0.022871 0.039600
0 0.788740 0.537285 0.034395 0.057715
34 0.511807 0.210562 0.189961 0.062021
34 0.804502 0.335317 0.092637 0.058213
34 0.770942 0.468521 0.032158 0.050225
34 0.656431 0.349985 0.104404 0.058643
34 0.621030 0.762051 0.103975 0.057480
34 0.450234 0.373555 0.119941 0.061387
34 0.574707 0.405088 0.058691 0.032109
34 0.727568 0.387866 0.032324 0.048896
34 0.723169 0.537051 0.092764 0.057461
35 0.787202 0.654634 0.049111 0.108877
34 0.451719 0.780376 0.159219 0.066631
35 0.460063 0.424531 0.102080 0.045313
35 0.519229 0.261958 0.104199 0.046182
34 0.992759 0.098706 0.014287 0.028369
34 0.786187 0.723706 0.149600 0.032568
6 0.881362 0.321055 0.018818 0.019727
6 0.963740 0.147388 0.017930 0.018818
