35 0.060161 0.121866 0.088369 0.042401
34 0.209424 0.109662 0.030566 0.023923
34 0.768477 0.197599 0.081270 0.053822
34 0.466426 0.263946 0.062402 0.030101
0 0.117769 0.385090 0.017744 0.038771
3 0.840151 0.197244 0.058564 0.061860
21 0.736987 0.024470 0.029619 0.036742
0 0.304883 0.225333 0.047383 0.029853
0 0.421147 0.225643 0.046045 0.029008
0 0.158330 0.121218 0.032188 0.023292
34 0.338911 0.088303 0.081592 0.053269
34 0.612729 0.171657 0.126611 0.069966
34 0.114307 0.215130 0.177207 0.070147
34 0.422388 0.186359 0.084268 0.051725
35 0.116860 0.297012 0.037354 0.099932
33 0.265820 0.088489 0.054785 0.041421
34 0.157153 0.082689 0.081045 0.051127
34 0.359673 0.210135 0.035537 0.023495
34 0.554443 0.267711 0.068926 0.031184
35 0.660122 0.014600 0.059951 0.029200
35 0.621733 0.226144 0.084229 0.039572
34 0.010791 0.383726 0.021465 0.054171
34 0.161191 0.383371 0.073184 0.053732
34 0.355278 0.024949 0.042236 0.025479
34 0.306851 0.185908 0.085010 0.051973
34 0.221196 0.019921 0.022256 0.039842
