34 0.108594 0.127086 0.106777 0.059673
34 0.718862 0.253106 0.111338 0.064025
33 0.401558 0.034369 0.038291 0.067430
34 0.371040 0.184053 0.096396 0.059899
0 0.045259 0.125913 0.019639 0.034262
21 0.045820 0.232317 0.028672 0.038072
34 0.107910 0.191956 0.109590 0.061342
34 0.244888 0.233292 0.107588 0.062570
34 0.382739 0.273647 0.110088 0.062537
0 0.181587 0.232120 0.019092 0.033100
21 0.796504 0.318861 0.030547 0.049019
0 0.319204 0.271460 0.019268 0.033382
22 0.201943 0.073405 0.079531 0.095874
3 0.087383 0.059425 0.051543 0.068523
0 0.045386 0.190344 0.018916 0.033608
21 0.181626 0.274431 0.028311 0.034498
21 0.319097 0.313737 0.027705 0.036967
0 0.319185 0.116685 0.019717 0.036257
0 0.181348 0.169092 0.018984 0.035502
0 0.363501 0.225519 0.029912 0.022897
0 0.796450 0.249487 0.032881 0.056900
34 0.466650 0.188067 0.093770 0.036156
34 0.201089 0.011280 0.076924 0.022559
34 0.029824 0.038196 0.059258 0.032762
34 0.384224 0.396950 0.050928 0.037035
34 0.342495 0.049002 0.057705 0.034803
35 0.453013 0.225693 0.075322 0.038985
34 0.244512 0.169222 0.105625 0.059707
34 0.383667 0.118766 0.111826 0.062469
34 0.778330 0.193179 0.028965 0.055829
34 0.798838 0.366962 0.176777 0.066843
