34 0.436309 0.836396 0.040137 0.020664
34 0.748931 0.689150 0.020127 0.033008
34 0.562515 0.748730 0.112881 0.093711
34 0.013989 0.850459 0.027979 0.036016
34 0.081172 0.590356 0.158535 0.069248
0 0.558608 0.680112 0.062373 0.034404
34 0.037837 0.927520 0.068096 0.034531
34 0.902344 0.311187 0.022344 0.035322
34 0.853662 0.671641 0.117109 0.099043
34 0.968540 0.744111 0.062920 0.101836
34 0.749009 0.784282 0.021221 0.034541
34 0.874170 0.574150 0.031836 0.018437
34 0.696621 0.311069 0.021602 0.036104
34 0.904248 0.786582 0.021152 0.033516
33 0.840522 0.557466 0.037061 0.054424
34 0.838979 0.510581 0.066104 0.038076
34 0.469893 0.516367 0.020195 0.035195
34 0.505171 0.648384 0.022900 0.034756
34 0.722812 0.578931 0.019570 0.034463
33 0.007705 0.888501 0.015352 0.037920
35 0.079819 0.665347 0.038916 0.084600
34 0.473633 0.774722 0.021152 0.035830
33 0.040034 0.973174 0.037471 0.053516
34 0.066592 0.788862 0.021152 0.033232
34 0.713281 0.689956 0.020469 0.034600
34 0.434351 0.311055 0.021104 0.034121
34 0.537705 0.355068 0.034434 0.020937
34 0.779312 0.689326 0.021025 0.033047
