0 0.339131 0.437401 0.022617 0.045152
34 0.039878 0.605930 0.076377 0.037632
0 0.209517 0.207463 0.021006 0.044577
21 0.338457 0.493715 0.031289 0.047272
6 0.209219 0.163681 0.017539 0.021139
1 0.384795 0.116398 0.034414 0.069301
21 0.559717 0.022475 0.033516 0.044949
3 0.367886 0.025090 0.076670 0.050180
34 0.035898 0.259092 0.071621 0.046595
34 0.288696 0.020118 0.086494 0.040237
34 0.322271 0.114955 0.087686 0.063709
34 0.280522 0.434724 0.088428 0.061894
34 0.154287 0.207531 0.087578 0.063472
34 0.136411 0.269775 0.064873 0.034769
