0 0.498906 0.679507 0.041094 0.025146
34 0.548359 0.314619 0.021426 0.034180
34 0.511025 0.737168 0.113301 0.092363
34 0.558462 0.823647 0.019326 0.033311
34 0.672876 0.690269 0.021514 0.034912
34 0.635059 0.500356 0.077715 0.043447
34 0.738203 0.680845 0.020469 0.033135
34 0.289736 0.660000 0.019863 0.031426
34 0.706187 0.802036 0.019443 0.033662
34 0.730146 0.398994 0.021543 0.032070
34 0.755859 0.314175 0.020918 0.033994
34 0.312368 0.801743 0.020986 0.034873
33 0.637295 0.549751 0.037227 0.055029
34 0.310513 0.314468 0.021240 0.033350
34 0.216294 0.753896 0.124229 0.102832
34 0.530889 0.654189 0.020625 0.031992
34 0.007837 0.313760 0.015537 0.031992
34 0.636226 0.756821 0.116846 0.099131
34 0.311343 0.708701 0.021006 0.032695
34 0.968018 0.745591 0.063965 0.099814
0 0.251582 0.678540 0.054160 0.030947
6 0.325933 0.741279 0.020322 0.022305
0 0.962026 0.679648 0.056006 0.033438
34 0.474961 0.504414 0.033809 0.020293
