1 0.550749 0.848818 0.099781 0.032930
35 0.184815 0.576890 0.068586 0.084951
35 0.758527 0.849468 0.152003 0.034404
34 0.209394 0.981016 0.134983 0.037969
34 0.210732 0.921069 0.128737 0.048740
5 0.190909 0.812744 0.116498 0.027441
34 0.183914 0.508042 0.155539 0.051338
3 0.365875 0.831323 0.092290 0.066670
0 0.188081 0.736401 0.047340 0.044307
0 0.293805 0.922866 0.027239 0.030889
0 0.292205 0.986675 0.027778 0.026592
34 0.761835 0.781841 0.186835 0.103193
34 0.555791 0.809321 0.128721 0.048232
34 0.368956 0.772505 0.134074 0.050303
34 0.064242 0.810615 0.128485 0.051855
34 0.090943 0.734907 0.139461 0.053936
34 0.157088 0.670352 0.053636 0.056523
