34 0.542300 0.934902 0.076924 0.034355
34 0.431299 0.013521 0.078398 0.027041
34 0.564229 0.609165 0.105762 0.062568
34 0.092681 0.986504 0.027998 0.026797
34 0.484102 0.189058 0.033066 0.072158
34 0.039775 0.606514 0.079551 0.062500
34 0.308491 0.365703 0.075459 0.034258
34 0.404790 0.905952 0.098740 0.061357
34 0.381265 0.610918 0.105557 0.062187
34 0.130449 0.073638 0.206738 0.101768
6 0.504497 0.286475 0.036963 0.039531
5 0.026904 0.657144 0.035605 0.036768
0 0.380352 0.658154 0.060000 0.031367
0 0.560200 0.657886 0.061826 0.032061
0 0.405947 0.956499 0.079922 0.041572
6 0.750444 0.959438 0.037002 0.030850
6 0.035317 0.958530 0.038037 0.032393
5 0.503896 0.105713 0.040039 0.035000
