34 0.685469 0.219429 0.042617 0.081201
34 0.320610 0.099336 0.104150 0.198672
34 0.559961 0.942515 0.103477 0.059014
34 0.316670 0.469360 0.101074 0.495693
34 0.571826 0.081382 0.103809 0.063584
34 0.569834 0.583896 0.105879 0.062187
34 0.568135 0.258726 0.109824 0.062236
35 0.443936 0.466880 0.142383 0.062354
34 0.971011 0.505854 0.057979 0.073525
34 0.802725 0.818711 0.111777 0.063926
35 0.442935 0.127759 0.145439 0.063057
35 0.442944 0.629248 0.144893 0.061523
35 0.443008 0.303208 0.145566 0.062725
0 0.568564 0.631211 0.057012 0.030918
0 0.568940 0.468237 0.056240 0.030947
34 0.839380 0.197651 0.040400 0.072881
21 0.986343 0.919648 0.027314 0.037012
21 0.754717 0.919077 0.032344 0.039033
0 0.568330 0.128545 0.057598 0.032402
0 0.568799 0.304272 0.056758 0.030713
13 0.807778 0.883989 0.050049 0.066396
0 0.563281 0.987339 0.056934 0.024932
0 0.563120 0.818955 0.058252 0.033613
17 0.867158 0.504048 0.096289 0.091650
34 0.763887 0.506641 0.117695 0.070898
34 0.559414 0.769395 0.102812 0.062188
34 0.990454 0.818921 0.019092 0.061885
35 0.431958 0.816143 0.142607 0.063047
34 0.566196 0.422485 0.110420 0.061729
35 0.434438 0.979155 0.139072 0.041689
34 0.305820 0.872700 0.114746 0.254600
