34 0.708076 0.757051 0.087910 0.048574
34 0.850298 0.196904 0.087920 0.050293
34 0.089580 0.198267 0.089082 0.050205
34 0.816460 0.498569 0.022939 0.059189
34 0.561592 0.302041 0.120391 0.084707
34 0.588159 0.614565 0.050107 0.025557
34 0.378804 0.308267 0.088506 0.049600
34 0.685483 0.293970 0.089209 0.049092
34 0.911313 0.107827 0.088447 0.048721
34 0.928105 0.270937 0.086855 0.049785
34 0.595469 0.418525 0.088125 0.049844
34 0.273320 0.832075 0.049941 0.024131
34 0.712461 0.940483 0.091992 0.048975
34 0.936675 0.857085 0.087373 0.052236
34 0.928535 0.337212 0.088652 0.051221
34 0.464297 0.211509 0.089766 0.049521
34 0.320894 0.478062 0.060596 0.023799
34 0.710088 0.539189 0.089063 0.049473
34 0.034033 0.353940 0.068066 0.049736
34 0.578437 0.894214 0.082910 0.048252
34 0.017788 0.777847 0.035576 0.048760
34 0.200107 0.806421 0.087891 0.049092
33 0.097031 0.354033 0.050762 0.042227
34 0.039292 0.836143 0.078525 0.050078
34 0.596108 0.666460 0.088740 0.050498
34 0.038267 0.107681 0.076533 0.049209
33 0.097236 0.288960 0.051348 0.040264
34 0.201089 0.337764 0.089170 0.049512
34 0.272646 0.363203 0.051621 0.024883
34 0.679624 0.238086 0.051592 0.023301
34 0.561128 0.552319 0.121650 0.083311
34 0.272422 0.615688 0.050918 0.024268
34 0.772139 0.809741 0.086113 0.048369
34 0.618110 0.363569 0.057178 0.024326
34 0.352642 0.948140 0.054971 0.025928
21 0.879888 0.900366 0.036318 0.034229
21 0.778984 0.991982 0.027578 0.016035
6 0.237842 0.963613 0.018809 0.014629
0 0.032358 0.197192 0.021396 0.035986
0 0.879766 0.854683 0.021738 0.036162
0 0.323052 0.575259 0.021943 0.037334
0 0.711680 0.973047 0.037969 0.019043
0 0.527632 0.893442 0.021006 0.038389
0 0.911436 0.196563 0.021504 0.037715
0 0.768325 0.380576 0.060713 0.033789
0 0.322554 0.308428 0.020576 0.037227
0 0.199546 0.632080 0.056846 0.030039
0 0.774883 0.631895 0.058203 0.031426
0 0.538481 0.417280 0.022002 0.036475
0 0.199761 0.849517 0.056865 0.031787
21 0.528833 0.937432 0.030908 0.035098
0 0.199639 0.380483 0.058047 0.033057
0 0.129282 0.964443 0.057607 0.032500
0 0.090552 0.820649 0.022510 0.037881
0 0.768496 0.850024 0.059707 0.031748
0 0.325283 0.793555 0.021309 0.037305
6 0.323032 0.273306 0.015518 0.013291
0 0.463228 0.254302 0.056631 0.031377
6 0.325801 0.757480 0.017383 0.015020
21 0.538169 0.461567 0.032080 0.033936
6 0.323892 0.539307 0.017256 0.015195
21 0.538931 0.701816 0.031865 0.034395
0 0.539165 0.663853 0.021436 0.035654
21 0.090532 0.867720 0.029854 0.041982
6 0.056104 0.492329 0.016113 0.020225
6 0.077642 0.719453 0.015557 0.015039
33 0.911372 0.151196 0.040381 0.039561
34 0.627856 0.029004 0.050674 0.028047
33 0.032930 0.153398 0.040801 0.041328
33 0.707236 0.813564 0.038926 0.062871
34 0.297026 0.703872 0.061123 0.026592
33 0.709658 0.595146 0.038359 0.063594
34 0.984175 0.108428 0.031650 0.049414
33 0.858618 0.342173 0.049092 0.041611
33 0.683560 0.347983 0.040127 0.056631
34 0.568452 0.832441 0.051104 0.023301
34 0.559795 0.770454 0.117129 0.084736
33 0.858340 0.273105 0.049102 0.040410
34 0.201274 0.593120 0.088877 0.047490
34 0.377383 0.573223 0.085684 0.049434
34 0.771040 0.338384 0.088779 0.048623
34 0.378716 0.792075 0.085830 0.051494
34 0.129634 0.925083 0.092979 0.047080
34 0.026587 0.914243 0.053174 0.052490
34 0.776821 0.591362 0.087393 0.048115
34 0.308506 0.988228 0.092246 0.023545
34 0.035103 0.286572 0.070205 0.050937
