35 0.666670 0.596782 0.080645 0.027959
34 0.903667 0.009292 0.089541 0.018584
34 0.812261 0.983008 0.032314 0.033867
34 0.764023 0.768877 0.096680 0.093730
22 0.121631 0.863740 0.112012 0.116055
35 0.639551 0.444380 0.084355 0.036201
21 0.681504 0.720820 0.030820 0.039219
21 0.423467 0.983081 0.033848 0.033584
34 0.242339 0.460542 0.057021 0.031572
35 0.513125 0.864946 0.079668 0.042842
35 0.672700 0.772222 0.083174 0.039580
35 0.186294 0.293711 0.084268 0.036387
33 0.010215 0.829517 0.020430 0.043037
34 0.187148 0.514946 0.031934 0.058564
34 0.541968 0.375771 0.115674 0.059922
34 0.758989 0.603091 0.111182 0.059775
33 0.102451 0.556987 0.039316 0.057334
3 0.619941 0.542114 0.059062 0.066338
34 0.270645 0.763018 0.115957 0.060117
34 0.018799 0.983701 0.037598 0.026172
34 0.216436 0.176338 0.114395 0.059883
34 0.301763 0.203496 0.063838 0.033281
34 0.463052 0.644780 0.114951 0.057354
35 0.404687 0.220610 0.088301 0.040635
34 0.075908 0.261260 0.150254 0.054375
34 0.700854 0.539258 0.112451 0.059512
34 0.315825 0.433647 0.114111 0.058174
34 0.735991 0.444761 0.167881 0.095830
1 0.285591 0.603857 0.063955 0.037031
34 0.026499 0.192666 0.052959 0.051406
0 0.469565 0.685703 0.042451 0.023906
33 0.463784 0.828027 0.043838 0.065723
34 0.519531 0.217231 0.169102 0.097998
0 0.315845 0.477383 0.042275 0.022852
0 0.349316 0.546919 0.022031 0.042529
34 0.026484 0.777793 0.052969 0.059102
34 0.357393 0.924858 0.112227 0.058408
34 0.412896 0.545801 0.107510 0.060215
33 0.273145 0.828965 0.043809 0.067598
0 0.601450 0.772671 0.042471 0.024053
34 0.597852 0.729741 0.113633 0.057490
0 0.424282 0.924912 0.021963 0.041758
3 0.541479 0.592026 0.066533 0.056885
0 0.216387 0.222690 0.062832 0.032783
0 0.180903 0.370356 0.021416 0.043955
3 0.369399 0.855791 0.065498 0.056992
34 0.370962 0.798110 0.113564 0.057588
3 0.539463 0.434116 0.066543 0.058486
0 0.169570 0.992075 0.040117 0.015850
35 0.084932 0.986548 0.085859 0.026904
34 0.248662 0.371533 0.111328 0.058457
34 0.171284 0.956567 0.113213 0.056943
34 0.077930 0.381689 0.155859 0.050234
34 0.106367 0.499976 0.114590 0.055107
34 0.308413 0.285557 0.168213 0.091465
34 0.023027 0.500195 0.046055 0.055996
34 0.284302 0.559058 0.109717 0.054248
34 0.682715 0.869009 0.252383 0.067705
34 0.466484 0.763027 0.114473 0.060625
34 0.542900 0.535298 0.106152 0.057393
34 0.120913 0.750840 0.135400 0.108086
0 0.635967 0.686113 0.041152 0.023770
34 0.103496 0.440327 0.206992 0.031182
6 0.182056 0.317202 0.017529 0.020615
6 0.367266 0.455151 0.016582 0.018818
34 0.636562 0.645703 0.121504 0.056992
17 0.098394 0.036562 0.094619 0.073125
