33 0.667827 0.967227 0.038330 0.039863
33 0.893652 0.973188 0.037930 0.053623
33 0.849185 0.903062 0.039170 0.066299
35 0.933096 0.665425 0.039160 0.085068
34 0.728950 0.930254 0.064482 0.034082
33 0.622173 0.892495 0.037764 0.044697
34 0.927310 0.590190 0.145381 0.068916
34 0.920112 0.788853 0.021084 0.033018
34 0.659546 0.930762 0.065166 0.034648
34 0.439717 0.983931 0.069824 0.032139
34 0.847266 0.850244 0.068848 0.036504
34 0.518555 0.850361 0.068965 0.036309
33 0.730508 0.967573 0.037793 0.040986
34 0.762285 0.850190 0.068301 0.036318
34 0.619229 0.850337 0.067734 0.036416
34 0.580234 0.927578 0.066816 0.034160
33 0.582905 0.973076 0.037998 0.053848
34 0.891636 0.927461 0.067803 0.034492
