6 0.261533 0.384702 0.019199 0.026045
6 0.263164 0.216523 0.022461 0.025313
33 0.722490 0.261025 0.073750 0.043809
33 0.931890 0.261641 0.072764 0.043770
34 0.254888 0.082085 0.116533 0.023584
34 0.949722 0.300186 0.041982 0.025566
34 0.661895 0.164746 0.027461 0.050332
34 0.533921 0.300132 0.042764 0.025498
34 0.323916 0.300146 0.041484 0.025625
34 0.866313 0.567856 0.030889 0.050850
34 0.657495 0.567920 0.028779 0.050547
34 0.449116 0.567676 0.028057 0.050664
34 0.238779 0.567627 0.030977 0.051582
34 0.478267 0.689761 0.050381 0.025967
34 0.451958 0.260098 0.025420 0.048711
34 0.452095 0.164741 0.026924 0.050400
34 0.661704 0.258652 0.025439 0.049238
34 0.742227 0.143877 0.042520 0.028652
34 0.243838 0.164575 0.026895 0.050029
34 0.870483 0.165146 0.026846 0.050566
34 0.742017 0.300059 0.041045 0.026230
34 0.031260 0.608164 0.062500 0.049219
34 0.293452 0.756304 0.090752 0.049697
34 0.326538 0.345615 0.086709 0.045449
34 0.532603 0.347710 0.085928 0.047002
33 0.305820 0.261040 0.069863 0.042881
33 0.512886 0.261265 0.073330 0.041904
34 0.245420 0.255850 0.023965 0.048652
34 0.533965 0.143647 0.043301 0.029150
34 0.736763 0.214668 0.072959 0.045547
34 0.318286 0.215254 0.070244 0.047500
34 0.868950 0.259053 0.026318 0.050449
34 0.627188 0.437041 0.040391 0.028887
34 0.950410 0.143599 0.042871 0.028213
34 0.072837 0.838223 0.026357 0.050449
34 0.944688 0.214883 0.070840 0.046152
34 0.949292 0.345313 0.086201 0.045371
34 0.324751 0.143501 0.042900 0.028896
34 0.741992 0.345249 0.086562 0.045889
34 0.528022 0.214990 0.070752 0.046543
34 0.242642 0.852441 0.029092 0.044746
6 0.263345 0.105488 0.021377 0.020254
6 0.893311 0.105869 0.030020 0.017910
6 0.887495 0.215537 0.026143 0.026152
6 0.885581 0.301240 0.033857 0.026152
6 0.887256 0.383550 0.022754 0.026143
6 0.887495 0.407520 0.017432 0.025664
6 0.679053 0.405825 0.022754 0.028076
6 0.682441 0.383071 0.023730 0.026143
6 0.680264 0.301240 0.020332 0.032930
6 0.679536 0.215054 0.024697 0.025186
6 0.331465 0.829487 0.014062 0.013447
0 0.294126 0.797534 0.045029 0.028076
6 0.087827 0.759517 0.031123 0.027100
13 0.230117 0.338335 0.037246 0.048545
13 0.444590 0.339590 0.028457 0.041016
13 0.652358 0.340850 0.028877 0.046035
13 0.858784 0.339590 0.031963 0.044551
21 0.333311 0.839336 0.034141 0.042168
6 0.680503 0.107080 0.021787 0.020332
6 0.471846 0.409116 0.023184 0.025674
6 0.471123 0.384521 0.023906 0.024238
6 0.471123 0.106753 0.023906 0.022061
6 0.471851 0.300977 0.024639 0.027852
6 0.471489 0.216523 0.028975 0.021699
6 0.384326 0.278550 0.024629 0.030752
6 0.261714 0.409478 0.018838 0.024951
6 0.262075 0.303145 0.018838 0.026406
