6 0.409458 0.884092 0.032900 0.027070
6 0.410005 0.839307 0.029287 0.025918
17 0.409873 0.624326 0.121387 0.121387
6 0.410078 0.862437 0.029980 0.025400
34 0.217017 0.543042 0.234541 0.120029
34 0.569082 0.953105 0.120098 0.074434
34 0.053638 0.379512 0.107275 0.185332
34 0.389409 0.753486 0.036631 0.062695
33 0.457134 0.953262 0.091084 0.053496
34 0.385771 0.315044 0.038437 0.065889
34 0.817817 0.249292 0.037568 0.061924
34 0.382510 0.954956 0.039609 0.068584
34 0.731382 0.625273 0.206123 0.084395
35 0.557515 0.593735 0.131299 0.056689
35 0.560356 0.654771 0.132510 0.055049
