33 0.705859 0.706128 0.036309 0.040791
33 0.425303 0.855371 0.035410 0.044375
21 0.758247 0.988345 0.029580 0.023311
33 0.543618 0.824448 0.037197 0.062295
33 0.907534 0.839463 0.037197 0.067227
21 0.792021 0.242632 0.028320 0.029346
33 0.653770 0.667705 0.048223 0.036309
33 0.647622 0.779561 0.035010 0.041602
21 0.891294 0.023867 0.031494 0.031758
33 0.653125 0.409570 0.047773 0.037129
34 0.779355 0.395435 0.093730 0.048857
34 0.780044 0.344805 0.094385 0.050020
34 0.696177 0.936929 0.094932 0.052803
0 0.757144 0.259492 0.023428 0.046816
33 0.707837 0.389766 0.036084 0.035996
0 0.757202 0.938350 0.023779 0.045234
34 0.780371 0.448003 0.094570 0.050732
34 0.695337 0.259624 0.096768 0.053467
34 0.577847 0.405986 0.097432 0.055117
34 0.476582 0.815469 0.093145 0.052617
33 0.709028 0.339888 0.036689 0.036377
33 0.708906 0.440640 0.036680 0.036357
34 0.589785 0.763667 0.091133 0.053174
33 0.707588 0.508818 0.036523 0.035879
34 0.962808 0.814292 0.074385 0.054365
34 0.364414 0.834297 0.095137 0.054160
34 0.774858 0.712559 0.094287 0.053574
34 0.578301 0.668071 0.096582 0.052119
34 0.779360 0.507759 0.094248 0.052158
34 0.757925 0.592065 0.135400 0.102920
6 0.792759 0.234780 0.013447 0.010752
