34 0.181841 0.063418 0.105947 0.064219
33 0.624819 0.689404 0.049287 0.073809
34 0.879980 0.030962 0.234980 0.061650
34 0.113252 0.357383 0.107480 0.064219
34 0.566221 0.357036 0.108535 0.065322
34 0.113711 0.913193 0.107539 0.063613
34 0.877510 0.754487 0.104238 0.067764
34 0.566548 0.912910 0.108447 0.063965
34 0.878022 0.867798 0.104150 0.068135
34 0.181611 0.718633 0.105449 0.064062
33 0.791274 0.757183 0.066123 0.045967
34 0.376533 0.267646 0.121953 0.105703
34 0.966265 0.253218 0.067471 0.062822
34 0.181836 0.539561 0.106172 0.064473
34 0.376362 0.158882 0.122412 0.106826
33 0.791289 0.871289 0.065820 0.045098
34 0.620771 0.760942 0.107324 0.065752
35 0.887432 0.127334 0.062676 0.145332
34 0.340010 0.357524 0.107500 0.064678
34 0.376528 0.820464 0.122529 0.102607
34 0.406729 0.539512 0.107637 0.064648
34 0.340293 0.913228 0.107168 0.063936
34 0.152134 0.267891 0.122900 0.105781
34 0.152021 0.820317 0.123125 0.103467
34 0.406909 0.718628 0.106201 0.064092
34 0.151919 0.158745 0.124131 0.106045
34 0.406709 0.063569 0.107051 0.064326
13 0.557407 0.972153 0.054521 0.055693
17 0.036538 0.826553 0.073076 0.096289
17 0.040596 0.274927 0.081191 0.095127
17 0.037114 0.167041 0.074229 0.097441
13 0.331191 0.974473 0.061484 0.051055
13 0.107295 0.972153 0.054531 0.055693
17 0.258687 0.829453 0.097451 0.090488
17 0.484907 0.826553 0.097451 0.091641
13 0.561470 0.428062 0.053369 0.071924
17 0.258687 0.273188 0.095127 0.089326
17 0.483745 0.168784 0.085850 0.089326
17 0.258691 0.164717 0.090488 0.090488
13 0.105557 0.426323 0.055684 0.068447
0 0.979829 0.303047 0.040342 0.031523
21 0.388081 0.463071 0.031924 0.039521
13 0.333340 0.425566 0.047363 0.068242
21 0.160908 0.463525 0.032344 0.038066
21 0.612783 0.463442 0.033457 0.037861
0 0.481357 0.063838 0.034160 0.058926
0 0.028779 0.539844 0.032441 0.058027
0 0.481440 0.539912 0.033232 0.057871
0 0.481787 0.718945 0.033711 0.056504
0 0.028687 0.718984 0.033213 0.056426
0 0.028765 0.063799 0.033955 0.059023
0 0.255645 0.539849 0.032539 0.057588
0 0.255591 0.719131 0.033350 0.056855
0 0.255571 0.064053 0.033857 0.059609
17 0.482583 0.275508 0.095127 0.093965
