5 0.627554 0.428579 0.054482 0.031826
22 0.626890 0.575273 0.087100 0.075273
22 0.780112 0.575273 0.088174 0.075273
11 0.186567 0.852153 0.051611 0.048389
20 0.456689 0.835781 0.913379 0.328438
5 0.779458 0.428472 0.054932 0.033115
1 0.009248 0.501431 0.018496 0.061611
34 0.258896 0.727812 0.119062 0.086680
33 0.568999 0.589570 0.054326 0.043242
0 0.975552 0.703188 0.048896 0.035713
33 0.722773 0.588369 0.050098 0.043047
34 0.964526 0.439248 0.048291 0.031543
34 0.557910 0.504087 0.119434 0.091475
34 0.123618 0.209990 0.047666 0.032754
34 0.447642 0.138188 0.104951 0.053740
34 0.166777 0.561313 0.030000 0.054951
34 0.975010 0.512603 0.049121 0.032861
1 0.185815 0.423848 0.033760 0.061055
34 0.081143 0.727158 0.119063 0.085801
34 0.840024 0.355586 0.048350 0.033086
0 0.184629 0.345601 0.034316 0.059619
34 0.328750 0.423945 0.092734 0.053613
34 0.697617 0.725977 0.218398 0.085566
34 0.650771 0.200151 0.090137 0.049346
34 0.106450 0.418315 0.100869 0.051982
34 0.964902 0.654219 0.070195 0.056035
0 0.524985 0.139243 0.034658 0.059111
34 0.106289 0.496724 0.101582 0.052002
1 0.185752 0.501968 0.033789 0.059385
33 0.144531 0.607529 0.073691 0.041367
34 0.722905 0.633569 0.081240 0.041338
0 0.404092 0.426416 0.034648 0.060332
34 0.105713 0.125913 0.093848 0.050283
34 0.106108 0.341289 0.102803 0.052559
34 0.571011 0.636006 0.080381 0.042012
34 0.710122 0.504224 0.115811 0.089502
34 0.962148 0.921240 0.075703 0.051094
34 0.064595 0.605806 0.085283 0.044092
0 0.009658 0.345908 0.019219 0.059219
0 0.103501 0.171768 0.060459 0.034707
0 0.650181 0.242656 0.058818 0.034238
