21 0.840674 0.885103 0.029609 0.032354
0 0.665405 0.568638 0.018467 0.031553
34 0.985176 0.827715 0.029414 0.049922
13 0.518286 0.892480 0.056982 0.075273
8 0.437642 0.203770 0.102158 0.059141
34 0.119341 0.176426 0.143994 0.049473
0 0.618066 0.937671 0.033672 0.057314
21 0.739897 0.885381 0.029209 0.032559
34 0.787705 0.511245 0.127539 0.090986
6 0.896108 0.506738 0.020537 0.017109
34 0.930713 0.005815 0.062187 0.011631
34 0.021885 0.548770 0.043770 0.059102
6 0.523110 0.309561 0.025029 0.018418
21 0.037583 0.697900 0.026709 0.030801
21 0.979009 0.947407 0.029326 0.036260
35 0.298154 0.405615 0.083457 0.044766
6 0.663950 0.534043 0.020674 0.017715
34 0.583076 0.156553 0.083027 0.046621
34 0.424521 0.361133 0.092852 0.049883
35 0.118569 0.240044 0.045029 0.081494
34 0.584463 0.237637 0.080996 0.043184
0 0.841187 0.847642 0.019385 0.033955
34 0.930903 0.660972 0.086631 0.047061
34 0.935034 0.927227 0.029971 0.055332
34 0.511504 0.387280 0.051855 0.029307
35 0.985313 0.696284 0.029141 0.042725
34 0.090591 0.658462 0.086729 0.050850
0 0.739673 0.847456 0.019053 0.033389
0 0.424048 0.405508 0.058291 0.033477
21 0.477520 0.947769 0.031348 0.036514
34 0.060537 0.369731 0.084238 0.052412
34 0.295059 0.356401 0.101953 0.055420
34 0.683574 0.936978 0.099121 0.051104
34 0.605371 0.570000 0.094590 0.050254
33 0.970283 0.435420 0.058965 0.045312
34 0.964980 0.748667 0.070039 0.064131
34 0.927432 0.347827 0.104277 0.050615
34 0.511323 0.827891 0.093115 0.049453
0 0.037070 0.657666 0.020957 0.035684
0 0.118745 0.369478 0.034033 0.058818
34 0.665156 0.670122 0.056035 0.028389
34 0.681309 0.849146 0.091836 0.049111
34 0.317407 0.197646 0.127744 0.091289
34 0.667280 0.764922 0.057256 0.030078
34 0.900991 0.851602 0.093193 0.048223
34 0.891812 0.433760 0.095850 0.051523
33 0.506865 0.158276 0.065547 0.043994
34 0.101099 0.306343 0.029443 0.047412
0 0.895913 0.541104 0.019912 0.033535
34 0.952588 0.540674 0.091445 0.049766
33 0.508521 0.238560 0.069189 0.042236
0 0.936328 0.696040 0.034023 0.020752
