34 0.556592 0.339209 0.040352 0.071777
34 0.739644 0.766460 0.071123 0.041826
35 0.528789 0.582686 0.060410 0.127559
33 0.478442 0.338286 0.098545 0.056396
34 0.504634 0.120435 0.040518 0.067100
34 0.359966 0.337842 0.128389 0.080527
34 0.527139 0.699272 0.253496 0.121436
6 0.528540 0.461133 0.032256 0.027090
6 0.528862 0.216333 0.035479 0.029033
6 0.529834 0.240845 0.033535 0.027744
6 0.529834 0.264712 0.033535 0.026455
6 0.529014 0.411021 0.031309 0.027861
6 0.529189 0.435010 0.030957 0.027734
35 0.735464 0.023745 0.143330 0.047490
