4 0.729541 0.779575 0.044043 0.049834
34 0.511162 0.439229 0.067402 0.046094
34 0.510776 0.484165 0.069717 0.045322
34 0.662231 0.362148 0.123174 0.049199
34 0.562100 0.352080 0.068555 0.043770
34 0.373462 0.385195 0.046865 0.025566
34 0.252412 0.273447 0.066621 0.042227
34 0.186567 0.273833 0.063525 0.042217
34 0.074233 0.308115 0.070498 0.045703
34 0.016401 0.104307 0.032803 0.025801
34 0.020654 0.929258 0.041309 0.072891
33 0.755220 0.974521 0.049287 0.050957
0 0.187031 0.375439 0.013203 0.024316
0 0.558853 0.438369 0.019443 0.034902
0 0.210156 0.644590 0.024805 0.013457
0 0.125957 0.839087 0.018945 0.036436
0 0.125718 0.788813 0.017490 0.036924
0 0.030508 0.836904 0.019434 0.036914
0 0.030747 0.786870 0.021865 0.036924
0 0.630225 0.947808 0.036641 0.019229
0 0.575557 0.947705 0.035840 0.018633
6 0.805898 0.513208 0.026309 0.025518
6 0.031099 0.718237 0.021260 0.020107
6 0.126743 0.721396 0.024697 0.020684
3 0.122217 0.542227 0.043965 0.044961
3 0.423203 0.659551 0.047266 0.044961
1 0.976074 0.482808 0.021934 0.043877
1 0.810142 0.793755 0.044951 0.024854
1 0.559185 0.483618 0.024326 0.039658
0 0.806196 0.556724 0.022256 0.036318
0 0.807134 0.628174 0.020850 0.035840
0 0.186787 0.114316 0.039551 0.024316
3 0.523530 0.871724 0.046162 0.046045
3 0.684224 0.122822 0.038369 0.046055
21 0.538682 0.983472 0.033457 0.033057
6 0.582686 0.134121 0.026582 0.019941
34 0.423643 0.617881 0.058711 0.043477
3 0.814932 0.871533 0.041230 0.044238
33 0.254756 0.324736 0.039785 0.058066
33 0.079038 0.365601 0.047314 0.070967
33 0.187104 0.323662 0.046240 0.060215
33 0.149468 0.608608 0.063447 0.047314
33 0.251621 0.613447 0.041934 0.056992
33 0.327427 0.615059 0.045166 0.055918
33 0.312373 0.930117 0.066660 0.038711
33 0.314355 0.985068 0.067012 0.029863
34 0.185430 0.082988 0.062734 0.043926
34 0.351265 0.100688 0.045713 0.022861
34 0.536582 0.120410 0.041680 0.026445
34 0.627563 0.119512 0.039893 0.024648
34 0.687393 0.081196 0.061855 0.038545
34 0.946777 0.131836 0.106445 0.050195
34 0.938936 0.312676 0.122129 0.072148
34 0.848516 0.556504 0.065879 0.041719
34 0.848735 0.629331 0.060049 0.043877
34 0.791816 0.591484 0.023301 0.030020
34 0.915063 0.748076 0.112041 0.060059
34 0.807954 0.759976 0.063643 0.042529
34 0.728398 0.733286 0.067676 0.043018
34 0.817813 0.828750 0.065430 0.043926
34 0.702407 0.660479 0.042568 0.021113
34 0.551372 0.614321 0.097256 0.045225
34 0.632944 0.691831 0.037197 0.021963
34 0.755068 0.926475 0.065430 0.045762
34 0.632720 0.916367 0.061846 0.043477
34 0.569521 0.916367 0.060059 0.040781
34 0.489971 0.951572 0.064980 0.041191
33 0.487061 0.986084 0.043926 0.027832
34 0.524932 0.827852 0.064980 0.043926
34 0.394961 0.922886 0.090078 0.043877
34 0.397871 0.981846 0.086055 0.036309
34 0.123140 0.678833 0.039443 0.027334
34 0.113506 0.748325 0.022852 0.032764
34 0.079219 0.790898 0.065430 0.041641
34 0.081460 0.840649 0.064541 0.042529
34 0.016255 0.748999 0.022861 0.031416
34 0.083926 0.606450 0.065879 0.045713
34 0.252217 0.561880 0.066328 0.043428
34 0.328184 0.562778 0.065879 0.039834
