34 0.334580 0.033584 0.031211 0.021230
0 0.137793 0.059834 0.042617 0.028047
0 0.405669 0.060459 0.054326 0.034316
6 0.869292 0.130312 0.017139 0.015469
0 0.748042 0.058848 0.058740 0.031328
0 0.192124 0.779189 0.042627 0.028418
6 0.108330 0.843853 0.019551 0.019170
6 0.309131 0.060645 0.015879 0.018809
34 0.029521 0.052456 0.059043 0.102412
34 0.094609 0.787729 0.021230 0.034365
34 0.050259 0.607192 0.070811 0.035791
34 0.296030 0.021274 0.019424 0.033779
34 0.221157 0.087358 0.116338 0.100439
34 0.855527 0.069233 0.020371 0.034287
34 0.080386 0.029170 0.022979 0.035547
34 0.288369 0.680439 0.117480 0.103516
34 0.010322 0.671162 0.020645 0.021836
34 0.133911 0.787876 0.020986 0.034658
34 0.952896 0.057451 0.094209 0.100996
34 0.094321 0.889170 0.021865 0.036641
34 0.818613 0.070703 0.020391 0.034238
34 0.742959 0.127568 0.117617 0.100078
34 0.405664 0.128022 0.123457 0.098564
34 0.852397 0.239321 0.022803 0.035283
34 0.891123 0.070308 0.021797 0.033877
34 0.295288 0.239868 0.021826 0.034150
34 0.691743 0.029658 0.024561 0.036660
33 0.052983 0.655254 0.036904 0.056094
34 0.480708 0.259517 0.040088 0.021768
34 0.050254 0.234697 0.021074 0.035000
34 0.657969 0.239160 0.023652 0.036055
