34 0.052357 0.354551 0.104714 0.049043
11 0.615177 0.877852 0.124394 0.072695
3 0.418249 0.817583 0.100707 0.051357
34 0.211953 0.279424 0.082155 0.028906
3 0.418039 0.676890 0.101869 0.052061
34 0.209840 0.378423 0.124360 0.048408
0 0.205160 0.678975 0.048131 0.048164
34 0.504234 0.860913 0.079815 0.027705
34 0.300564 0.679209 0.122340 0.048223
0 0.026667 0.679194 0.046195 0.048584
0 0.207525 0.416182 0.088384 0.028398
34 0.306178 0.809497 0.123670 0.047295
34 0.037652 0.258418 0.075303 0.047109
34 0.116650 0.678608 0.123670 0.046299
34 0.762247 0.863169 0.147290 0.074873
14 0.043754 0.417212 0.087508 0.069893
