34 0.440537 0.710835 0.034512 0.030479
34 0.808354 0.045337 0.179268 0.061396
34 0.671890 0.007769 0.086494 0.015537
34 0.462393 0.422227 0.189414 0.057324
34 0.392866 0.500083 0.119307 0.061201
34 0.020698 0.722710 0.041396 0.060498
34 0.939253 0.867212 0.111826 0.063447
34 0.625591 0.862539 0.114287 0.064980
34 0.696851 0.761250 0.027334 0.041680
34 0.753770 0.709937 0.036309 0.034951
34 0.925688 0.723384 0.112041 0.062744
34 0.902339 0.563384 0.195322 0.093213
34 0.751123 0.524844 0.116973 0.060059
34 0.151621 0.419897 0.196777 0.074189
34 0.077964 0.502158 0.118271 0.064512
34 0.062910 0.072051 0.025801 0.045156
34 0.044805 0.025933 0.034062 0.036299
5 0.080879 0.025259 0.038086 0.029580
34 0.423374 0.072227 0.031377 0.040781
34 0.571274 0.062598 0.030479 0.042129
34 0.031455 0.863887 0.062910 0.057813
34 0.613286 0.722261 0.115674 0.064092
34 0.301831 0.720693 0.113838 0.058262
34 0.303398 0.781421 0.041680 0.027334
34 0.127671 0.712402 0.038096 0.028242
34 0.071870 0.762373 0.030479 0.040332
5 0.088140 0.714990 0.041514 0.031367
5 0.713145 0.710835 0.040586 0.034131
5 0.439619 0.024951 0.052578 0.044277
5 0.402256 0.711758 0.040586 0.028594
34 0.383394 0.763271 0.030479 0.043926
34 0.315903 0.864780 0.111592 0.060498
34 0.480967 0.025845 0.035410 0.030479
