34 0.778086 0.009263 0.109551 0.018525
34 0.219746 0.215083 0.040859 0.070654
34 0.990796 0.269326 0.018408 0.066172
34 0.135708 0.945200 0.083662 0.042432
34 0.978823 0.008853 0.042354 0.017646
34 0.959399 0.765322 0.081201 0.066348
34 0.588911 0.270078 0.105869 0.065723
34 0.808726 0.269541 0.107119 0.067578
34 0.372954 0.269795 0.104521 0.068105
34 0.531289 0.059702 0.104707 0.063076
34 0.746123 0.059697 0.108320 0.063164
34 0.956904 0.059673 0.086172 0.063369
34 0.169976 0.343921 0.110732 0.065654
13 0.525513 0.129917 0.051045 0.069600
13 0.961704 0.129917 0.041768 0.069600
13 0.187695 0.032290 0.052031 0.064580
0 0.662236 0.269619 0.033633 0.057402
21 0.135718 0.067275 0.034795 0.044082
21 0.792915 0.165581 0.033076 0.038232
13 0.739521 0.128057 0.049063 0.068750
0 0.012397 0.343174 0.024795 0.056133
0 0.445605 0.269565 0.033906 0.058760
21 0.577666 0.165410 0.031738 0.037812
0 0.243320 0.343057 0.031094 0.056836
0 0.881992 0.269575 0.034473 0.057900
34 0.557295 0.009429 0.115195 0.018857
34 0.340874 0.010474 0.121123 0.020947
34 0.594199 0.991646 0.108516 0.016709
