35 0.517544 0.312847 0.042275 0.103732
0 0.996060 0.186753 0.007881 0.035896
0 0.623296 0.221635 0.023076 0.046065
0 0.707183 0.370428 0.021436 0.046584
0 0.517778 0.200496 0.022822 0.045682
0 0.293081 0.080586 0.022080 0.044961
3 0.402983 0.213354 0.044873 0.050699
0 0.756763 0.309628 0.045244 0.029380
3 0.952905 0.203625 0.044189 0.049865
34 0.626265 0.408670 0.123174 0.046313
34 0.609736 0.160169 0.022227 0.035558
34 0.410410 0.401127 0.084355 0.046381
34 0.936191 0.408399 0.127441 0.071499
34 0.343403 0.078641 0.070459 0.047610
34 0.948477 0.152215 0.020859 0.038365
33 0.569341 0.088811 0.038389 0.063439
34 0.895410 0.206736 0.068184 0.047046
35 0.267568 0.383078 0.086836 0.046246
34 0.397329 0.159278 0.022236 0.033890
35 0.850249 0.310062 0.090654 0.046167
34 0.505552 0.152407 0.020635 0.031533
34 0.861763 0.265722 0.114424 0.048534
34 0.757432 0.267520 0.074414 0.048658
34 0.574365 0.219340 0.070312 0.046189
34 0.184399 0.364566 0.041318 0.026336
34 0.511538 0.073579 0.071006 0.055118
35 0.961733 0.324904 0.040049 0.106246
34 0.535352 0.435451 0.035391 0.027272
34 0.344146 0.216048 0.067588 0.044949
35 0.624580 0.333360 0.042422 0.106742
34 0.756924 0.369340 0.072207 0.050924
34 0.049531 0.488275 0.042402 0.028478
34 0.470020 0.198495 0.071484 0.044904
34 0.268555 0.337847 0.156680 0.048388
35 0.411431 0.326612 0.041006 0.104543
34 0.230532 0.550772 0.120068 0.110947
34 0.133477 0.315930 0.022852 0.048523
19 0.149312 0.531065 0.053799 0.228061
6 0.293325 0.033828 0.014775 0.014713
17 0.147461 0.126888 0.230059 0.253777
21 0.707461 0.423619 0.027930 0.037362
