34 0.034600 0.600215 0.069199 0.046035
3 0.708560 0.537432 0.055869 0.054844
34 0.063301 0.517559 0.122793 0.030605
0 0.154189 0.499976 0.053281 0.028467
35 0.063911 0.548896 0.091377 0.035879
35 0.466436 0.549956 0.087598 0.036533
34 0.468560 0.517173 0.120693 0.031396
34 0.444717 0.600005 0.076914 0.045557
35 0.815283 0.722480 0.036992 0.081895
34 0.803706 0.618105 0.018096 0.032207
34 0.239707 0.486035 0.038945 0.027109
34 0.791782 0.535337 0.035127 0.019951
34 0.600742 0.513862 0.077500 0.045400
34 0.152993 0.600313 0.084775 0.044023
35 0.292358 0.700425 0.038369 0.083721
34 0.819771 0.787529 0.131436 0.046934
34 0.708838 0.486968 0.077578 0.044346
0 0.031523 0.631313 0.038906 0.019756
0 0.380483 0.500522 0.053506 0.028369
34 0.381631 0.464468 0.085508 0.044385
0 0.815767 0.584043 0.020498 0.036797
34 0.547100 0.599238 0.075488 0.043711
0 0.815640 0.653413 0.021826 0.038975
21 0.299731 0.546528 0.034756 0.037275
34 0.767695 0.585176 0.073770 0.045645
34 0.152964 0.463916 0.084775 0.044785
2 0.601187 0.551025 0.048604 0.030000
34 0.762720 0.655581 0.076514 0.046045
0 0.150718 0.630952 0.036709 0.019346
34 0.352393 0.614800 0.045957 0.027920
0 0.447632 0.631035 0.039072 0.019473
0 0.958271 0.595039 0.028027 0.052012
0 0.546670 0.630996 0.037031 0.020000
34 0.292598 0.765820 0.133691 0.048613
34 0.904644 0.592397 0.076162 0.044678
