6 0.773125 0.866675 0.029023 0.032256
32 0.340869 0.055386 0.056992 0.052686
32 0.512373 0.056997 0.060215 0.047314
32 0.975542 0.056460 0.048916 0.050537
34 0.323364 0.221577 0.029893 0.057041
34 0.430850 0.350996 0.060410 0.030859
34 0.930825 0.849565 0.058115 0.030010
34 0.430747 0.012109 0.072939 0.024219
34 0.758555 0.038096 0.032773 0.046816
33 0.370581 0.011250 0.046025 0.022500
34 0.958442 0.224424 0.033154 0.058066
34 0.553594 0.009214 0.033145 0.018291
34 0.820293 0.752651 0.057168 0.032764
34 0.053213 0.083208 0.057832 0.033408
34 0.745137 0.284946 0.091074 0.045225
34 0.238569 0.514395 0.058018 0.033301
34 0.490942 0.221206 0.029541 0.056709
34 0.042080 0.289404 0.083066 0.043555
33 0.037256 0.340972 0.043965 0.055674
33 0.743110 0.338359 0.043721 0.059863
