0 0.733706 0.885376 0.022197 0.040322
34 0.357231 0.916211 0.075225 0.045996
34 0.355640 0.940479 0.075654 0.094902
34 0.563794 0.420547 0.036709 0.016055
34 0.775415 0.762964 0.034951 0.016689
34 0.850923 0.600405 0.028486 0.016768
34 0.619302 0.737939 0.046025 0.021816
34 0.685054 0.713901 0.034072 0.017666
34 0.808594 0.660249 0.029863 0.015830
34 0.540068 0.483984 0.069082 0.044902
34 0.734258 0.696084 0.055391 0.044121
34 0.686045 0.883735 0.074531 0.046807
34 0.792988 0.627227 0.074414 0.045039
34 0.746738 0.419429 0.058457 0.044658
34 0.805532 0.939756 0.030264 0.017676
34 0.660361 0.655894 0.119355 0.042002
34 0.785957 0.556973 0.072500 0.044980
34 0.699990 0.532690 0.071191 0.044229
34 0.854292 0.872988 0.031787 0.017363
34 0.539751 0.530679 0.069600 0.044385
34 0.652861 0.467251 0.034805 0.016709
34 0.781943 0.829424 0.076777 0.045781
34 0.831187 0.748335 0.053154 0.037021
34 0.902212 0.416196 0.071826 0.044189
34 0.813794 0.435806 0.036143 0.016865
34 0.833755 0.473052 0.054756 0.040576
6 0.948579 0.387656 0.017979 0.012891
0 0.581006 0.488979 0.013437 0.027822
0 0.830923 0.829736 0.024072 0.040332
0 0.655244 0.536577 0.018086 0.028936
0 0.744937 0.625366 0.023154 0.042314
0 0.830293 0.556826 0.023145 0.041230
0 0.947480 0.416133 0.014473 0.028203
21 0.583315 0.561226 0.026104 0.026104
0 0.405605 0.916338 0.020977 0.032187
0 0.580850 0.525864 0.015625 0.027197
0 0.405425 0.961548 0.020615 0.034365
