34 0.402007 0.071538 0.052627 0.028545
33 0.561836 0.429575 0.043008 0.067744
33 0.237100 0.367749 0.038711 0.062373
18 0.753770 0.464526 0.065586 0.030107
33 0.978765 0.429575 0.042471 0.063447
0 0.029424 0.336694 0.056914 0.033486
0 0.242812 0.809902 0.057617 0.031543
0 0.560405 0.620601 0.022236 0.035986
0 0.715352 0.739790 0.033438 0.057627
0 0.975986 0.617822 0.021836 0.036074
0 0.449106 0.844453 0.022197 0.037402
0 0.880029 0.698076 0.021191 0.036055
0 0.490137 0.190508 0.032500 0.058340
0 0.267773 0.428267 0.036328 0.022314
15 0.296826 0.554443 0.056289 0.056406
0 0.267813 0.297070 0.036230 0.021367
0 0.395225 0.422280 0.020605 0.034990
3 0.700425 0.192544 0.071670 0.065537
0 0.029175 0.726221 0.056104 0.029883
0 0.820610 0.643105 0.059346 0.031563
0 0.691460 0.441802 0.020186 0.036494
6 0.690820 0.388618 0.019727 0.025518
0 0.274600 0.207437 0.037715 0.027568
2 0.234463 0.681055 0.061895 0.033848
21 0.396016 0.469551 0.031348 0.037656
21 0.880786 0.741997 0.033018 0.034268
22 0.298130 0.363096 0.085850 0.081211
0 0.639556 0.328877 0.037627 0.022129
0 0.660513 0.776118 0.020908 0.036084
34 0.476470 0.264482 0.023350 0.050469
34 0.037695 0.295864 0.075391 0.049990
34 0.082642 0.196187 0.027178 0.061143
34 0.823438 0.606064 0.099180 0.048320
34 0.235693 0.641479 0.096289 0.049268
34 0.253013 0.263276 0.078721 0.046670
34 0.616475 0.619595 0.088164 0.050439
34 0.421172 0.190376 0.099551 0.053291
34 0.818818 0.794863 0.048594 0.022734
34 0.442305 0.401924 0.086934 0.051426
34 0.036172 0.687139 0.072344 0.049551
34 0.607407 0.775610 0.087139 0.049170
34 0.221167 0.551455 0.093291 0.050469
34 0.655225 0.692373 0.090137 0.049687
34 0.642681 0.294561 0.082236 0.049277
34 0.520293 0.428032 0.052051 0.102217
34 0.822139 0.699341 0.097480 0.049150
34 0.839468 0.523618 0.118076 0.089482
34 0.391826 0.315308 0.115898 0.091006
34 0.776582 0.750522 0.093262 0.048916
34 0.242319 0.770288 0.099658 0.049951
34 0.154175 0.462261 0.026338 0.050596
34 0.255630 0.461885 0.078701 0.049258
34 0.252651 0.163647 0.085166 0.047881
34 0.509243 0.847710 0.097686 0.050166
34 0.659165 0.443677 0.053135 0.102197
34 0.936841 0.429150 0.052139 0.094980
34 0.702227 0.264512 0.022852 0.050313
34 0.615498 0.191611 0.098711 0.052676
34 0.474175 0.615298 0.026943 0.076396
34 0.196772 0.365469 0.050146 0.098730
34 0.990806 0.775728 0.018389 0.050381
34 0.195757 0.207905 0.047939 0.089873
33 0.660967 0.736152 0.040332 0.041465
33 0.238027 0.208667 0.038027 0.038721
