34 0.745464 0.924629 0.114658 0.060723
34 0.419268 0.038706 0.135762 0.077236
22 0.297847 0.075981 0.074854 0.073682
34 0.600581 0.198696 0.209756 0.070322
34 0.720400 0.368770 0.211836 0.071641
34 0.563633 0.819512 0.040781 0.069375
34 0.717588 0.700542 0.041211 0.060186
35 0.066724 0.269082 0.056279 0.122695
34 0.747271 0.856221 0.114697 0.065059
34 0.055034 0.677129 0.040381 0.058203
34 0.274927 0.279292 0.040850 0.089365
34 0.162026 0.152930 0.042627 0.091953
34 0.718428 0.485308 0.211914 0.070459
3 0.883208 0.614219 0.076924 0.074609
6 0.378896 0.267988 0.020820 0.020996
0 0.379131 0.316646 0.019531 0.033994
0 0.356387 0.435205 0.018926 0.033945
0 0.678677 0.922383 0.018643 0.033633
0 0.678770 0.860391 0.019238 0.034180
6 0.679346 0.811577 0.020000 0.020498
6 0.356597 0.386533 0.019521 0.019102
35 0.551968 0.364624 0.120420 0.054502
34 0.422627 0.431626 0.110352 0.062705
35 0.096929 0.444038 0.116650 0.051045
35 0.549858 0.482354 0.126533 0.055820
35 0.435806 0.195435 0.116416 0.053857
34 0.882124 0.545542 0.118525 0.062334
34 0.445532 0.314600 0.110400 0.065879
34 0.074160 0.531426 0.129004 0.093672
34 0.861113 0.983701 0.114336 0.032598
34 0.630811 0.951460 0.059902 0.038604
34 0.087485 0.371953 0.174971 0.091094
34 0.961216 0.971919 0.077295 0.056162
34 0.420947 0.677866 0.041328 0.059561
6 0.586372 0.678984 0.031104 0.027832
6 0.653091 0.629634 0.027158 0.032100
