33 0.376416 0.761528 0.058965 0.042158
34 0.321367 0.591582 0.083633 0.051074
34 0.958335 0.354849 0.083330 0.032256
34 0.856997 0.352695 0.110752 0.034414
32 0.981992 0.909146 0.036016 0.048389
32 0.841401 0.910762 0.047314 0.045156
32 0.339258 0.911831 0.060215 0.051611
34 0.388257 0.718145 0.076260 0.041934
33 0.300483 0.534150 0.073467 0.044141
33 0.959961 0.708535 0.049746 0.044902
0 0.265962 0.592046 0.029541 0.052549
0 0.836362 0.206450 0.027861 0.047783
34 0.417988 0.642500 0.029316 0.045195
25 0.586797 0.358164 0.267305 0.260605
34 0.751313 0.632627 0.030303 0.045781
34 0.254038 0.777124 0.030693 0.047041
0 0.989409 0.205703 0.021162 0.046445
34 0.341929 0.354341 0.104463 0.029248
33 0.866318 0.797793 0.049336 0.044902
34 0.591323 0.354209 0.111084 0.035488
0 0.361118 0.207344 0.028330 0.050000
34 0.930806 0.797490 0.074033 0.045977
34 0.386011 0.536011 0.071924 0.042627
34 0.895264 0.711304 0.072656 0.046592
