0 0.566235 0.371816 0.030713 0.056992
34 0.325576 0.695430 0.110625 0.064570
34 0.918276 0.944219 0.106885 0.065039
33 0.526948 0.553232 0.073564 0.044453
34 0.435308 0.161631 0.109717 0.067910
34 0.702256 0.711162 0.107969 0.064863
33 0.527275 0.892529 0.073457 0.045645
34 0.494668 0.374106 0.109043 0.067686
34 0.434131 0.894453 0.105059 0.064336
34 0.715225 0.165376 0.107949 0.068311
34 0.457046 0.774995 0.123369 0.105244
21 0.838950 0.671416 0.030615 0.036504
1 0.357026 0.302607 0.060127 0.033418
4 0.767026 0.942349 0.084639 0.084600
0 0.839077 0.441470 0.026670 0.046592
13 0.332412 0.765737 0.053789 0.074795
0 0.838931 0.622441 0.026475 0.046914
0 0.786079 0.163354 0.031709 0.055908
1 0.566748 0.069722 0.032168 0.057412
15 0.566714 0.476860 0.066885 0.063975
17 0.783628 0.537690 0.098604 0.098604
13 0.959526 0.780293 0.047158 0.072832
17 0.565532 0.786528 0.093975 0.092803
17 0.563794 0.665298 0.092803 0.100928
6 0.839126 0.399307 0.022568 0.021191
21 0.906450 0.817671 0.033369 0.036982
21 0.655015 0.817368 0.032100 0.035693
13 0.264097 0.906372 0.056240 0.074150
0 0.135396 0.302764 0.058740 0.032012
13 0.709121 0.780190 0.049883 0.072510
34 0.456753 0.653257 0.123545 0.105361
34 0.676997 0.527969 0.123193 0.106914
34 0.073945 0.029941 0.147891 0.059883
34 0.929424 0.527378 0.124863 0.104932
34 0.037939 0.867886 0.075879 0.068584
34 0.038096 0.754404 0.076191 0.069141
34 0.475435 0.473032 0.105791 0.065361
34 0.956406 0.165156 0.087187 0.069336
34 0.356694 0.254043 0.111338 0.064141
34 0.481309 0.971880 0.112695 0.056240
34 0.667666 0.944253 0.106270 0.065166
34 0.906807 0.620044 0.104844 0.064307
34 0.906938 0.437568 0.104463 0.063145
34 0.949585 0.711489 0.100830 0.065107
34 0.491143 0.069229 0.112422 0.065117
34 0.134502 0.253257 0.112695 0.063740
35 0.034717 0.127939 0.062227 0.145332
34 0.433828 0.555249 0.106016 0.064639
33 0.527412 0.160728 0.072285 0.044697
34 0.257437 0.837261 0.110068 0.065771
