0 0.621909 0.952485 0.024443 0.038643
6 0.698574 0.625029 0.023320 0.020176
0 0.046177 0.626123 0.039365 0.024434
33 0.382085 0.814219 0.059092 0.044961
34 0.252212 0.054683 0.097412 0.056943
34 0.305283 0.558965 0.033848 0.050938
34 0.225977 0.419390 0.104746 0.058564
34 0.530347 0.575029 0.159053 0.127832
33 0.673628 0.763755 0.060361 0.045107
34 0.727417 0.053516 0.105166 0.058301
34 0.296563 0.807915 0.108047 0.061670
34 0.757021 0.843247 0.097461 0.056611
33 0.673945 0.843496 0.060430 0.043945
34 0.377529 0.951816 0.096504 0.058633
34 0.187729 0.980161 0.109814 0.039639
34 0.761797 0.677510 0.098047 0.059336
34 0.599932 0.123252 0.059336 0.033906
34 0.381021 0.124956 0.057705 0.032900
34 0.123242 0.559443 0.032344 0.049785
34 0.049561 0.584893 0.099121 0.057129
33 0.275049 0.984292 0.060801 0.031416
34 0.965391 0.943359 0.033359 0.059180
34 0.683936 0.950088 0.095664 0.058125
34 0.013887 0.088550 0.027773 0.058955
0 0.698955 0.679316 0.023086 0.038613
6 0.864854 0.146172 0.042949 0.037148
0 0.439316 0.952856 0.023184 0.039150
4 0.255405 0.123887 0.072314 0.078848
3 0.729023 0.123618 0.071973 0.078838
34 0.757480 0.764009 0.097852 0.058369
15 0.224360 0.488281 0.072666 0.075176
