34 0.661904 0.431992 0.056992 0.024590
34 0.241895 0.526680 0.055996 0.024141
34 0.993315 0.100752 0.013369 0.054473
34 0.727681 0.097866 0.029521 0.049775
3 0.932954 0.434775 0.050186 0.049258
34 0.991211 0.667417 0.017578 0.044639
0 0.798364 0.259780 0.028076 0.050186
34 0.781147 0.035620 0.028389 0.050146
33 0.963096 0.063608 0.073242 0.045127
1 0.576431 0.375381 0.025850 0.050723
1 0.743291 0.376973 0.025625 0.051758
34 0.528423 0.374438 0.074385 0.045107
34 0.933813 0.484170 0.070615 0.041699
34 0.931943 0.387715 0.070020 0.041914
34 0.894478 0.061519 0.067490 0.045771
34 0.776484 0.651689 0.071562 0.044707
34 0.692930 0.263892 0.073672 0.043682
0 0.576294 0.260537 0.026533 0.051074
3 0.934136 0.529443 0.050596 0.048750
34 0.940991 0.667246 0.070752 0.044453
6 0.288608 0.966025 0.022412 0.024199
6 0.289502 0.934204 0.024199 0.023311
6 0.215552 0.963335 0.020615 0.024209
6 0.101719 0.866753 0.026895 0.024658
6 0.099927 0.821484 0.022412 0.024648
0 0.940645 0.696318 0.033945 0.017402
33 0.958140 0.138862 0.064326 0.044854
0 0.743613 0.262920 0.027793 0.050996
34 0.036416 0.351782 0.072715 0.048408
21 0.897319 0.712373 0.027959 0.033340
0 0.705811 0.651714 0.027363 0.051318
34 0.890117 0.138267 0.069590 0.045908
34 0.656328 0.653228 0.072480 0.046611
34 0.526563 0.261426 0.073672 0.046328
34 0.695435 0.377769 0.072119 0.045381
0 0.824116 0.652520 0.026631 0.051406
34 0.848115 0.260542 0.073965 0.047490
