34 0.649351 0.403770 0.088584 0.050195
34 0.883198 0.686973 0.085283 0.049063
34 0.593101 0.890898 0.084072 0.048457
33 0.597319 0.168286 0.075264 0.044092
33 0.594629 0.934951 0.078496 0.041934
33 0.594629 0.543018 0.080645 0.045156
34 0.306753 0.688447 0.085869 0.048008
34 0.390894 0.317271 0.050889 0.025596
34 0.514150 0.278218 0.113164 0.086045
34 0.783364 0.711387 0.055674 0.023398
34 0.780815 0.319487 0.056709 0.024658
34 0.515000 0.669580 0.109687 0.087695
34 0.935786 0.196104 0.027666 0.061582
0 0.591875 0.262227 0.021719 0.034883
0 0.057798 0.196709 0.021104 0.037109
0 0.714292 0.603130 0.020537 0.036514
0 0.025996 0.855010 0.020879 0.035977
0 0.159702 0.197012 0.022822 0.036934
0 0.714189 0.227959 0.020352 0.036523
0 0.450762 0.227852 0.021172 0.037285
0 0.714292 0.986299 0.020400 0.027129
0 0.450098 0.986099 0.021992 0.027627
0 0.882759 0.336797 0.057529 0.033652
21 0.592275 0.445493 0.032344 0.036416
0 0.450713 0.602910 0.021406 0.037734
21 0.592056 0.836577 0.032393 0.035986
0 0.592515 0.791890 0.020850 0.035830
0 0.592583 0.400625 0.021123 0.036484
0 0.592490 0.652969 0.020801 0.036875
22 0.590479 0.723887 0.078887 0.076563
22 0.592793 0.338735 0.076562 0.083525
6 0.592036 0.229775 0.018369 0.012090
21 0.028413 0.900220 0.045244 0.037119
33 0.160747 0.153560 0.041143 0.042119
34 0.083608 0.857056 0.088662 0.052119
34 0.216997 0.198188 0.087979 0.050107
34 0.768745 0.982705 0.081846 0.034414
34 0.020435 0.197749 0.040869 0.050381
34 0.596289 0.500376 0.084453 0.047764
34 0.769463 0.229063 0.088359 0.050254
34 0.646519 0.791743 0.083838 0.049248
34 0.393535 0.981953 0.081953 0.035820
33 0.058286 0.152202 0.040713 0.041807
34 0.768960 0.603828 0.084932 0.050859
34 0.592368 0.121772 0.089990 0.050947
34 0.057847 0.107568 0.088506 0.048926
0 0.882344 0.726382 0.055488 0.030049
0 0.305786 0.336519 0.057959 0.033760
0 0.305332 0.726807 0.055293 0.029180
6 0.590972 0.620684 0.020479 0.014629
34 0.393643 0.226885 0.088086 0.051367
34 0.647295 0.261304 0.087812 0.049502
34 0.647881 0.652031 0.089902 0.051250
33 0.014932 0.272988 0.029863 0.040781
33 0.015283 0.342261 0.030566 0.043115
34 0.883623 0.295688 0.090859 0.049170
34 0.393955 0.602236 0.084863 0.050566
34 0.074902 0.337158 0.087285 0.051113
34 0.159331 0.107710 0.088799 0.049521
34 0.397222 0.712153 0.056318 0.022588
34 0.194370 0.482935 0.026982 0.061123
34 0.306294 0.294126 0.090752 0.049854
34 0.074619 0.271069 0.086973 0.050186
