34 0.943638 0.870737 0.061592 0.040283
33 0.663042 0.983677 0.066592 0.032646
33 0.660645 0.945151 0.069004 0.034795
33 0.098159 0.954756 0.045596 0.068398
33 0.859146 0.634414 0.067744 0.055918
33 0.742480 0.352158 0.047305 0.054844
33 0.677954 0.352695 0.043018 0.058066
33 0.616675 0.391943 0.047314 0.067734
35 0.804849 0.427964 0.092471 0.034404
35 0.933340 0.422051 0.041934 0.072051
35 0.502695 0.639790 0.034414 0.083877
35 0.519897 0.324736 0.088174 0.036562
33 0.752158 0.665332 0.047305 0.056445
33 0.693521 0.663623 0.041865 0.055566
33 0.038906 0.980806 0.041055 0.038389
34 0.036582 0.940112 0.064297 0.040674
34 0.093721 0.897505 0.064688 0.042998
34 0.199077 0.967637 0.100322 0.064727
33 0.491021 0.987466 0.043389 0.025068
33 0.387212 0.975073 0.046475 0.049854
34 0.390313 0.930391 0.069727 0.037969
34 0.488501 0.951504 0.067783 0.043770
34 0.584565 0.981655 0.086377 0.036689
34 0.580498 0.942979 0.089863 0.042988
34 0.651187 0.836460 0.066240 0.042217
34 0.648677 0.786118 0.065850 0.045342
34 0.678501 0.746592 0.024014 0.030605
34 0.773398 0.748140 0.022461 0.036025
34 0.742217 0.789780 0.067012 0.042607
34 0.740283 0.839751 0.069336 0.044150
34 0.805547 0.869771 0.023242 0.047646
34 0.967266 0.921479 0.065469 0.097607
34 0.955044 0.809927 0.022510 0.029443
34 0.989541 0.780488 0.020918 0.041836
34 0.990122 0.735942 0.019756 0.043389
34 0.924658 0.632129 0.063906 0.043379
34 0.753452 0.614893 0.056943 0.039121
34 0.691284 0.614312 0.063525 0.037959
34 0.493149 0.704375 0.096455 0.048418
34 0.324458 0.737686 0.024014 0.044551
34 0.286460 0.350142 0.024014 0.029443
34 0.256074 0.429746 0.063105 0.041445
34 0.255688 0.388101 0.063096 0.041064
34 0.456934 0.521362 0.065078 0.043408
34 0.542344 0.550981 0.043770 0.025947
34 0.627173 0.508760 0.070889 0.044551
34 0.937246 0.474868 0.119297 0.032529
34 0.899092 0.281191 0.057715 0.041836
34 0.923496 0.323027 0.025957 0.037969
34 0.897520 0.361377 0.057754 0.043379
34 0.807681 0.389072 0.109619 0.044551
34 0.743569 0.301528 0.061201 0.042998
34 0.673267 0.302886 0.061592 0.042607
34 0.612646 0.336196 0.060430 0.039502
34 0.568877 0.412695 0.046484 0.025176
34 0.503613 0.376094 0.064688 0.043379
34 0.534600 0.286807 0.124336 0.046094
34 0.441440 0.267056 0.061982 0.037568
0 0.936631 0.281260 0.023281 0.036445
0 0.935820 0.362144 0.021660 0.038271
0 0.786860 0.788760 0.021416 0.033066
0 0.786992 0.839307 0.021680 0.036055
0 0.691035 0.835649 0.020059 0.034697
0 0.788486 0.692261 0.025215 0.014092
6 0.969829 0.706440 0.017686 0.015381
6 0.299482 0.325786 0.016152 0.019229
6 0.340518 0.519917 0.021250 0.020107
0 0.674849 0.400229 0.017646 0.026318
3 0.627700 0.557031 0.039580 0.043867
0 0.502148 0.520298 0.025332 0.036182
3 0.439102 0.313608 0.035195 0.048252
3 0.889209 0.870625 0.049453 0.046055
6 0.820254 0.828301 0.022598 0.022598
0 0.301157 0.385381 0.022725 0.037480
0 0.300337 0.428838 0.020615 0.033496
6 0.785527 0.719961 0.024922 0.023262
0 0.968833 0.736816 0.023213 0.033242
0 0.969932 0.780249 0.021641 0.035439
0 0.690767 0.785098 0.018975 0.036055
6 0.691152 0.718301 0.020938 0.019941
