0 0.793242 0.009048 0.021914 0.017861
34 0.733999 0.014390 0.084951 0.028779
33 0.017114 0.055977 0.034189 0.043320
35 0.117681 0.386650 0.039775 0.092227
33 0.910264 0.115991 0.042598 0.060303
34 0.755195 0.294614 0.031230 0.058037
34 0.673999 0.697607 0.088486 0.052734
34 0.119209 0.462363 0.236816 0.061211
33 0.296982 0.039795 0.063418 0.044902
34 0.235488 0.244009 0.091582 0.053271
33 0.515864 0.117544 0.042959 0.061475
34 0.929834 0.698481 0.087988 0.055439
33 0.349126 0.542729 0.066436 0.044893
34 0.702759 0.358633 0.093154 0.055020
33 0.605508 0.117559 0.043770 0.061152
34 0.602778 0.480728 0.062607 0.032021
34 0.904731 0.058804 0.092705 0.054268
34 0.285435 0.860400 0.088604 0.056094
34 0.787954 0.761353 0.061963 0.030107
34 0.859004 0.130972 0.061973 0.028916
34 0.500127 0.819766 0.084980 0.053066
34 0.365112 0.406660 0.033291 0.065879
34 0.235337 0.304556 0.091221 0.054111
34 0.322314 0.952515 0.087578 0.055576
35 0.176792 0.386836 0.041182 0.094316
34 0.605776 0.060483 0.092666 0.052725
34 0.268096 0.542241 0.088340 0.053174
34 0.701626 0.240142 0.092881 0.052393
34 0.705996 0.070845 0.094023 0.050576
34 0.058301 0.244106 0.089551 0.051982
34 0.058091 0.305054 0.090244 0.054756
34 0.509331 0.061309 0.093135 0.051816
34 0.370654 0.036553 0.090371 0.055156
0 0.643398 0.360547 0.021934 0.038340
0 0.176187 0.246362 0.022295 0.038857
1 0.384365 0.954287 0.033125 0.058867
6 0.208926 0.993257 0.019785 0.013486
1 0.643291 0.240352 0.023340 0.038945
0 0.559492 0.822046 0.023926 0.039307
4 0.932617 0.763374 0.076113 0.075088
3 0.706221 0.133364 0.074434 0.071318
3 0.677002 0.762061 0.075020 0.072871
0 0.117236 0.307725 0.022480 0.038594
21 0.559780 0.871255 0.033271 0.041045
0 0.176216 0.307793 0.022041 0.038652
0 0.117329 0.246196 0.023174 0.039209
3 0.371538 0.860752 0.082842 0.072187
