34 0.073022 0.497290 0.118447 0.085283
0 0.164141 0.506367 0.049883 0.093965
0 0.661841 0.504268 0.051631 0.090488
0 0.662080 0.727617 0.051035 0.090430
34 0.897319 0.607534 0.096768 0.053760
34 0.897856 0.688179 0.108604 0.045166
35 0.261895 0.515190 0.062734 0.171611
34 0.065518 0.782974 0.126562 0.087822
34 0.300684 0.400933 0.223770 0.066709
34 0.142178 0.585000 0.036309 0.047832
34 0.425366 0.255229 0.048467 0.037568
35 0.164526 0.778501 0.052686 0.165596
34 0.580469 0.725112 0.118301 0.085869
34 0.241865 0.766118 0.036699 0.057822
34 0.325000 0.209829 0.120156 0.083545
34 0.574619 0.500400 0.119883 0.087598
0 0.326646 0.279497 0.089541 0.048975
