34 0.817959 0.443711 0.092695 0.051816
0 0.420542 0.692163 0.054385 0.031963
11 0.475903 0.897271 0.100107 0.095947
3 0.186719 0.328110 0.062988 0.064346
0 0.476992 0.765469 0.028359 0.052832
0 0.399307 0.285024 0.031289 0.056182
0 0.131763 0.411001 0.020830 0.034814
0 0.322944 0.454927 0.018057 0.031357
0 0.658232 0.748745 0.032109 0.059092
0 0.890034 0.217119 0.030693 0.052246
0 0.659878 0.285454 0.035693 0.060693
0 0.941763 0.944404 0.031885 0.053379
0 0.696284 0.582192 0.019619 0.033662
34 0.980786 0.945254 0.038428 0.049824
34 0.594536 0.748228 0.093037 0.051123
34 0.593174 0.286167 0.093652 0.052803
33 0.741567 0.445640 0.054365 0.042783
34 0.974175 0.781504 0.051650 0.048223
34 0.584097 0.897236 0.099209 0.097383
34 0.725762 0.361523 0.112441 0.089688
33 0.741431 0.503013 0.055127 0.043623
34 0.076309 0.412856 0.081563 0.052451
34 0.185347 0.270010 0.082432 0.048008
34 0.322842 0.602158 0.174824 0.075645
34 0.756104 0.583057 0.099160 0.057910
34 0.343105 0.285029 0.081699 0.049980
34 0.833525 0.219526 0.077695 0.049834
34 0.016953 0.974521 0.033906 0.048691
34 0.168159 0.957124 0.137314 0.075029
34 0.822690 0.503433 0.092979 0.049932
34 0.420156 0.650811 0.079199 0.047461
33 0.060435 0.188809 0.090146 0.060508
35 0.132012 0.481875 0.044414 0.081719
34 0.424214 0.765957 0.076162 0.049395
34 0.271909 0.456064 0.080439 0.048672
34 0.259097 0.326631 0.049150 0.027461
34 0.335366 0.133379 0.171182 0.079551
34 0.771953 0.668486 0.097793 0.078281
34 0.176143 0.690957 0.120840 0.053477
34 0.362495 0.677026 0.037822 0.027275
34 0.371816 0.988755 0.076348 0.022490
35 0.065059 0.342100 0.086367 0.039707
35 0.322891 0.525024 0.044551 0.082061
34 0.133682 0.562202 0.176211 0.075752
35 0.288296 0.692271 0.094736 0.045674
34 0.642969 0.838735 0.027773 0.043076
35 0.696484 0.667373 0.043887 0.084844
34 0.641016 0.200898 0.029570 0.043535
34 0.065776 0.991372 0.037236 0.017256
34 0.923418 0.812651 0.028398 0.038369
34 0.567544 0.995801 0.076455 0.008398
