34 0.925239 0.291064 0.149521 0.059512
34 0.317529 0.187407 0.090098 0.106924
33 0.811250 0.349805 0.058438 0.110742
0 0.057710 0.402485 0.025107 0.048193
21 0.126484 0.206304 0.046191 0.057236
4 0.205801 0.241943 0.094375 0.094375
0 0.319253 0.263433 0.080322 0.043174
21 0.057207 0.506504 0.052207 0.059238
13 0.082808 0.131504 0.045186 0.070273
33 0.413989 0.209746 0.060654 0.097422
34 0.956040 0.540078 0.087900 0.056309
33 0.521514 0.209482 0.060352 0.099063
34 0.123433 0.402075 0.092451 0.112939
34 0.956001 0.136099 0.087959 0.057314
34 0.929780 0.405171 0.140439 0.098447
34 0.726304 0.354512 0.098408 0.110684
34 0.209365 0.134683 0.092031 0.108701
34 0.872090 0.751221 0.062520 0.042793
34 0.073232 0.048071 0.104102 0.095537
34 0.661699 0.189678 0.196973 0.095586
34 0.412085 0.129707 0.104189 0.056191
34 0.521880 0.129639 0.106064 0.056133
35 0.666299 0.261460 0.156758 0.048525
