20 0.845391 0.491245 0.309219 0.360557
20 0.126606 0.488916 0.253213 0.353555
22 0.743877 0.224033 0.050176 0.054844
22 0.672114 0.227534 0.056006 0.052510
6 0.796226 0.271538 0.016318 0.012939
6 0.780464 0.270132 0.016318 0.013506
6 0.029258 0.271406 0.013613 0.015566
34 0.221387 0.789150 0.041152 0.024863
34 0.369321 0.297671 0.024775 0.044541
34 0.457969 0.394951 0.026211 0.038398
34 0.585581 0.454458 0.100830 0.057549
34 0.551196 0.520176 0.107705 0.056211
34 0.981699 0.984355 0.036250 0.030898
34 0.835679 0.295386 0.024561 0.037900
34 0.708203 0.699448 0.098242 0.054189
34 0.068711 0.295264 0.024727 0.037383
34 0.318984 0.388945 0.100820 0.057480
34 0.293472 0.604775 0.043096 0.022266
34 0.523750 0.660098 0.102246 0.055977
34 0.535601 0.907285 0.102920 0.057891
34 0.392749 0.521890 0.107646 0.057139
34 0.597646 0.228921 0.102109 0.060518
34 0.416265 0.660840 0.102158 0.054629
34 0.080850 0.706230 0.096914 0.054082
34 0.261357 0.701060 0.092305 0.054404
34 0.817549 0.227915 0.099688 0.057666
34 0.851104 0.380117 0.276523 0.086309
6 0.014907 0.270190 0.014111 0.013135
0 0.416831 0.703066 0.056865 0.032578
0 0.781841 0.705815 0.021357 0.037549
0 0.016333 0.705840 0.020713 0.036758
0 0.323086 0.700635 0.031875 0.057676
0 0.519761 0.703042 0.057080 0.032822
0 0.643325 0.700591 0.033408 0.058584
0 0.389424 0.564634 0.057422 0.031357
0 0.384897 0.388647 0.032393 0.058213
3 0.454038 0.906030 0.063037 0.056357
0 0.549995 0.564922 0.057471 0.032246
33 0.659683 0.456460 0.047314 0.063447
34 0.111562 0.381187 0.223125 0.091396
34 0.847368 0.706191 0.104346 0.053984
34 0.650791 0.604868 0.042539 0.022490
34 0.049946 0.227407 0.099443 0.061104
