6 0.570288 0.597271 0.031807 0.024580
35 0.758916 0.145020 0.133926 0.057090
34 0.549302 0.305640 0.036689 0.062842
35 0.762085 0.207441 0.133604 0.056152
34 0.545439 0.027847 0.038496 0.055693
34 0.542451 0.506348 0.039219 0.069141
33 0.617236 0.504888 0.090215 0.054072
34 0.914556 0.176147 0.170635 0.079561
35 0.569302 0.732271 0.054189 0.117998
34 0.728994 0.504053 0.120117 0.075977
34 0.378027 0.094741 0.231738 0.115381
34 0.568008 0.879126 0.239551 0.184131
17 0.569414 0.178086 0.119082 0.116758
6 0.571250 0.389834 0.030840 0.026016
6 0.570767 0.412720 0.029873 0.025537
6 0.571011 0.435132 0.029385 0.024092
6 0.570288 0.619438 0.031807 0.022646
6 0.570151 0.573257 0.031221 0.027275
