22 0.187324 0.710479 0.083047 0.070176
22 0.297847 0.821011 0.074854 0.066670
34 0.160312 0.981655 0.037891 0.036611
34 0.386357 0.764717 0.128516 0.096113
22 0.296680 0.925103 0.079531 0.078369
22 0.186738 0.813403 0.077188 0.074854
34 0.210176 0.379526 0.138711 0.309678
34 0.599590 0.684834 0.095078 0.040840
34 0.418623 0.881572 0.134551 0.101621
34 0.935420 0.831074 0.129160 0.079902
34 0.934302 0.717861 0.131396 0.083340
35 0.808315 0.707725 0.119287 0.059961
34 0.077119 0.813799 0.129336 0.097227
34 0.078257 0.702471 0.133154 0.099414
35 0.808530 0.821870 0.118018 0.056553
34 0.569785 0.796577 0.093242 0.041514
