33 0.573926 0.384883 0.047461 0.044629
33 0.579521 0.591460 0.058887 0.042295
35 0.693672 0.894585 0.041797 0.096396
34 0.686685 0.968320 0.161963 0.056367
34 0.846289 0.530972 0.075625 0.042959
34 0.641104 0.756367 0.074336 0.043047
34 0.641323 0.806694 0.075654 0.044268
34 0.510903 0.381152 0.076885 0.047441
34 0.846899 0.623594 0.075068 0.041836
34 0.511714 0.589570 0.074854 0.044961
34 0.715532 0.383579 0.077412 0.046748
34 0.882495 0.576230 0.027412 0.042656
0 0.693506 0.757827 0.019687 0.033447
0 0.898320 0.532544 0.020469 0.033330
6 0.897852 0.485337 0.018711 0.017549
0 0.898491 0.623667 0.021338 0.034248
1 0.693530 0.806855 0.021416 0.035586
33 0.656406 0.382754 0.044082 0.043008
34 0.613623 0.202456 0.159219 0.038682
34 0.966011 0.944004 0.067158 0.039473
34 0.992900 0.812988 0.014199 0.045664
34 0.963799 0.763608 0.072148 0.043174
34 0.965825 0.642656 0.065732 0.025801
35 0.610923 0.267046 0.043154 0.096357
34 0.676040 0.697480 0.030107 0.047480
