21 0.377520 0.885146 0.030625 0.032480
13 0.688994 0.893022 0.041660 0.065947
13 0.162446 0.892676 0.047900 0.065254
21 0.991074 0.885698 0.017852 0.036807
6 0.303940 0.534126 0.017627 0.016592
21 0.125879 0.947666 0.029785 0.035937
34 0.077285 0.005942 0.063672 0.011885
35 0.156689 0.695068 0.080059 0.044785
35 0.647876 0.694839 0.080537 0.044854
34 0.988413 0.284526 0.023174 0.035791
6 0.042607 0.507070 0.019961 0.017090
34 0.939829 0.512173 0.120342 0.091553
34 0.074326 0.347812 0.103398 0.050566
34 0.424673 0.511812 0.128018 0.090752
34 0.081216 0.927100 0.030615 0.055645
34 0.818921 0.670186 0.057021 0.029941
34 0.572236 0.348848 0.109824 0.052383
0 0.266484 0.940796 0.032109 0.057139
34 0.077720 0.660254 0.086982 0.046523
0 0.896255 0.847544 0.020635 0.033799
21 0.896016 0.885122 0.029824 0.032256
6 0.532876 0.506748 0.020244 0.016895
34 0.762085 0.570034 0.098330 0.050889
34 0.162290 0.827520 0.092100 0.050566
34 0.838066 0.849136 0.091055 0.048994
34 0.586489 0.926699 0.030010 0.054766
0 0.478716 0.847617 0.019736 0.033594
21 0.649893 0.948315 0.031719 0.034873
34 0.043164 0.433916 0.086328 0.051855
34 0.292271 0.670039 0.056729 0.028340
0 0.572803 0.696113 0.032402 0.019395
34 0.653564 0.749570 0.149629 0.059863
34 0.305547 0.765000 0.055957 0.029570
34 0.151562 0.749751 0.150352 0.063545
34 0.679023 0.830430 0.093945 0.050625
34 0.242720 0.570166 0.099014 0.050273
34 0.335190 0.938574 0.109561 0.049805
0 0.042456 0.541528 0.018916 0.032764
34 0.863159 0.936704 0.111475 0.049600
21 0.478130 0.885376 0.030479 0.033135
34 0.567886 0.661016 0.089111 0.047305
0 0.786553 0.937788 0.034238 0.058389
34 0.823862 0.764302 0.055771 0.029463
6 0.821807 0.534067 0.017734 0.017920
34 0.048042 0.851396 0.093057 0.049297
34 0.099077 0.540967 0.090264 0.050352
33 0.117275 0.435669 0.059805 0.044814
0 0.645474 0.350254 0.033857 0.058828
0 0.377378 0.847729 0.019014 0.033525
33 0.613940 0.435415 0.059619 0.044424
34 0.537852 0.851504 0.091641 0.050195
34 0.589248 0.540820 0.082715 0.049824
34 0.319380 0.849082 0.091221 0.048867
0 0.151714 0.352100 0.034443 0.059492
34 0.532124 0.434492 0.099131 0.050254
0 0.082588 0.696045 0.034141 0.020293
0 0.533237 0.541431 0.020439 0.033232
0 0.822402 0.568726 0.018340 0.031104
0 0.302432 0.568438 0.018320 0.030293
