0 0.248677 0.082892 0.032959 0.063687
34 0.187383 0.081466 0.082266 0.063021
34 0.310288 0.083444 0.077900 0.060552
0 0.958428 0.023884 0.029727 0.047768
0 0.028594 0.143185 0.028594 0.056652
0 0.363281 0.080964 0.027324 0.057531
21 0.957876 0.136685 0.041123 0.052131
34 0.365684 0.263050 0.156660 0.060237
35 0.362451 0.188005 0.037187 0.090349
34 0.072529 0.292041 0.046309 0.032965
34 0.186738 0.220231 0.046738 0.030834
34 0.954106 0.179893 0.091416 0.036336
34 0.901069 0.023196 0.080693 0.046392
34 0.006860 0.142886 0.013643 0.057407
