3 0.239712 0.287204 0.056084 0.062683
34 0.941909 0.361257 0.067061 0.039786
0 0.006191 0.196731 0.012383 0.060767
34 0.579243 0.500676 0.154404 0.054431
34 0.543604 0.200051 0.083828 0.053247
34 0.513638 0.088241 0.086006 0.055468
34 0.868066 0.391404 0.039707 0.026437
34 0.786948 0.366144 0.084053 0.051387
34 0.791538 0.465254 0.085596 0.049245
34 0.941978 0.203557 0.083896 0.050158
1 0.597974 0.200682 0.031416 0.064115
0 0.791665 0.503512 0.046514 0.030090
0 0.788574 0.407689 0.046035 0.031229
21 0.990054 0.253455 0.019893 0.035998
4 0.586729 0.087864 0.059121 0.062514
1 0.396313 0.302880 0.050283 0.035163
0 0.992397 0.201917 0.015166 0.036302
35 0.707031 0.501336 0.082012 0.044634
34 0.948398 0.141590 0.040410 0.025073
34 0.876973 0.486471 0.039102 0.026494
34 0.241841 0.229684 0.085088 0.051973
34 0.805601 0.287435 0.042197 0.027723
34 0.396030 0.262317 0.084248 0.052255
