34 0.275657 0.544810 0.041953 0.049990
34 0.170261 0.619351 0.103956 0.038662
0 0.167256 0.649014 0.065455 0.018945
34 0.707744 0.431479 0.123704 0.025557
34 0.446019 0.500952 0.100219 0.036670
34 0.562492 0.500786 0.102929 0.038057
3 0.449588 0.616235 0.095741 0.054912
34 0.587938 0.070503 0.085943 0.024365
34 0.356734 0.499404 0.043872 0.044238
34 0.175547 0.394214 0.130791 0.042881
21 0.625412 0.552700 0.055135 0.037705
34 0.046069 0.426470 0.089781 0.046221
0 0.055690 0.648374 0.063199 0.020361
21 0.230623 0.670278 0.054444 0.032842
34 0.450177 0.566753 0.128939 0.043311
34 0.040051 0.339375 0.080101 0.022578
34 0.708460 0.598203 0.126515 0.025039
1 0.035429 0.463242 0.070859 0.028887
34 0.102769 0.554482 0.188165 0.022832
0 0.561170 0.529819 0.065101 0.019482
34 0.052736 0.619072 0.100320 0.036484
34 0.558636 0.289990 0.078013 0.026094
34 0.580370 0.010356 0.070909 0.020713
0 0.446423 0.529712 0.061936 0.020459
35 0.711827 0.629365 0.140017 0.036797
3 0.517870 0.448438 0.096010 0.055098
34 0.520412 0.400498 0.130623 0.044414
35 0.711120 0.462744 0.142205 0.036309
3 0.173855 0.445957 0.090303 0.061855
35 0.091279 0.582070 0.142694 0.031563
