0 0.891138 0.143955 0.024600 0.045313
21 0.926455 0.128901 0.029277 0.030830
34 0.915664 0.333525 0.089824 0.048926
21 0.891587 0.877046 0.031143 0.032432
33 0.786133 0.293589 0.050625 0.037881
34 0.914160 0.282734 0.090918 0.049492
34 0.712812 0.294751 0.091543 0.053232
34 0.635947 0.672451 0.090781 0.052988
33 0.846099 0.227939 0.036592 0.034941
33 0.786899 0.553257 0.049072 0.037490
34 0.530952 0.710239 0.092334 0.054248
34 0.737349 0.636108 0.092100 0.053799
34 0.833145 0.823682 0.090430 0.052539
33 0.843608 0.594146 0.037451 0.036455
34 0.714111 0.553394 0.091309 0.051865
33 0.846265 0.275454 0.036455 0.035322
34 0.908843 0.593843 0.089600 0.052432
34 0.831572 0.146274 0.091094 0.052842
33 0.849292 0.331685 0.036045 0.036221
34 0.891050 0.479829 0.134854 0.103643
0 0.890566 0.823374 0.023203 0.045420
34 0.911875 0.229775 0.090313 0.050918
33 0.846387 0.396172 0.041758 0.037773
34 0.916128 0.397925 0.088936 0.049795
33 0.792041 0.666997 0.033164 0.046162
33 0.688735 0.709355 0.037197 0.058262
33 0.586108 0.738481 0.036299 0.045713
6 0.926479 0.119204 0.010459 0.013174
