0 0.945713 0.515186 0.039629 0.062500
33 0.496733 0.838667 0.032256 0.053760
34 0.758022 0.957485 0.281729 0.054834
34 0.751807 0.891094 0.302637 0.052383
34 0.679941 0.112109 0.030996 0.046699
33 0.032813 0.778979 0.059082 0.039033
34 0.255771 0.204424 0.321191 0.053457
33 0.032402 0.701670 0.058594 0.038008
34 0.755386 0.472891 0.036182 0.049746
34 0.882407 0.051567 0.106885 0.054189
34 0.876030 0.515142 0.105205 0.057080
34 0.325425 0.536973 0.176514 0.131270
34 0.883335 0.108652 0.105479 0.052500
34 0.116025 0.780972 0.105508 0.055811
33 0.803384 0.109292 0.050850 0.036846
34 0.115757 0.630366 0.105967 0.055479
34 0.568579 0.829541 0.102666 0.056055
33 0.802935 0.162578 0.050166 0.037480
32 0.410132 0.942061 0.051455 0.049121
34 0.072212 0.497808 0.105557 0.055264
33 0.031802 0.627720 0.057393 0.037979
33 0.802715 0.047437 0.049434 0.038525
34 0.883228 0.168330 0.106904 0.054766
34 0.924741 0.330928 0.034482 0.049707
34 0.116768 0.704009 0.106016 0.055107
