35 0.280370 0.871260 0.073636 0.095176
35 0.172963 0.871157 0.075758 0.095010
35 0.569116 0.923945 0.069108 0.094922
35 0.679554 0.923887 0.073721 0.096719
34 0.627744 0.988311 0.245892 0.023379
34 0.089571 0.351045 0.174562 0.062129
34 0.393628 0.747158 0.171330 0.058457
34 0.143552 0.677251 0.044680 0.038721
34 0.790766 0.811567 0.175034 0.057920
0 0.678375 0.809053 0.057896 0.058125
3 0.150000 0.769683 0.109764 0.059658
0 0.278830 0.755264 0.059613 0.058848
3 0.547382 0.823901 0.111667 0.059229
34 0.047567 0.771084 0.095135 0.057773
34 0.404352 0.822319 0.176987 0.059814
34 0.057003 0.844858 0.114007 0.057432
34 0.542980 0.701084 0.042525 0.038359
34 0.232104 0.957412 0.286364 0.070781
