34 0.846421 0.327759 0.037725 0.025830
34 0.745391 0.158911 0.081836 0.047939
34 0.977500 0.189927 0.045000 0.049287
34 0.643657 0.627280 0.081084 0.048096
34 0.821704 0.755400 0.080576 0.051680
34 0.467783 0.947339 0.079785 0.049346
34 0.583774 0.421338 0.175166 0.076426
34 0.302632 0.455820 0.072803 0.054004
0 0.465972 0.985728 0.055029 0.028545
34 0.490371 0.755229 0.081797 0.050615
34 0.939512 0.477925 0.077910 0.050654
33 0.383594 0.455225 0.084980 0.059746
0 0.647134 0.668223 0.052510 0.028867
6 0.695532 0.119414 0.016260 0.015117
0 0.695625 0.157705 0.015332 0.026035
0 0.763730 0.755718 0.030879 0.052529
0 0.989868 0.476401 0.020166 0.052549
0 0.544395 0.755571 0.031016 0.052197
34 0.648496 0.883594 0.079824 0.047930
0 0.649014 0.923354 0.052754 0.032217
35 0.353535 0.982466 0.095566 0.034990
34 0.856509 0.650430 0.037803 0.027402
34 0.344370 0.942583 0.139580 0.050928
34 0.582036 0.905508 0.036514 0.026152
