34 0.314712 0.091167 0.059131 0.037998
34 0.157905 0.091279 0.056084 0.038887
34 0.397393 0.091733 0.061367 0.037490
34 0.351831 0.938848 0.077314 0.041855
34 0.414570 0.290112 0.084395 0.049834
34 0.800396 0.917866 0.070322 0.045732
34 0.681387 0.945649 0.044277 0.023096
34 0.585356 0.931187 0.068506 0.025654
34 0.504292 0.050298 0.024385 0.037100
34 0.111938 0.125039 0.022119 0.035879
34 0.047134 0.124985 0.023447 0.035752
34 0.015840 0.941270 0.031602 0.094141
34 0.080313 0.155571 0.025215 0.036748
34 0.017485 0.154873 0.023701 0.035820
34 0.534946 0.184048 0.026631 0.035557
33 0.854609 0.931685 0.036543 0.053408
34 0.971362 0.796704 0.057275 0.097998
34 0.510869 0.803477 0.078809 0.046191
35 0.582314 0.962432 0.084824 0.037656
33 0.509917 0.856680 0.038213 0.057559
34 0.156455 0.989175 0.074883 0.021650
0 0.515732 0.091812 0.022520 0.037080
6 0.162783 0.881367 0.033145 0.026250
1 0.101377 0.986572 0.029238 0.026855
0 0.006162 0.013696 0.012324 0.027393
0 0.436289 0.092163 0.021816 0.035459
0 0.353809 0.091807 0.020937 0.036953
0 0.006924 0.089331 0.013848 0.035850
0 0.401323 0.937559 0.022354 0.038809
34 0.078989 0.276304 0.097842 0.045166
34 0.096729 0.783828 0.161289 0.049453
0 0.515854 0.014692 0.022197 0.029287
0 0.274551 0.091855 0.020723 0.037441
0 0.401226 0.984111 0.022100 0.031777
0 0.198164 0.092036 0.020039 0.036982
0 0.437212 0.014814 0.020557 0.029512
0 0.274644 0.014819 0.019971 0.029580
0 0.354033 0.014639 0.020605 0.029121
0 0.197852 0.014902 0.020195 0.029766
6 0.199019 0.780059 0.036260 0.031602
8 0.343809 0.148164 0.263555 0.052031
8 0.517393 0.288828 0.132598 0.051094
34 0.340708 0.051377 0.019854 0.036738
34 0.289619 0.866221 0.056016 0.026035
34 0.184912 0.051333 0.021484 0.036416
34 0.476641 0.092153 0.063711 0.036689
34 0.477207 0.015527 0.063301 0.030742
34 0.262617 0.051460 0.021934 0.036611
34 0.424072 0.051304 0.021113 0.034951
34 0.398755 0.015669 0.062490 0.031240
34 0.235825 0.015415 0.058779 0.030830
34 0.316504 0.015327 0.060918 0.030459
34 0.159546 0.015654 0.056650 0.031270
34 0.351909 0.983833 0.076260 0.032021
34 0.354844 0.191719 0.083340 0.046426
34 0.235776 0.091226 0.055518 0.037217
