34 0.307241 0.027261 0.125244 0.054521
34 0.339331 0.362856 0.114580 0.066729
34 0.571934 0.360327 0.115332 0.068975
34 0.811416 0.366191 0.115645 0.062539
34 0.037681 0.828916 0.075361 0.067832
33 0.265601 0.238716 0.048389 0.055908
34 0.931616 0.401372 0.115791 0.063271
34 0.889644 0.672832 0.113838 0.065762
33 0.677334 0.571060 0.070078 0.045674
34 0.078120 0.641846 0.156240 0.130996
34 0.049971 0.932061 0.099668 0.068379
33 0.209565 0.110557 0.067568 0.043809
34 0.079976 0.104868 0.159951 0.121104
34 0.343394 0.240493 0.104111 0.066104
33 0.756563 0.029033 0.068301 0.044336
34 0.307051 0.103018 0.128906 0.065879
11 0.459233 0.704375 0.109033 0.105996
35 0.809658 0.981821 0.056875 0.036104
1 0.929375 0.451133 0.079297 0.040605
3 0.810679 0.433403 0.079619 0.074092
15 0.460410 0.933203 0.064922 0.061660
6 0.979897 0.519082 0.013389 0.010586
3 0.787026 0.671655 0.093721 0.077451
0 0.498813 0.362759 0.030283 0.054365
34 0.889248 0.235713 0.104258 0.067539
34 0.921128 0.865244 0.157744 0.065801
33 0.814194 0.257964 0.045244 0.086514
34 0.376348 0.991812 0.113457 0.016377
34 0.919878 0.937061 0.160244 0.069902
34 0.010566 0.191836 0.021133 0.029824
35 0.812329 0.778135 0.049346 0.117129
34 0.547803 0.192090 0.049277 0.030234
34 0.859355 0.484028 0.056934 0.029619
34 0.063833 0.360498 0.123350 0.070039
33 0.757432 0.110542 0.068105 0.044385
33 0.205454 0.575498 0.067236 0.044531
34 0.598125 0.710415 0.167832 0.132217
33 0.209092 0.028618 0.068516 0.044053
34 0.576758 0.571675 0.127305 0.076689
34 0.303877 0.572583 0.131523 0.079326
34 0.900610 0.563169 0.129404 0.098779
34 0.858403 0.037158 0.126846 0.064355
34 0.551597 0.932148 0.104873 0.067832
34 0.614731 0.105552 0.167373 0.119268
34 0.438979 0.576030 0.031025 0.051201
34 0.529243 0.828589 0.105654 0.066670
34 0.859131 0.109497 0.126641 0.066729
34 0.322690 0.429722 0.058467 0.031924
0 0.411553 0.363545 0.032773 0.054277
0 0.980024 0.553472 0.019639 0.034521
0 0.459521 0.830278 0.029922 0.054189
