34 0.585034 0.111914 0.116846 0.045879
0 0.587539 0.301372 0.030781 0.056650
0 0.782544 0.376538 0.051963 0.030010
22 0.591558 0.719673 0.114639 0.117764
34 0.785298 0.337925 0.080654 0.048877
22 0.444150 0.718569 0.116074 0.116748
34 0.335820 0.973345 0.169180 0.053311
34 0.530493 0.303608 0.082061 0.051064
34 0.328721 0.721099 0.103301 0.098604
34 0.700103 0.721465 0.101455 0.101719
34 0.872559 0.739893 0.028887 0.037676
34 0.203091 0.140674 0.030850 0.038965
35 0.588804 0.178511 0.043760 0.096221
