34 0.104370 0.095840 0.208740 0.115664
34 0.257065 0.506045 0.039053 0.068633
35 0.476875 0.207651 0.132910 0.055908
34 0.260596 0.028696 0.039531 0.057393
34 0.263696 0.305586 0.036592 0.062168
34 0.598887 0.976216 0.062500 0.038525
34 0.049131 0.976519 0.062793 0.038213
35 0.472930 0.145337 0.134336 0.056982
34 0.927085 0.259087 0.038760 0.057217
6 0.284438 0.596528 0.030400 0.023740
6 0.284229 0.619849 0.033320 0.025400
6 0.284331 0.572964 0.030576 0.027432
17 0.284443 0.178086 0.122539 0.128320
6 0.284434 0.412451 0.031230 0.029570
6 0.284644 0.436816 0.031650 0.023320
6 0.285684 0.390591 0.029570 0.024990
34 0.282422 0.882886 0.242031 0.192295
34 0.443833 0.504282 0.123115 0.075947
34 0.648828 0.176265 0.210977 0.082432
35 0.284399 0.732314 0.055146 0.117793
33 0.331753 0.505098 0.091045 0.053574
