34 0.521270 0.904438 0.114219 0.061924
34 0.534233 0.747563 0.113779 0.062041
34 0.437524 0.403447 0.043525 0.030879
0 0.613994 0.748901 0.033672 0.065596
34 0.857383 0.357422 0.280391 0.084883
0 0.259272 0.963916 0.035303 0.064102
0 0.726309 0.191514 0.057129 0.036953
6 0.614082 0.812715 0.028223 0.031582
34 0.514893 0.135796 0.161660 0.076494
34 0.813198 0.977993 0.029990 0.043369
34 0.179629 0.962451 0.115527 0.062266
34 0.508486 0.470474 0.048281 0.028838
34 0.521934 0.596465 0.047832 0.030039
33 0.934536 0.731665 0.038311 0.040908
35 0.857061 0.274966 0.037773 0.094072
34 0.801943 0.173569 0.046191 0.029053
34 0.441895 0.536353 0.045918 0.028174
34 0.978979 0.682017 0.042041 0.045479
34 0.553545 0.987334 0.114063 0.025332
34 0.976714 0.733652 0.046572 0.047109
34 0.059663 0.405415 0.118955 0.024658
5 0.615601 0.900005 0.073115 0.049463
34 0.200811 0.601084 0.401621 0.021504
34 0.054038 0.531724 0.108076 0.031182
34 0.179844 0.470972 0.359687 0.032256
33 0.934946 0.679990 0.039619 0.039590
6 0.614238 0.685938 0.025820 0.031172
35 0.514751 0.190752 0.092861 0.037168
34 0.727104 0.148535 0.097744 0.050586
