34 0.830532 0.773057 0.020713 0.034395
6 0.868462 0.984844 0.016299 0.017129
25 0.357295 0.258105 0.315547 0.219258
25 0.090474 0.251729 0.178662 0.222734
0 0.138584 0.912324 0.044004 0.027070
6 0.308779 0.912808 0.015957 0.018369
0 0.405010 0.913535 0.057539 0.033359
0 0.748101 0.914429 0.058096 0.035107
34 0.029526 0.905386 0.059053 0.103447
34 0.079805 0.883076 0.022324 0.032891
34 0.406611 0.966357 0.122422 0.067266
34 0.274272 0.588979 0.021611 0.033877
34 0.616514 0.588901 0.020898 0.034170
34 0.220815 0.941069 0.117881 0.098643
34 0.691719 0.883579 0.023770 0.034424
34 0.952510 0.910703 0.094980 0.101875
34 0.335020 0.887285 0.031563 0.021230
33 0.955713 0.791895 0.036133 0.055820
34 0.296006 0.874912 0.019004 0.033691
34 0.987114 0.807876 0.025576 0.021475
34 0.956416 0.742119 0.077637 0.041641
34 0.113730 0.731372 0.034473 0.020459
34 0.345527 0.254502 0.116133 0.041582
34 0.818569 0.924297 0.020439 0.034590
34 0.742163 0.964902 0.118018 0.069746
34 0.047886 0.588955 0.021768 0.034258
34 0.011963 0.744136 0.023926 0.042568
34 0.656069 0.734590 0.020010 0.034531
34 0.932158 0.685630 0.029883 0.017412
34 0.855361 0.922661 0.020918 0.034678
34 0.037622 0.254536 0.075244 0.041143
34 0.796816 0.593662 0.019961 0.034043
33 0.006978 0.782593 0.013955 0.036865
34 0.891294 0.923530 0.021689 0.032764
