21 0.241982 0.146528 0.027383 0.034746
21 0.119307 0.511060 0.027891 0.034589
3 0.769307 0.133641 0.057637 0.064713
0 0.244463 0.437492 0.018359 0.034555
0 0.595664 0.821116 0.017891 0.036933
0 0.586689 0.400806 0.017246 0.035051
34 0.094258 0.671037 0.056973 0.029064
34 0.791680 0.534634 0.095820 0.057339
0 0.559966 0.609081 0.031260 0.020169
0 0.117939 0.824059 0.017676 0.036505
0 0.149858 0.565225 0.016553 0.034577
3 0.769785 0.469611 0.057578 0.064882
0 0.060073 0.782570 0.030889 0.018579
0 0.536563 0.442176 0.029941 0.019639
34 0.615137 0.320840 0.027715 0.051195
11 0.261997 0.358348 0.088506 0.097215
0 0.586123 0.074577 0.015879 0.033687
0 0.243247 0.769611 0.016729 0.035276
0 0.547046 0.280034 0.033174 0.021127
0 0.070811 0.114324 0.031992 0.018952
0 0.282212 0.611905 0.017725 0.037452
0 0.161533 0.228653 0.017070 0.034104
6 0.347480 0.030389 0.014609 0.015254
6 0.929814 0.527959 0.014434 0.013168
22 0.177739 0.690073 0.044639 0.055118
1 0.546543 0.358692 0.038242 0.025953
6 0.348081 0.357914 0.017119 0.013551
6 0.047964 0.029183 0.015303 0.016065
34 0.109189 0.012582 0.057051 0.025163
34 0.329395 0.013388 0.059141 0.026776
0 0.266294 0.233236 0.016006 0.034408
3 0.728530 0.026387 0.070732 0.052773
35 0.430093 0.784510 0.069326 0.035242
35 0.440259 0.116567 0.067666 0.035795
35 0.436646 0.442999 0.067354 0.036122
34 0.547456 0.010490 0.063350 0.020981
34 0.422827 0.741229 0.133564 0.054183
34 0.814878 0.336347 0.053955 0.035671
34 0.310273 0.770789 0.102695 0.094837
34 0.307749 0.109487 0.098662 0.092931
6 0.149531 0.526905 0.011855 0.013856
34 0.806450 0.013140 0.064092 0.026280
21 0.587451 0.525118 0.027988 0.032379
34 0.331074 0.558038 0.050195 0.034837
34 0.196528 0.264583 0.052041 0.028331
34 0.819424 0.670124 0.045117 0.030462
6 0.017378 0.358236 0.014697 0.015366
33 0.406943 0.603247 0.035938 0.038467
21 0.586714 0.198968 0.025791 0.032909
3 0.733486 0.555130 0.043281 0.047441
34 0.184863 0.635011 0.088496 0.056809
34 0.661909 0.614064 0.027920 0.053495
34 0.982119 0.255327 0.034746 0.032931
34 0.558359 0.649791 0.086953 0.055862
1 0.556597 0.689188 0.040615 0.025547
34 0.561758 0.571370 0.087578 0.055321
34 0.189199 0.591601 0.050527 0.028343
34 0.110381 0.235688 0.086523 0.057238
34 0.462187 0.011657 0.062285 0.023315
3 0.728677 0.220017 0.040225 0.047813
34 0.434937 0.400366 0.115635 0.050338
3 0.743281 0.671105 0.072480 0.082999
34 0.084492 0.338129 0.054668 0.029402
34 0.550332 0.242807 0.087070 0.055738
34 0.467275 0.587621 0.097070 0.059233
34 0.437515 0.074481 0.117314 0.051511
34 0.829702 0.245180 0.026514 0.056945
34 0.969316 0.617920 0.060977 0.057802
34 0.326846 0.228963 0.048828 0.031725
0 0.586587 0.479639 0.017725 0.036347
34 0.187295 0.770569 0.096387 0.060011
22 0.178135 0.030028 0.044395 0.054915
34 0.187461 0.437159 0.085527 0.058038
34 0.771440 0.739369 0.097803 0.056483
34 0.538252 0.747120 0.088477 0.054758
34 0.219614 0.221026 0.092100 0.055784
34 0.306704 0.440722 0.100283 0.093145
34 0.967881 0.557756 0.064238 0.058309
34 0.209678 0.548021 0.095781 0.056809
0 0.929390 0.614972 0.017822 0.037407
21 0.596265 0.866967 0.028350 0.032334
33 0.405942 0.271330 0.037627 0.039324
34 0.054668 0.747131 0.098867 0.057531
34 0.739824 0.602926 0.098379 0.056133
34 0.552139 0.319876 0.086250 0.054318
34 0.180483 0.303168 0.090166 0.059121
33 0.030059 0.659814 0.035273 0.051082
34 0.619609 0.651082 0.025879 0.049267
34 0.073291 0.157227 0.072188 0.059030
34 0.883970 0.628608 0.028545 0.065964
11 0.261865 0.039278 0.088027 0.078557
34 0.327324 0.338523 0.057656 0.030079
34 0.098252 0.560096 0.086113 0.057260
34 0.647168 0.741871 0.085566 0.058219
0 0.586582 0.153788 0.017227 0.034882
0 0.929287 0.557345 0.016738 0.036223
34 0.065791 0.829859 0.086816 0.058365
34 0.038599 0.273563 0.077002 0.057182
34 0.765894 0.408980 0.099170 0.056922
0 0.266396 0.550631 0.016289 0.035220
22 0.177534 0.357824 0.045947 0.052988
33 0.405806 0.315434 0.038232 0.039775
21 0.118740 0.189690 0.024414 0.032773
34 0.638877 0.481911 0.085957 0.059831
34 0.650400 0.821505 0.087109 0.058568
34 0.535020 0.408129 0.077773 0.049154
34 0.640225 0.155485 0.092187 0.060936
34 0.769233 0.074419 0.092334 0.056234
0 0.070220 0.439932 0.030244 0.019684
34 0.464868 0.263968 0.085986 0.057430
34 0.065625 0.478563 0.086426 0.057057
34 0.337700 0.609837 0.092412 0.058839
34 0.538667 0.081133 0.076240 0.047407
34 0.067549 0.078799 0.086719 0.049008
34 0.035884 0.605637 0.071670 0.057835
33 0.035430 0.327734 0.034687 0.049493
35 0.015254 0.114414 0.030508 0.033630
11 0.262881 0.691105 0.090313 0.098512
34 0.464053 0.325547 0.075742 0.056798
6 0.266162 0.512802 0.014316 0.017012
34 0.326089 0.670175 0.057119 0.031759
34 0.466846 0.650304 0.084961 0.057542
34 0.332012 0.282074 0.085645 0.056753
6 0.161685 0.190090 0.014502 0.015130
34 0.189805 0.109837 0.081484 0.058501
34 0.778711 0.196342 0.086777 0.055547
34 0.640078 0.401928 0.087754 0.058737
0 0.541333 0.115716 0.031748 0.020767
34 0.065610 0.405936 0.087217 0.047835
33 0.405508 0.647097 0.038320 0.040327
0 0.118301 0.153551 0.016348 0.033529
21 0.242593 0.805817 0.027939 0.035355
3 0.738105 0.338630 0.073320 0.082424
34 0.884243 0.344600 0.027002 0.066561
3 0.773008 0.798202 0.057246 0.065152
34 0.739370 0.270654 0.083916 0.056077
21 0.118843 0.860011 0.027822 0.035919
0 0.540312 0.783472 0.030254 0.020496
0 0.118105 0.475023 0.016465 0.032909
34 0.634873 0.076719 0.081113 0.058512
0 0.282949 0.279036 0.015918 0.035366
21 0.244526 0.474464 0.027295 0.033529
0 0.242827 0.109972 0.017451 0.035750
0 0.595479 0.742954 0.017168 0.034250
