34 0.695444 0.559907 0.068994 0.043193
0 0.791587 0.304668 0.021924 0.043281
0 0.789902 0.219795 0.025293 0.047773
0 0.629741 0.093828 0.036689 0.021016
0 0.575483 0.092881 0.036064 0.021016
3 0.811416 0.021387 0.047148 0.042773
34 0.020884 0.073325 0.041768 0.077998
34 0.398452 0.068521 0.096592 0.044404
34 0.491147 0.094619 0.069600 0.045000
34 0.569146 0.061323 0.066006 0.040791
34 0.633345 0.063120 0.062393 0.039600
34 0.397852 0.131821 0.080996 0.041396
34 0.221157 0.239814 0.086396 0.040195
34 0.345352 0.260518 0.065996 0.041992
34 0.352256 0.321714 0.061797 0.040791
34 0.558945 0.289019 0.063594 0.043799
34 0.561045 0.377510 0.067793 0.044395
34 0.750938 0.307314 0.062402 0.040801
34 0.779736 0.262017 0.021602 0.035400
34 0.747041 0.215518 0.060605 0.039590
34 0.962437 0.362812 0.024600 0.046191
34 0.991895 0.301016 0.016211 0.048594
34 0.992495 0.385313 0.015010 0.043203
34 0.633945 0.581504 0.054004 0.024004
34 0.558945 0.536807 0.060000 0.041406
34 0.517246 0.634902 0.061797 0.035996
34 0.579648 0.632505 0.059395 0.039600
34 0.687046 0.685005 0.062998 0.041396
34 0.744341 0.727603 0.053994 0.022197
34 0.833740 0.682603 0.065996 0.043799
34 0.882036 0.765703 0.061807 0.040801
34 0.579648 0.765400 0.061797 0.040195
34 0.512749 0.764199 0.063604 0.040195
34 0.477046 0.630103 0.022197 0.033604
34 0.429951 0.667603 0.026406 0.042607
34 0.454854 0.777998 0.025801 0.034199
34 0.384355 0.835298 0.046797 0.023994
34 0.301255 0.638203 0.106201 0.070195
34 0.285054 0.495107 0.030596 0.041992
34 0.345054 0.435713 0.064189 0.046797
34 0.237056 0.388613 0.071396 0.047402
34 0.237388 0.339712 0.074463 0.047998
34 0.178921 0.446211 0.024600 0.039004
34 0.159722 0.589609 0.103799 0.064199
34 0.124888 0.449810 0.022256 0.037803
34 0.094624 0.388008 0.064795 0.042598
34 0.091323 0.338511 0.065400 0.047998
34 0.040112 0.514609 0.080225 0.069004
34 0.016626 0.368213 0.020400 0.045000
34 0.128564 0.964785 0.066895 0.040449
4 0.827534 0.728364 0.046123 0.047041
35 0.302158 0.567749 0.037637 0.070967
35 0.192480 0.521514 0.037637 0.073125
35 0.137642 0.522588 0.035479 0.073125
35 0.029580 0.441943 0.038711 0.066660
33 0.487817 0.380220 0.075713 0.046670
33 0.487041 0.289731 0.081406 0.045107
33 0.486265 0.151538 0.044600 0.065342
33 0.313066 0.131318 0.069492 0.041484
33 0.313066 0.073496 0.065332 0.036816
33 0.215840 0.193281 0.047187 0.042012
3 0.520850 0.020293 0.055918 0.040586
3 0.680386 0.727539 0.041670 0.047148
21 0.731436 0.821831 0.035371 0.042295
3 0.564155 0.581699 0.041670 0.047148
21 0.540449 0.134678 0.036543 0.043750
21 0.630503 0.697446 0.042686 0.051904
33 0.752134 0.125483 0.043389 0.058877
21 0.619355 0.821831 0.035762 0.042295
1 0.695894 0.594248 0.040029 0.025605
35 0.398394 0.425815 0.038701 0.090322
34 0.390654 0.481050 0.102598 0.028115
0 0.880391 0.795068 0.038789 0.021367
21 0.791519 0.358604 0.032920 0.050723
0 0.751680 0.164448 0.015996 0.024463
0 0.029424 0.260825 0.020801 0.039912
0 0.029141 0.311973 0.021367 0.041035
0 0.137622 0.391221 0.019111 0.035410
0 0.136494 0.339512 0.022480 0.035410
0 0.192139 0.340356 0.022480 0.037100
0 0.192705 0.390381 0.022480 0.037090
0 0.517578 0.794790 0.040469 0.021924
0 0.577437 0.793945 0.039912 0.020234
0 0.778374 0.794785 0.037100 0.020801
0 0.582778 0.664106 0.039346 0.021357
0 0.520103 0.663545 0.042158 0.021367
0 0.302305 0.438159 0.022480 0.039346
0 0.350078 0.352720 0.038223 0.023604
0 0.301182 0.261670 0.022480 0.038223
