34 0.682803 0.646245 0.218281 0.053760
34 0.672959 0.483896 0.202871 0.051699
34 0.990723 0.437964 0.018535 0.067900
33 0.500259 0.483838 0.121143 0.072910
34 0.035757 0.145708 0.071514 0.048389
34 0.034146 0.226353 0.068291 0.046240
34 0.681235 0.735327 0.219248 0.051709
34 0.265430 0.516772 0.203398 0.047100
33 0.220503 0.574800 0.122041 0.071650
34 0.125591 0.519307 0.042432 0.070879
34 0.406440 0.490024 0.041670 0.072314
33 0.500283 0.736235 0.121641 0.072217
34 0.822080 0.415405 0.043691 0.072334
33 0.913481 0.345576 0.119873 0.071465
33 0.500552 0.565415 0.120811 0.071084
33 0.500146 0.649990 0.121367 0.070078
33 0.913574 0.598618 0.120371 0.070752
33 0.913774 0.426860 0.119990 0.069619
33 0.913745 0.511787 0.120049 0.070762
0 0.436362 0.851802 0.035576 0.056904
0 0.247817 0.304873 0.033076 0.054297
0 0.848755 0.841162 0.033057 0.055137
0 0.946807 0.166504 0.033555 0.056055
0 0.927148 0.715630 0.056738 0.034326
0 0.154805 0.841113 0.033984 0.055195
0 0.357261 0.775776 0.056865 0.035166
0 0.637690 0.285381 0.034209 0.055000
0 0.234727 0.673169 0.058047 0.037236
6 0.285449 0.733159 0.035938 0.035322
21 0.246914 0.399658 0.051777 0.073105
21 0.946709 0.257222 0.056543 0.083818
6 0.303931 0.629336 0.037119 0.042930
0 0.270288 0.986650 0.071924 0.026699
21 0.638560 0.376831 0.054795 0.081143
34 0.041133 0.314521 0.082266 0.041934
34 0.044360 0.395703 0.088721 0.043008
34 0.044360 0.483877 0.088721 0.040859
34 0.039521 0.563447 0.079043 0.040859
34 0.037905 0.649468 0.075811 0.051611
34 0.036831 0.734419 0.073662 0.047314
34 0.684956 0.565063 0.231182 0.052686
