35 0.202158 0.534414 0.082793 0.036563
35 0.616138 0.809683 0.035479 0.090322
35 0.767749 0.940332 0.044092 0.097852
35 0.984146 0.926353 0.031709 0.087100
0 0.305200 0.535391 0.028525 0.016621
5 0.618540 0.564155 0.067432 0.026748
3 0.208350 0.637075 0.047148 0.052627
0 0.935801 0.535078 0.030977 0.017324
34 0.978281 0.984893 0.043438 0.030215
34 0.342837 0.596553 0.025986 0.052871
34 0.305415 0.501533 0.088291 0.049297
34 0.198076 0.504448 0.111152 0.028232
34 0.860659 0.026426 0.029131 0.050195
34 0.963711 0.314526 0.072578 0.072041
34 0.661299 0.085493 0.145156 0.087100
0 0.836382 0.862378 0.036318 0.023584
0 0.875415 0.736465 0.021689 0.037949
34 0.362734 0.981309 0.075293 0.037383
34 0.749648 0.751035 0.025996 0.039434
34 0.125005 0.304307 0.250010 0.081719
34 0.204844 0.084414 0.144082 0.084941
34 0.943032 0.831035 0.024658 0.043477
34 0.834351 0.827002 0.088740 0.049746
34 0.818218 0.734453 0.088740 0.047500
34 0.931382 0.737588 0.089189 0.050195
34 0.957822 0.678428 0.041680 0.026895
34 0.967231 0.595518 0.027334 0.047500
34 0.828750 0.585659 0.091875 0.051982
34 0.934961 0.499609 0.091875 0.050195
34 0.837715 0.506777 0.108008 0.026895
34 0.542720 0.565859 0.090537 0.052461
34 0.599194 0.512739 0.027783 0.049307
34 0.619805 0.878003 0.142520 0.051084
34 0.598745 0.724502 0.024209 0.049746
34 0.520317 0.659521 0.088740 0.050645
34 0.449951 0.685737 0.025098 0.048408
0 0.254971 0.735952 0.020684 0.038467
0 0.213418 0.861870 0.036289 0.023955
3 0.378306 0.737954 0.066885 0.057021
35 0.840864 0.534951 0.091396 0.035488
3 0.600894 0.661743 0.073467 0.060303
3 0.832251 0.637075 0.051533 0.048252
34 0.038535 0.877329 0.077070 0.047061
34 0.331855 0.679238 0.042578 0.025547
34 0.306533 0.739741 0.089629 0.051533
34 0.318408 0.828926 0.025547 0.040781
34 0.214658 0.825127 0.092324 0.049277
35 0.148936 0.940332 0.034395 0.100000
34 0.132642 0.750718 0.026885 0.046611
34 0.198301 0.735483 0.089180 0.051982
34 0.204351 0.586016 0.089639 0.053340
35 0.363984 0.926890 0.040859 0.083877
