32 0.499468 0.909683 0.051611 0.049463
34 0.655923 0.353770 0.110752 0.036562
33 0.832261 0.527427 0.050537 0.046240
33 0.067749 0.515063 0.050537 0.047314
32 0.635488 0.910225 0.056992 0.044082
34 0.785615 0.696763 0.030605 0.045420
34 0.525273 0.354575 0.112188 0.029932
0 0.501787 0.206504 0.027559 0.048066
34 0.742158 0.779370 0.032910 0.047412
33 0.526445 0.798735 0.046465 0.044482
0 0.677632 0.186675 0.027646 0.048428
34 0.136113 0.516450 0.085098 0.048604
34 0.024551 0.699399 0.027539 0.044248
34 0.416987 0.626704 0.030283 0.045166
34 0.541006 0.708330 0.071602 0.045391
33 0.606919 0.707227 0.052354 0.045684
34 0.815132 0.583394 0.087588 0.051006
34 0.065425 0.590566 0.088604 0.051465
34 0.906382 0.936509 0.056592 0.030947
34 0.902695 0.527822 0.085234 0.047891
0 0.756631 0.583926 0.029570 0.053496
34 0.590220 0.124546 0.379346 0.070986
34 0.586382 0.797412 0.071182 0.045762
0 0.009360 0.592119 0.018682 0.051543
25 0.909473 0.357554 0.181055 0.257041
25 0.235020 0.355903 0.348926 0.222686
