3 0.418413 0.919126 0.074307 0.073154
34 0.923101 0.611611 0.036846 0.023887
34 0.006260 0.544658 0.012520 0.023574
34 0.849199 0.275918 0.069258 0.039727
34 0.634585 0.893242 0.028271 0.025469
34 0.723003 0.275054 0.070850 0.038389
33 0.176763 0.987080 0.044209 0.025430
34 0.923232 0.521899 0.036680 0.024658
34 0.637852 0.982617 0.033203 0.025430
34 0.637690 0.465371 0.038779 0.027090
34 0.919946 0.434741 0.040830 0.024639
35 0.502759 0.416699 0.133408 0.046309
34 0.543848 0.987676 0.112051 0.024648
34 0.364736 0.512471 0.038398 0.027188
34 0.607056 0.399985 0.045557 0.029639
34 0.605254 0.179321 0.101602 0.038154
34 0.234102 0.179297 0.101445 0.038516
34 0.013442 0.650762 0.026787 0.044512
34 0.762837 0.399561 0.044893 0.029551
34 0.752837 0.626040 0.029795 0.052881
34 0.116162 0.726128 0.030215 0.045010
34 0.250669 0.974526 0.113525 0.050947
34 0.701431 0.876523 0.030010 0.044453
34 0.416973 0.718960 0.029688 0.045674
34 0.209487 0.906558 0.111826 0.061807
34 0.210952 0.827017 0.112158 0.063936
34 0.506367 0.825698 0.112227 0.061377
34 0.229614 0.741792 0.112959 0.062666
34 0.685732 0.711992 0.120039 0.087168
34 0.505581 0.912798 0.110811 0.061475
34 0.692266 0.372080 0.110547 0.060137
34 0.529126 0.741187 0.111768 0.063369
34 0.307666 0.412075 0.255273 0.080693
34 0.802725 0.613164 0.028086 0.044570
6 0.609419 0.930898 0.016670 0.015859
6 0.027773 0.605938 0.021660 0.034980
6 0.432690 0.665156 0.019990 0.033320
6 0.340659 0.551465 0.019990 0.015820
0 0.133154 0.825488 0.036094 0.064648
0 0.458530 0.741455 0.020674 0.035508
0 0.159687 0.743105 0.020488 0.035645
6 0.159688 0.668896 0.017090 0.016309
3 0.117432 0.910288 0.076543 0.071436
0 0.694180 0.418257 0.062637 0.035615
6 0.459297 0.667212 0.015840 0.016123
6 0.891919 0.472725 0.017412 0.017070
6 0.745825 0.861680 0.031416 0.025449
0 0.432036 0.824507 0.035400 0.062510
6 0.612837 0.503501 0.019268 0.012529
6 0.893032 0.561372 0.017822 0.016865
6 0.892549 0.650034 0.017832 0.016865
6 0.893271 0.744478 0.020234 0.016865
6 0.797383 0.780854 0.033730 0.026982
6 0.132305 0.667573 0.023320 0.033311
34 0.934897 0.479580 0.094736 0.058066
34 0.933286 0.567749 0.091514 0.058057
34 0.931133 0.658071 0.087207 0.058057
34 0.928984 0.753232 0.085059 0.059141
34 0.621992 0.937642 0.071074 0.058057
