35 0.009951 0.426348 0.019902 0.100000
35 0.653770 0.262373 0.102148 0.036562
35 0.555923 0.132803 0.110752 0.039785
0 0.087393 0.354155 0.060605 0.029404
34 0.935381 0.242358 0.053418 0.033135
0 0.206860 0.037275 0.026807 0.054785
0 0.297183 0.037856 0.041963 0.069932
3 0.828960 0.242886 0.073467 0.071279
34 0.780850 0.048447 0.090742 0.052891
3 0.780166 0.111855 0.072363 0.070176
34 0.143716 0.037271 0.087393 0.054678
34 0.128252 0.105620 0.043027 0.029131
34 0.252622 0.135645 0.055127 0.030918
34 0.222368 0.241641 0.046611 0.034062
34 0.085430 0.312007 0.087441 0.054678
34 0.157158 0.308188 0.033613 0.046162
34 0.418442 0.200630 0.088291 0.060498
34 0.186289 0.454072 0.087402 0.064531
34 0.060093 0.530938 0.120186 0.111602
34 0.152856 0.662026 0.043916 0.028682
34 0.437939 0.571274 0.121895 0.056025
34 0.620322 0.662476 0.470625 0.024209
34 0.940815 0.552227 0.118369 0.058262
34 0.464795 0.447993 0.093340 0.050303
34 0.661587 0.213818 0.207939 0.060156
34 0.827783 0.179878 0.093340 0.054502
34 0.918525 0.062974 0.030078 0.046670
34 0.874966 0.111714 0.056006 0.033193
33 0.334414 0.203232 0.065586 0.049453
33 0.383877 0.452695 0.067734 0.062363
33 0.333340 0.573125 0.065586 0.047305
22 0.297319 0.452158 0.113975 0.104297
13 0.018013 0.250547 0.036025 0.075273
6 0.005254 0.298120 0.010508 0.021768
34 0.359268 0.040410 0.087637 0.055488
34 0.558135 0.082158 0.180449 0.063262
