35 0.943530 0.473081 0.037842 0.086650
3 0.347461 0.822178 0.052207 0.049180
34 0.978696 0.294585 0.042607 0.046729
4 0.343018 0.895708 0.056992 0.053760
34 0.889492 0.342017 0.026914 0.050049
3 0.472466 0.862187 0.053213 0.050840
7 0.934951 0.295703 0.034414 0.043008
34 0.593193 0.198213 0.029687 0.061230
34 0.828267 0.591260 0.028779 0.051152
34 0.546631 0.930991 0.028633 0.050771
34 0.762505 0.838911 0.028994 0.052900
34 0.944673 0.526348 0.108311 0.032246
34 0.928896 0.103511 0.129238 0.028779
34 0.280620 0.895415 0.069717 0.055732
35 0.924336 0.048296 0.036875 0.086475
34 0.285361 0.821182 0.069863 0.047617
34 0.409248 0.725073 0.071758 0.055850
34 0.414243 0.862197 0.069033 0.054180
8 0.473125 0.726890 0.054844 0.047314
