34 0.168645 0.760933 0.058906 0.025479
34 0.011044 0.069126 0.022088 0.035283
33 0.249242 0.033062 0.069394 0.042197
33 0.039613 0.032061 0.068889 0.039395
34 0.249091 0.005508 0.098215 0.011016
34 0.172071 0.072588 0.113401 0.049668
34 0.082222 0.741528 0.114882 0.046240
34 0.082576 0.842500 0.115926 0.048242
34 0.046019 0.006265 0.092037 0.012510
34 0.378241 0.093813 0.066684 0.025127
0 0.039099 0.072554 0.035067 0.034639
0 0.081431 0.774888 0.060808 0.019756
0 0.247635 0.072583 0.033451 0.034834
0 0.081810 0.876260 0.062239 0.020371
21 0.218384 0.803301 0.050067 0.038340
