34 0.046421 0.971108 0.092842 0.057783
34 0.047900 0.856660 0.095762 0.072363
34 0.878999 0.971138 0.121865 0.057725
34 0.226152 0.243940 0.065801 0.039209
34 0.864014 0.245034 0.063711 0.040186
34 0.543018 0.551616 0.192480 0.051611
1 0.962476 0.971123 0.040459 0.057754
1 0.759590 0.973437 0.041621 0.053125
1 0.319126 0.971699 0.041611 0.056602
0 0.320430 0.857920 0.037676 0.074102
0 0.963467 0.857598 0.036953 0.073945
0 0.115220 0.857695 0.038545 0.075137
1 0.114502 0.972856 0.041621 0.054287
0 0.757910 0.857827 0.037363 0.074404
34 0.240269 0.856196 0.120947 0.071768
34 0.677271 0.856323 0.121338 0.071748
34 0.882969 0.857090 0.121465 0.073867
34 0.235474 0.970923 0.122822 0.058154
34 0.674116 0.970898 0.122705 0.058203
