0 0.326157 0.689678 0.038643 0.020684
3 0.246729 0.644092 0.066348 0.049922
34 0.326079 0.658589 0.074092 0.042939
34 0.254922 0.451997 0.121328 0.025244
34 0.342002 0.772554 0.036836 0.020752
34 0.015703 0.787964 0.031387 0.043721
34 0.634307 0.521313 0.039043 0.026299
35 0.262759 0.506948 0.039678 0.083682
21 0.442886 0.714697 0.031807 0.034707
34 0.663467 0.817397 0.039043 0.024658
34 0.405049 0.658833 0.074043 0.044482
34 0.172754 0.643984 0.082734 0.047402
34 0.204878 0.582192 0.082314 0.046455
0 0.405332 0.689746 0.037305 0.020176
34 0.338320 0.931528 0.039570 0.026787
34 0.668623 0.921514 0.049043 0.025195
34 0.252744 0.690171 0.021602 0.032471
34 0.051318 0.592285 0.076699 0.045059
34 0.638555 0.648433 0.048301 0.023994
34 0.638721 0.570039 0.048242 0.024316
0 0.104746 0.595117 0.027715 0.051445
34 0.899736 0.650005 0.200527 0.106455
2 0.261895 0.583784 0.030605 0.048604
