34 0.459019 0.613286 0.099326 0.036963
34 0.337368 0.550498 0.155830 0.056230
34 0.076255 0.667935 0.062646 0.054502
34 0.677783 0.080063 0.206797 0.061729
11 0.042891 0.584961 0.085781 0.091484
17 0.638203 0.721436 0.175723 0.176875
11 0.557549 0.928564 0.084961 0.085371
34 0.831187 0.199473 0.147314 0.059141
34 0.719312 0.883428 0.083721 0.051973
34 0.922051 0.613447 0.098926 0.035488
34 0.160762 0.610757 0.079570 0.032256
34 0.922588 0.720439 0.143008 0.058066
34 0.090186 0.080718 0.180371 0.060889
