34 0.483193 0.430439 0.101836 0.057090
34 0.381235 0.977886 0.057354 0.031240
34 0.600039 0.976035 0.059121 0.033008
34 0.013823 0.941699 0.027646 0.058262
21 0.342783 0.609858 0.044160 0.051963
6 0.419365 0.220288 0.024551 0.021611
0 0.342725 0.544663 0.023125 0.040537
0 0.419868 0.274097 0.024307 0.039150
0 0.160806 0.544897 0.023154 0.040947
4 0.259849 0.968091 0.085850 0.063818
6 0.866577 0.989551 0.048721 0.020898
3 0.462764 0.800117 0.069043 0.066055
3 0.024868 0.799063 0.049600 0.064473
21 0.160938 0.609580 0.044160 0.051484
3 0.729805 0.968711 0.070781 0.062578
33 0.108853 0.406270 0.062002 0.044824
33 0.014155 0.582227 0.028252 0.041563
34 0.457241 0.606206 0.032900 0.057822
34 0.101094 0.799385 0.103887 0.059414
34 0.544336 0.800405 0.101582 0.059346
33 0.398799 0.358022 0.059941 0.042725
34 0.727476 0.907109 0.105361 0.058809
33 0.511011 0.638071 0.057959 0.043760
34 0.483086 0.272700 0.102637 0.059404
34 0.252271 0.908359 0.096553 0.056777
34 0.099233 0.543882 0.100967 0.058740
34 0.406055 0.542109 0.101660 0.058008
34 0.256226 0.166187 0.163115 0.129541
34 0.039419 0.398848 0.078838 0.061113
34 0.593721 0.707759 0.102949 0.057822
34 0.593804 0.638584 0.103564 0.059902
33 0.510635 0.707944 0.057793 0.044268
33 0.399297 0.429282 0.058926 0.043545
34 0.482349 0.359434 0.103311 0.057637
