34 0.882764 0.963130 0.105586 0.053428
34 0.882095 0.905483 0.104912 0.053232
34 0.754990 0.681343 0.034219 0.046768
35 0.481440 0.432759 0.099229 0.038525
34 0.466509 0.128242 0.048271 0.032051
33 0.803403 0.962656 0.051436 0.037520
34 0.757568 0.350303 0.350469 0.084199
33 0.821504 0.487031 0.039395 0.055215
0 0.256479 0.432686 0.060400 0.038105
0 0.775000 0.826436 0.040391 0.062500
34 0.956826 0.656089 0.086250 0.054951
34 0.175464 0.412954 0.048955 0.029365
34 0.273223 0.590161 0.051543 0.032588
33 0.803027 0.902090 0.050664 0.038711
33 0.975908 0.711499 0.040449 0.053506
34 0.256162 0.387031 0.104297 0.054434
35 0.734634 0.264668 0.039229 0.100371
0 0.699941 0.826543 0.039473 0.062070
34 0.625464 0.827187 0.107061 0.053730
34 0.845005 0.826621 0.104502 0.054160
34 0.818525 0.430317 0.112402 0.055791
34 0.951470 0.348315 0.097061 0.084482
34 0.715493 0.189209 0.031123 0.045898
34 0.483276 0.372905 0.171963 0.082627
34 0.680103 0.965459 0.031396 0.046426
