33 0.861084 0.524868 0.120605 0.071650
34 0.642480 0.521514 0.202148 0.046230
34 0.645703 0.435493 0.197852 0.052686
34 0.643555 0.352695 0.202148 0.056992
34 0.640869 0.271514 0.198926 0.055918
34 0.244629 0.512373 0.234414 0.051621
34 0.241943 0.422046 0.224727 0.051611
34 0.240601 0.594878 0.224717 0.051143
34 0.231426 0.343965 0.205918 0.052422
34 0.965825 0.521611 0.067959 0.043555
34 0.965684 0.434795 0.068125 0.041211
34 0.966279 0.350610 0.067441 0.042061
34 0.964233 0.270615 0.071475 0.043047
34 0.352305 0.970254 0.069004 0.039844
33 0.862397 0.437505 0.119365 0.072158
33 0.060425 0.345527 0.119404 0.071348
34 0.648159 0.820356 0.070303 0.042002
34 0.363936 0.885859 0.078457 0.043398
33 0.476050 0.525225 0.118916 0.071836
34 0.544365 0.970142 0.069805 0.039971
33 0.861655 0.352944 0.120596 0.070732
33 0.060518 0.598813 0.119453 0.072686
33 0.475815 0.438013 0.119521 0.072080
34 0.905693 0.779180 0.072969 0.042383
33 0.060059 0.426909 0.119844 0.070225
33 0.860957 0.271909 0.120156 0.072178
33 0.475371 0.353359 0.119961 0.071563
33 0.475596 0.271948 0.120000 0.071689
33 0.060547 0.511553 0.119707 0.071309
0 0.797334 0.716099 0.036777 0.058232
0 0.718696 0.623921 0.057412 0.035225
0 0.489922 0.665732 0.055664 0.034414
6 0.561362 0.622959 0.035654 0.033926
0 0.073765 0.715728 0.057744 0.034268
21 0.093467 0.256118 0.058125 0.086436
6 0.646333 0.580679 0.036143 0.035889
0 0.410854 0.757588 0.035205 0.055723
6 0.143257 0.673418 0.042920 0.038281
0 0.092764 0.166157 0.034258 0.056299
