34 0.011855 0.654019 0.023672 0.034307
34 0.940723 0.978813 0.118555 0.042373
34 0.770869 0.978564 0.136074 0.042871
34 0.757017 0.810479 0.061982 0.041230
3 0.536304 0.788379 0.043564 0.043477
3 0.643013 0.759644 0.042119 0.040537
34 0.600547 0.812310 0.058867 0.041709
34 0.749312 0.858828 0.062881 0.042012
34 0.590244 0.761099 0.059551 0.041084
0 0.829839 0.910493 0.027158 0.015869
34 0.628667 0.966104 0.061846 0.038281
34 0.748394 0.758350 0.063174 0.041035
35 0.418770 0.728545 0.031074 0.073594
34 0.482603 0.841968 0.062158 0.040244
34 0.590659 0.861802 0.061006 0.042217
34 0.341235 0.839697 0.066943 0.039375
34 0.482612 0.789834 0.062510 0.039980
34 0.525151 0.612759 0.054053 0.026045
34 0.552119 0.983853 0.062891 0.032256
34 0.017563 0.542046 0.035088 0.043955
34 0.234521 0.706216 0.066719 0.040498
34 0.399971 0.661572 0.130566 0.063066
34 0.235039 0.654614 0.124395 0.041572
34 0.963682 0.925503 0.050469 0.025967
34 0.449189 0.906963 0.067480 0.040508
34 0.828721 0.883335 0.070488 0.039561
34 0.167734 0.570068 0.064102 0.040059
35 0.705298 0.688296 0.031943 0.072275
34 0.191729 0.844785 0.060840 0.064297
35 0.652148 0.688809 0.033086 0.072988
34 0.405625 0.820894 0.021465 0.042041
3 0.058853 0.541548 0.043096 0.042822
3 0.696230 0.757969 0.041348 0.041230
34 0.049019 0.860625 0.026729 0.045918
35 0.385933 0.727734 0.031553 0.071973
35 0.016187 0.708091 0.032197 0.074873
3 0.116362 0.569551 0.041689 0.043320
21 0.861411 0.926714 0.020889 0.023525
34 0.374463 0.788364 0.021543 0.042607
34 0.764805 0.434478 0.052949 0.027373
34 0.615791 0.926333 0.050605 0.024209
34 0.089438 0.771777 0.026162 0.047285
34 0.675947 0.994424 0.044023 0.010859
4 0.535352 0.840303 0.042734 0.041992
3 0.643843 0.860093 0.043662 0.041709
35 0.176328 0.709346 0.030078 0.070527
35 0.286514 0.709604 0.027480 0.073115
34 0.681655 0.644268 0.289873 0.028516
15 0.651060 0.810464 0.034736 0.037334
15 0.704731 0.811758 0.037334 0.037852
4 0.697471 0.859204 0.043555 0.044600
4 0.141582 0.833018 0.041484 0.039922
