33 0.312319 0.293198 0.051670 0.036279
34 0.186104 0.332368 0.094668 0.050244
33 0.258228 0.401729 0.037178 0.035449
34 0.388442 0.295884 0.096455 0.054951
34 0.147080 0.142886 0.097090 0.052236
33 0.253198 0.278584 0.035303 0.035293
0 0.207197 0.144102 0.023281 0.045254
34 0.466338 0.662476 0.092793 0.052236
0 0.207642 0.823794 0.024678 0.046260
34 0.268315 0.823286 0.094443 0.053877
34 0.389258 0.554517 0.096699 0.051260
34 0.359897 0.634678 0.093740 0.052109
34 0.039277 0.681968 0.078555 0.052861
34 0.189062 0.593706 0.094238 0.052471
34 0.206841 0.478892 0.136553 0.101357
34 0.192212 0.401011 0.093838 0.051006
34 0.186924 0.229771 0.094434 0.050029
21 0.242305 0.129214 0.027813 0.030654
33 0.097114 0.693047 0.035283 0.054785
21 0.207334 0.876821 0.029844 0.030791
33 0.312798 0.553208 0.052881 0.037295
33 0.254736 0.596753 0.037715 0.037139
33 0.253096 0.230596 0.034922 0.036348
33 0.253364 0.324546 0.035674 0.035518
34 0.569497 0.702881 0.097002 0.053770
33 0.517085 0.735044 0.030928 0.052510
33 0.418506 0.704043 0.035449 0.072734
33 0.309346 0.655034 0.029551 0.068564
6 0.241909 0.119019 0.011201 0.012998
34 0.186621 0.281963 0.094824 0.049512
