0 0.582988 0.021553 0.041875 0.043105
34 0.717002 0.923701 0.063379 0.038418
34 0.044155 0.020688 0.088311 0.041240
34 0.044014 0.561831 0.088027 0.110479
34 0.936582 0.020830 0.123496 0.041660
34 0.766421 0.383335 0.063135 0.040322
34 0.297397 0.020508 0.120576 0.041016
34 0.086851 0.350879 0.036885 0.060918
34 0.499248 0.020483 0.128945 0.040947
1 0.109541 0.129229 0.037031 0.073867
1 0.582959 0.129009 0.039512 0.074072
1 0.378579 0.128901 0.037256 0.074209
0 0.109390 0.021392 0.039775 0.042783
3 0.361890 0.258276 0.078877 0.077646
3 0.567632 0.258232 0.080400 0.078652
0 0.378462 0.021484 0.041025 0.042969
3 0.093999 0.258228 0.079229 0.077021
34 0.467417 0.258174 0.118740 0.070547
34 0.026836 0.257739 0.053672 0.071162
34 0.904634 0.258530 0.120107 0.073135
34 0.293555 0.125698 0.123457 0.073447
34 0.498354 0.125762 0.121338 0.073770
34 0.043032 0.126030 0.086064 0.074541
34 0.936084 0.125454 0.122637 0.074521
34 0.355327 0.350669 0.038467 0.061357
34 0.261743 0.257935 0.121279 0.071318
34 0.988901 0.350767 0.022197 0.060518
34 0.558960 0.350483 0.039365 0.061396
