34 0.068013 0.265059 0.136025 0.054844
34 0.065327 0.433340 0.130654 0.053770
34 0.066938 0.347856 0.133877 0.059131
34 0.660732 0.279150 0.202637 0.051172
34 0.970278 0.278057 0.059072 0.042324
34 0.008667 0.817212 0.017334 0.037197
34 0.969995 0.193052 0.060010 0.044502
34 0.661641 0.365825 0.206445 0.052666
34 0.970054 0.364478 0.059873 0.042568
34 0.663179 0.194336 0.205127 0.052480
33 0.487549 0.194990 0.121758 0.074063
34 0.179985 0.816772 0.069424 0.041514
34 0.524702 0.648740 0.070010 0.041777
34 0.718076 0.648228 0.070449 0.041982
34 0.275913 0.674995 0.135225 0.084307
33 0.488052 0.367417 0.121865 0.072783
33 0.871812 0.194951 0.120342 0.073926
33 0.488086 0.280757 0.121309 0.072510
33 0.871870 0.367363 0.120342 0.072168
33 0.871714 0.280991 0.119365 0.071982
0 0.500479 0.015205 0.055918 0.030254
0 0.885801 0.015098 0.056504 0.029961
6 0.957842 0.439688 0.035781 0.037754
5 0.277227 0.752959 0.048184 0.071777
0 0.424004 0.587461 0.034570 0.056445
0 0.887007 0.484033 0.058389 0.033789
0 0.273984 0.926797 0.034961 0.057832
0 0.345498 0.483755 0.059414 0.034658
0 0.808003 0.587144 0.033252 0.055557
21 0.644062 0.088809 0.056055 0.075273
6 0.273501 0.440830 0.033994 0.034824
0 0.959634 0.015059 0.054346 0.030000
6 0.423745 0.959917 0.031924 0.032686
0 0.575015 0.015117 0.057119 0.030234
