34 0.554458 0.862544 0.035068 0.024404
34 0.877866 0.006367 0.056357 0.012715
34 0.986733 0.005942 0.026318 0.011787
33 0.154995 0.620845 0.044424 0.042334
33 0.876299 0.032695 0.040645 0.040039
34 0.293638 0.688423 0.071104 0.099014
33 0.567524 0.450874 0.038916 0.040186
34 0.123887 0.174233 0.067402 0.098838
34 0.025322 0.689673 0.050645 0.102471
34 0.519409 0.010752 0.062021 0.021504
33 0.567100 0.655049 0.040527 0.040273
34 0.504751 0.490122 0.065225 0.047139
34 0.714087 0.836670 0.066260 0.047773
34 0.951665 0.760908 0.034814 0.026074
34 0.072031 0.416621 0.040313 0.023691
34 0.270649 0.169429 0.068486 0.048057
34 0.620791 0.652471 0.064844 0.049531
0 0.993750 0.072666 0.012480 0.033828
15 0.727617 0.112095 0.055488 0.058896
15 0.158604 0.747759 0.079297 0.082510
15 0.270547 0.235308 0.078242 0.081123
2 0.028418 0.234321 0.056836 0.039443
0 0.620239 0.152354 0.018701 0.036914
0 0.876172 0.072642 0.020586 0.035283
0 0.505674 0.654741 0.036562 0.018604
0 0.171802 0.170269 0.020127 0.038057
0 0.506143 0.590220 0.034766 0.018506
0 0.624771 0.774951 0.037158 0.019961
0 0.900718 0.774907 0.034463 0.019561
0 0.505562 0.450068 0.035967 0.017324
0 0.361113 0.170063 0.019941 0.037451
2 0.511440 0.109458 0.059346 0.033428
21 0.621353 0.195967 0.031768 0.035098
2 0.711680 0.877388 0.055625 0.033955
2 0.711860 0.775171 0.057432 0.031787
6 0.745811 0.774092 0.018418 0.015176
6 0.844233 0.775713 0.018779 0.016973
6 0.791680 0.773911 0.020586 0.015537
6 0.843691 0.875942 0.021309 0.018779
6 0.792583 0.876304 0.016611 0.018057
6 0.746714 0.875762 0.018057 0.019141
6 0.678809 0.876304 0.015898 0.019502
6 0.677905 0.774453 0.019150 0.015898
0 0.624854 0.876265 0.037109 0.019404
0 0.569751 0.005303 0.019033 0.010586
6 0.521968 0.876133 0.018350 0.017461
0 0.505200 0.522632 0.036748 0.019072
21 0.978237 0.803052 0.033291 0.035146
6 0.523413 0.775132 0.022100 0.018896
21 0.569946 0.036279 0.033428 0.037148
0 0.900752 0.876157 0.036973 0.020674
0 0.060610 0.682651 0.019443 0.037393
0 0.249619 0.682861 0.020410 0.037598
34 0.557271 0.760977 0.035127 0.025703
34 0.446035 0.065132 0.023242 0.045146
34 0.625298 0.588501 0.066357 0.050146
33 0.567881 0.524048 0.039785 0.039834
34 0.833022 0.073369 0.065635 0.047246
34 0.714063 0.734819 0.066035 0.047861
34 0.578169 0.151670 0.065400 0.048418
34 0.819536 0.730630 0.066318 0.048193
34 0.623838 0.526279 0.066465 0.049609
34 0.157944 0.683423 0.067822 0.047510
34 0.506060 0.623560 0.065420 0.046299
33 0.493975 0.703984 0.062266 0.041016
34 0.558696 0.703872 0.064404 0.047881
34 0.507207 0.418105 0.065957 0.047422
34 0.901509 0.842378 0.066709 0.048760
34 0.260513 0.061826 0.141748 0.052227
34 0.624692 0.844014 0.065557 0.045332
34 0.505747 0.558882 0.065850 0.046143
34 0.623789 0.455728 0.066563 0.050010
34 0.901079 0.741641 0.066572 0.046777
34 0.511289 0.072729 0.065918 0.046748
34 0.031602 0.194521 0.063203 0.050937
34 0.820737 0.830801 0.065830 0.047637
34 0.726084 0.057813 0.067695 0.047773
33 0.567520 0.589712 0.039707 0.039404
34 0.626216 0.741865 0.065771 0.045410
34 0.953418 0.072905 0.065215 0.049912
34 0.154390 0.574482 0.142236 0.051211
34 0.407754 0.175059 0.069199 0.098789
