34 0.105581 0.813223 0.076943 0.047070
34 0.105635 0.715132 0.076875 0.046514
34 0.012769 0.134409 0.025322 0.050928
34 0.107261 0.526938 0.077178 0.046592
34 0.108022 0.432188 0.076201 0.047461
34 0.106787 0.619224 0.076133 0.047764
34 0.022324 0.014736 0.027383 0.029395
5 0.107422 0.760693 0.034258 0.047129
34 0.904556 0.974741 0.077217 0.050107
34 0.560107 0.891235 0.076484 0.047842
0 0.696021 0.928115 0.049482 0.029141
33 0.029810 0.296987 0.030947 0.041182
34 0.891455 0.779814 0.054609 0.027773
34 0.108569 0.303213 0.044912 0.026406
34 0.742461 0.139009 0.076641 0.050146
34 0.884082 0.303940 0.045391 0.027295
34 0.780156 0.014385 0.027266 0.028672
34 0.764590 0.990073 0.046914 0.019854
34 0.748018 0.820205 0.055059 0.028203
13 0.719233 0.036958 0.036494 0.046416
34 0.719761 0.006948 0.069248 0.013877
34 0.163789 0.014419 0.025469 0.028838
34 0.697441 0.891343 0.075215 0.047021
34 0.946372 0.014355 0.025791 0.028711
34 0.885312 0.005518 0.072988 0.011035
34 0.475605 0.014458 0.027187 0.028916
34 0.775293 0.912266 0.044434 0.026309
34 0.570220 0.005859 0.069893 0.011719
34 0.249175 0.005107 0.076143 0.010215
34 0.317651 0.014414 0.026904 0.028828
5 0.107139 0.856587 0.033027 0.044580
34 0.112290 0.005767 0.072217 0.011533
34 0.495396 0.993916 0.100166 0.012168
34 0.411035 0.004385 0.072715 0.008770
13 0.886743 0.035454 0.036826 0.049678
13 0.577329 0.035879 0.035713 0.047344
34 0.626250 0.014502 0.029297 0.028926
5 0.107632 0.480923 0.033408 0.048057
0 0.183174 0.134375 0.030410 0.048770
0 0.962778 0.136616 0.030068 0.052295
0 0.040425 0.135332 0.030459 0.049355
0 0.796328 0.137554 0.029824 0.052041
0 0.334434 0.137212 0.031250 0.051240
0 0.492578 0.137900 0.030664 0.051172
2 0.304185 0.426025 0.031162 0.054609
13 0.115610 0.037051 0.038545 0.043027
13 0.257910 0.036377 0.041680 0.048848
13 0.420146 0.036377 0.044375 0.047949
21 0.495166 0.967749 0.038711 0.040869
5 0.107056 0.570400 0.033174 0.046777
34 0.988931 0.603311 0.022139 0.050137
34 0.588765 0.134951 0.078643 0.052695
34 0.437319 0.136597 0.077627 0.052686
5 0.106670 0.666509 0.033672 0.047471
5 0.106807 0.944937 0.033027 0.045693
6 0.416133 0.203818 0.019141 0.016113
0 0.556250 0.928149 0.047910 0.028545
34 0.111729 0.902144 0.075508 0.046475
34 0.128086 0.134326 0.075762 0.051035
34 0.395024 0.279941 0.075557 0.048730
1 0.447930 0.278916 0.030430 0.051074
34 0.033940 0.251763 0.067822 0.049697
34 0.250815 0.425264 0.076240 0.049648
34 0.277212 0.137227 0.076670 0.051777
34 0.906870 0.135381 0.077627 0.050332
