34 0.979761 0.912539 0.040479 0.044414
34 0.983105 0.860908 0.033594 0.046387
34 0.983008 0.746523 0.033809 0.045918
34 0.306313 0.679414 0.108877 0.063047
34 0.811729 0.735200 0.121602 0.049463
33 0.730405 0.731997 0.040010 0.039814
34 0.980200 0.798604 0.039600 0.045586
34 0.302261 0.834883 0.105791 0.062852
5 0.388188 0.832812 0.072061 0.050586
6 0.385991 0.742441 0.029854 0.033496
34 0.982886 0.973232 0.034209 0.047930
33 0.941411 0.910562 0.038369 0.039971
6 0.386187 0.616670 0.029619 0.035352
33 0.941934 0.857129 0.039453 0.040254
33 0.941948 0.968760 0.039248 0.040820
0 0.385732 0.680142 0.034023 0.064834
33 0.941357 0.796265 0.038848 0.039717
34 0.799385 0.682227 0.088027 0.047461
33 0.731250 0.679844 0.040332 0.039375
34 0.320718 0.943398 0.107725 0.060840
33 0.941572 0.744443 0.039980 0.040703
34 0.610186 0.977974 0.029687 0.043486
