34 0.831294 0.841144 0.038896 0.030271
33 0.757954 0.282227 0.049365 0.075276
33 0.881367 0.282227 0.048438 0.068828
35 0.866460 0.524701 0.106182 0.050530
35 0.260581 0.544589 0.040049 0.034408
34 0.034014 0.727063 0.028184 0.045107
34 0.466567 0.843106 0.037900 0.029842
34 0.478696 0.382463 0.040186 0.032818
34 0.695483 0.281099 0.075244 0.062875
34 0.624067 0.458185 0.077295 0.057024
34 0.792256 0.508754 0.037051 0.030113
34 0.147632 0.116048 0.031592 0.051240
34 0.678296 0.578963 0.075967 0.057678
34 0.611143 0.647182 0.050996 0.031995
34 0.313335 0.520710 0.073975 0.057227
34 0.403276 0.520891 0.075615 0.058940
34 0.323823 0.088613 0.029658 0.056753
34 0.119775 0.579087 0.079785 0.060609
34 0.820073 0.280006 0.076494 0.062672
34 0.725322 0.820530 0.075684 0.059662
34 0.116792 0.861347 0.080908 0.059989
34 0.728462 0.439921 0.077822 0.057182
34 0.449741 0.233106 0.078584 0.058365
34 0.394961 0.815237 0.075195 0.055479
34 0.946729 0.281437 0.075234 0.061973
34 0.728486 0.727345 0.076426 0.059470
34 0.482139 0.711449 0.079277 0.057125
34 0.307046 0.711494 0.191377 0.062041
34 0.881084 0.466652 0.202871 0.066607
34 0.964741 0.619667 0.069932 0.059200
34 0.528599 0.232790 0.073955 0.056584
34 0.943970 0.823653 0.077197 0.058692
34 0.936509 0.729464 0.077744 0.058365
34 0.587813 0.824572 0.072910 0.058388
0 0.448896 0.274983 0.040176 0.029470
0 0.525479 0.274256 0.045195 0.028985
0 0.480366 0.764628 0.057510 0.036336
0 0.393564 0.856071 0.043047 0.031308
0 0.317285 0.562920 0.043105 0.033326
0 0.396167 0.563405 0.041846 0.030440
3 0.679092 0.644425 0.059238 0.075344
5 0.536123 0.855265 0.030117 0.074183
5 0.625483 0.522610 0.038154 0.076494
4 0.121802 0.648100 0.054717 0.078816
4 0.783906 0.835851 0.052773 0.075310
4 0.785376 0.745271 0.053193 0.074938
3 0.728291 0.502435 0.057227 0.074183
1 0.970259 0.664132 0.057236 0.052165
3 0.881406 0.830462 0.062246 0.076505
3 0.875859 0.740056 0.053164 0.076505
6 0.565864 0.570316 0.026787 0.039617
21 0.396064 0.312232 0.039160 0.052153
21 0.500479 0.604324 0.037148 0.056787
21 0.333813 0.899887 0.041162 0.054476
5 0.118955 0.794419 0.041172 0.068388
