34 0.103623 0.525815 0.117480 0.071846
34 0.394434 0.584385 0.238184 0.190488
34 0.246475 0.848179 0.037793 0.063896
35 0.186953 0.169282 0.054844 0.115928
34 0.561196 0.735024 0.078857 0.036709
34 0.373203 0.303389 0.037930 0.061445
34 0.368882 0.138999 0.039404 0.067354
35 0.700801 0.756528 0.115547 0.056455
35 0.395674 0.434829 0.056543 0.120967
34 0.035342 0.812119 0.070684 0.073574
34 0.184136 0.073452 0.163271 0.073682
34 0.555840 0.138696 0.120938 0.076670
33 0.443838 0.138774 0.090840 0.054014
34 0.873477 0.755459 0.242285 0.120371
34 0.072090 0.657480 0.116152 0.070996
34 0.069116 0.356489 0.117021 0.072412
34 0.188599 0.935073 0.122900 0.072510
6 0.395669 0.023984 0.028740 0.026230
6 0.395879 0.046890 0.029160 0.026240
6 0.395879 0.069380 0.028320 0.023740
6 0.396348 0.206733 0.029512 0.025557
6 0.395986 0.229951 0.030957 0.023750
6 0.395986 0.252065 0.030234 0.022627
1 0.187949 0.527383 0.036836 0.072480
0 0.272378 0.936729 0.038799 0.073516
11 0.187344 0.363896 0.121270 0.119746
3 0.171797 0.657070 0.080000 0.073223
3 0.026689 0.735923 0.053379 0.077568
