6 0.603350 0.580542 0.019902 0.021572
6 0.104546 0.251235 0.032178 0.026787
6 0.349771 0.428403 0.019854 0.020596
6 0.627017 0.429224 0.033643 0.039443
34 0.120391 0.991523 0.111289 0.016953
34 0.522334 0.081636 0.080371 0.041377
34 0.690186 0.368271 0.038594 0.075840
34 0.785527 0.912476 0.111777 0.061162
34 0.981831 0.748218 0.036338 0.062412
34 0.133154 0.941113 0.066699 0.039160
34 0.326367 0.990601 0.112246 0.018799
34 0.224756 0.903169 0.109648 0.063662
34 0.169282 0.752065 0.110127 0.062881
34 0.185278 0.640186 0.127412 0.107617
34 0.166880 0.177427 0.040928 0.076201
34 0.221616 0.397505 0.110713 0.065029
34 0.439126 0.795308 0.124287 0.105107
34 0.698545 0.716909 0.109922 0.064072
34 0.416597 0.466108 0.109287 0.063174
34 0.477412 0.640264 0.110215 0.065586
34 0.756436 0.796978 0.128984 0.110576
34 0.470010 0.901592 0.111738 0.064258
34 0.129644 0.561152 0.110029 0.065156
34 0.968257 0.657490 0.063467 0.062051
34 0.671265 0.622588 0.108291 0.064453
34 0.095786 0.467607 0.108896 0.065469
34 0.449790 0.561040 0.109600 0.062158
34 0.796025 0.640923 0.109980 0.063779
34 0.796943 0.494976 0.112246 0.063271
17 0.872959 0.803936 0.093965 0.090488
21 0.189663 0.819595 0.035967 0.035967
6 0.379541 0.519209 0.028066 0.025059
6 0.059629 0.520400 0.020703 0.021816
6 0.712861 0.313213 0.026680 0.034805
13 0.497085 0.966929 0.054521 0.066143
13 0.817852 0.973311 0.055684 0.053379
17 0.298130 0.651958 0.097451 0.092803
17 0.552192 0.802773 0.095127 0.092812
6 0.629336 0.673418 0.024355 0.026680
6 0.950103 0.710542 0.025518 0.024365
0 0.602666 0.621401 0.026387 0.046318
0 0.922983 0.661899 0.025068 0.044580
0 0.550430 0.642832 0.032285 0.057539
0 0.296143 0.903550 0.032949 0.056865
0 0.380444 0.561587 0.027354 0.046846
0 0.059697 0.561665 0.024258 0.045283
0 0.870454 0.642749 0.033486 0.057822
0 0.628638 0.717578 0.026123 0.044531
0 0.028198 0.469219 0.026123 0.046504
0 0.348838 0.469946 0.025820 0.044502
0 0.295659 0.397905 0.031885 0.056377
0 0.949663 0.749712 0.026318 0.045166
0 0.801084 0.540234 0.045371 0.026953
13 0.240942 0.783887 0.047920 0.071270
21 0.747476 0.574272 0.030283 0.033799
6 0.029282 0.427026 0.020107 0.020049
6 0.922690 0.620146 0.019404 0.021719
