34 0.973755 0.482246 0.052490 0.057539
13 0.694629 0.966675 0.035488 0.045166
1 0.918560 0.850161 0.028584 0.051279
34 0.992285 0.849009 0.015430 0.050283
1 0.760488 0.850005 0.028672 0.051318
34 0.934194 0.561494 0.063662 0.031504
34 0.839575 0.914365 0.079561 0.049648
34 0.696289 0.914009 0.079512 0.049717
34 0.858770 0.850176 0.079316 0.052148
34 0.602554 0.962847 0.027393 0.046162
1 0.616836 0.850332 0.029277 0.050371
34 0.536279 0.535522 0.104980 0.056279
34 0.558970 0.850972 0.078506 0.052334
34 0.744507 0.493804 0.086162 0.055869
34 0.639180 0.492578 0.086504 0.054707
34 0.701978 0.851807 0.078389 0.050527
34 0.858682 0.505308 0.085293 0.053311
33 0.644502 0.550337 0.040254 0.059385
0 0.728535 0.319297 0.047773 0.026836
3 0.859639 0.563760 0.056523 0.061445
34 0.979771 0.915557 0.040459 0.050645
34 0.918833 0.717173 0.074717 0.027354
34 0.726821 0.280942 0.078896 0.050459
34 0.851201 0.282090 0.079648 0.048691
35 0.617319 0.769253 0.035479 0.077119
33 0.747563 0.550176 0.040146 0.058887
34 0.761421 0.717207 0.073506 0.027441
0 0.848760 0.319189 0.048301 0.026211
34 0.904619 0.965640 0.027051 0.046904
34 0.746724 0.963203 0.026182 0.044063
34 0.809780 0.230991 0.056416 0.028818
34 0.617778 0.717251 0.074053 0.027705
35 0.919380 0.769331 0.034639 0.077314
35 0.761831 0.769517 0.036709 0.077021
34 0.653179 0.301509 0.055752 0.030518
34 0.510986 0.319507 0.065996 0.035010
35 0.584492 0.318843 0.074551 0.034639
35 0.539043 0.579658 0.074609 0.033438
29 0.812900 0.143120 0.373984 0.130811
13 0.842480 0.966675 0.043008 0.049463
