34 0.205864 0.287756 0.167451 0.064893
34 0.195752 0.014972 0.029141 0.029560
35 0.506938 0.500333 0.048916 0.124228
34 0.512437 0.582063 0.161104 0.044915
34 0.444775 0.088636 0.051094 0.036302
34 0.147227 0.087486 0.073008 0.053844
34 0.308086 0.185964 0.073828 0.053010
35 0.375049 0.302390 0.040586 0.109808
34 0.367080 0.387458 0.166523 0.066099
34 0.050024 0.036533 0.100049 0.073067
34 0.613496 0.032621 0.107031 0.065242
35 0.214521 0.203236 0.039785 0.108320
3 0.366211 0.189211 0.040234 0.045637
3 0.204062 0.090085 0.041289 0.047610
3 0.521426 0.034076 0.072246 0.068151
