34 0.075688 0.875596 0.085986 0.046055
34 0.458755 0.842061 0.086689 0.047500
34 0.076675 0.564111 0.092080 0.045937
34 0.253877 0.868110 0.088027 0.047744
34 0.589531 0.818252 0.116484 0.056172
6 0.744766 0.952422 0.064961 0.058008
1 0.077026 0.919121 0.058154 0.036074
34 0.808862 0.638433 0.029990 0.042510
34 0.076675 0.454971 0.092275 0.047598
34 0.899424 0.638408 0.029219 0.042715
34 0.285786 0.455063 0.091494 0.047529
33 0.084414 0.499468 0.053770 0.048389
33 0.283340 0.499473 0.055918 0.041934
33 0.318423 0.611875 0.080420 0.042148
33 0.061343 0.609858 0.077666 0.041768
34 0.297559 0.566445 0.091387 0.046562
