34 0.666606 0.104116 0.067744 0.044736
34 0.462119 0.674751 0.126250 0.027256
34 0.916299 0.516401 0.121777 0.032373
6 0.569048 0.072378 0.016572 0.016045
1 0.786543 0.549678 0.047773 0.028594
34 0.786577 0.513115 0.077939 0.045234
35 0.466641 0.705913 0.083613 0.037881
35 0.574229 0.716343 0.037715 0.080947
6 0.423950 0.070771 0.015439 0.014844
34 0.981870 0.600137 0.036084 0.044941
34 0.683359 0.479092 0.086250 0.045391
35 0.920117 0.549453 0.085996 0.035234
34 0.378799 0.512202 0.087656 0.045986
6 0.847837 0.071572 0.015791 0.016934
34 0.884248 0.600371 0.077520 0.045117
34 0.560601 0.614170 0.020322 0.032363
34 0.351069 0.668101 0.077529 0.045068
34 0.531074 0.532700 0.040508 0.024033
34 0.576851 0.781387 0.132490 0.049551
34 0.270405 0.636968 0.077080 0.045693
34 0.619048 0.583203 0.067979 0.046602
34 0.622710 0.645498 0.075928 0.046035
0 0.848091 0.153809 0.019424 0.037559
34 0.982222 0.463477 0.035381 0.045254
34 0.215513 0.693892 0.032744 0.023525
0 0.848120 0.107310 0.018740 0.037256
3 0.683774 0.532993 0.052490 0.062373
34 0.526914 0.153003 0.066445 0.045635
0 0.884712 0.631113 0.038623 0.018945
0 0.376851 0.549556 0.052607 0.028760
0 0.574624 0.583740 0.020576 0.036836
0 0.574497 0.646567 0.020771 0.037900
3 0.270869 0.689507 0.051543 0.062646
34 0.526665 0.104712 0.066201 0.043564
34 0.805991 0.151836 0.065811 0.045039
0 0.568896 0.154790 0.019863 0.037295
34 0.805435 0.104243 0.066709 0.044521
0 0.424136 0.106826 0.019014 0.036875
34 0.666733 0.152090 0.067373 0.045234
34 0.381509 0.151890 0.067432 0.045186
0 0.708286 0.153950 0.020049 0.037568
34 0.381064 0.103779 0.067324 0.045879
0 0.424385 0.154146 0.019824 0.039307
0 0.568735 0.107598 0.019541 0.037910
0 0.708530 0.107168 0.018838 0.037773
2 0.352554 0.707686 0.047998 0.030000
6 0.708101 0.071201 0.020166 0.017480
