34 0.403247 0.735942 0.088154 0.046670
34 0.406997 0.082803 0.144092 0.086016
34 0.712041 0.048867 0.084531 0.049785
34 0.891929 0.312544 0.216143 0.073115
34 0.635557 0.312808 0.081934 0.057041
34 0.828452 0.514004 0.025928 0.049785
34 0.767261 0.569492 0.091260 0.051855
34 0.747305 0.663091 0.088672 0.053408
34 0.827417 0.725835 0.022822 0.054443
34 0.853604 0.880361 0.152969 0.055488
34 0.986616 0.754097 0.024893 0.045635
34 0.511104 0.500781 0.091270 0.048223
34 0.546621 0.597231 0.027480 0.049268
34 0.534692 0.679165 0.043037 0.024365
34 0.510322 0.738540 0.087637 0.048740
34 0.521216 0.829546 0.023330 0.043037
34 0.415688 0.826953 0.088154 0.048223
34 0.334536 0.751763 0.023330 0.042002
34 0.406611 0.584790 0.089707 0.050303
34 0.405317 0.505708 0.109932 0.027998
34 0.155117 0.511411 0.027480 0.049775
34 0.095483 0.566377 0.091787 0.051855
34 0.074224 0.662573 0.090752 0.051338
34 0.154858 0.723496 0.024893 0.051855
34 0.171191 0.880361 0.143633 0.058594
34 0.566133 0.982261 0.077422 0.035479
35 0.172051 0.811836 0.037637 0.086016
35 0.352695 0.943555 0.046230 0.095703
35 0.564521 0.917212 0.039785 0.086025
35 0.844629 0.811294 0.040859 0.091396
35 0.409683 0.536025 0.091396 0.039785
5 0.849180 0.565542 0.069258 0.036904
3 0.827432 0.660649 0.067754 0.066885
3 0.584302 0.739595 0.060596 0.051533
0 0.509028 0.535942 0.029990 0.020615
5 0.173887 0.565078 0.072969 0.026758
3 0.407910 0.636523 0.053730 0.053730
3 0.152974 0.658457 0.065791 0.055918
0 0.415728 0.862266 0.038271 0.021016
0 0.457910 0.736187 0.017871 0.034814
33 0.715063 0.309146 0.069893 0.312900
33 0.712373 0.112373 0.064512 0.074199
