34 0.880532 0.204727 0.122100 0.070996
34 0.319404 0.369189 0.119512 0.071328
0 0.017925 0.557153 0.035850 0.073662
1 0.410566 0.602334 0.037246 0.074785
0 0.410464 0.152783 0.038447 0.075430
6 0.752734 0.581182 0.030508 0.026348
13 0.536450 0.767900 0.059990 0.075020
11 0.408179 0.472368 0.125205 0.116240
0 0.173022 0.251035 0.076338 0.041113
34 0.538667 0.694902 0.119443 0.069063
34 0.173447 0.192539 0.122168 0.069395
33 0.446411 0.725791 0.051240 0.079414
34 0.323511 0.601660 0.122217 0.072676
34 0.530508 0.406665 0.122461 0.073311
34 0.982012 0.126807 0.035977 0.071133
34 0.728062 0.411807 0.039912 0.064922
34 0.727793 0.677163 0.038848 0.063174
34 0.981528 0.541050 0.036943 0.074072
34 0.977910 0.227939 0.044180 0.072383
34 0.666382 0.741592 0.063389 0.038555
34 0.325952 0.151528 0.120303 0.074131
