34 0.041758 0.531240 0.083516 0.057578
34 0.469316 0.532559 0.087148 0.054160
0 0.291519 0.530781 0.022881 0.043691
0 0.529121 0.017861 0.022090 0.035723
0 0.638750 0.017715 0.022422 0.035312
34 0.759531 0.753398 0.107891 0.069102
34 0.694048 0.021089 0.083838 0.041787
34 0.802842 0.021372 0.084082 0.042393
34 0.585317 0.021348 0.084854 0.042305
34 0.476226 0.022031 0.085889 0.044062
0 0.747866 0.017778 0.022842 0.035557
6 0.640503 0.485933 0.021123 0.020010
34 0.349404 0.530869 0.087207 0.057324
34 0.274399 0.367808 0.029639 0.047217
34 0.584946 0.532310 0.086572 0.054912
34 0.876587 0.529199 0.087764 0.054453
34 0.684468 0.234380 0.107881 0.064736
0 0.523237 0.530815 0.022627 0.043428
3 0.472051 0.154307 0.078496 0.093555
3 0.690332 0.153232 0.082793 0.084941
3 0.239253 0.672046 0.083877 0.090322
3 0.465596 0.669360 0.080645 0.091396
3 0.758071 0.670972 0.091396 0.088174
6 0.095171 0.487104 0.025811 0.023662
6 0.403232 0.488179 0.024727 0.019346
6 0.931191 0.486025 0.020430 0.023652
34 0.505610 0.469126 0.030166 0.047412
0 0.856479 0.017720 0.023291 0.035439
34 0.796846 0.398691 0.030742 0.047246
0 0.403574 0.530938 0.022148 0.043281
34 0.234219 0.531255 0.088418 0.056748
34 0.394766 0.917505 0.030781 0.047627
0 0.639731 0.530718 0.023857 0.043564
0 0.095645 0.530645 0.023047 0.044004
0 0.814912 0.529902 0.022773 0.045156
34 0.464155 0.238037 0.106201 0.067461
34 0.760508 0.529395 0.086484 0.056074
0 0.933335 0.529966 0.023291 0.045029
34 0.463628 0.754194 0.114287 0.066006
34 0.231870 0.754478 0.113564 0.065459
