34 0.040098 0.210293 0.080195 0.070059
34 0.749331 0.922588 0.020771 0.034160
34 0.901714 0.589233 0.021592 0.033818
34 0.933657 0.883096 0.021826 0.033008
33 0.848203 0.792573 0.038105 0.056338
34 0.150244 0.156572 0.033770 0.021660
34 0.812134 0.527798 0.034775 0.019912
34 0.100728 0.866191 0.039893 0.020234
34 0.082100 0.325669 0.022188 0.040420
34 0.779019 0.922920 0.021201 0.035410
34 0.810996 0.481772 0.033477 0.023389
34 0.721357 0.738267 0.020000 0.032783
34 0.695317 0.587061 0.020713 0.033945
34 0.500845 0.884033 0.023760 0.035703
34 0.713159 0.923521 0.020635 0.034873
33 0.007598 0.034521 0.015078 0.036992
34 0.010850 0.007227 0.021406 0.014453
34 0.874180 0.254507 0.110254 0.040576
33 0.039854 0.121777 0.037461 0.056172
34 0.437852 0.589160 0.022578 0.034473
34 0.467056 0.760396 0.019326 0.034033
34 0.846846 0.743389 0.061133 0.041074
34 0.038516 0.074019 0.068047 0.035439
25 0.861357 0.256367 0.272617 0.234336
6 0.763491 0.976294 0.016924 0.018369
0 0.558481 0.914644 0.056572 0.034326
34 0.794219 0.628696 0.034258 0.022881
34 0.558159 0.966924 0.123232 0.065957
34 0.009233 0.979878 0.018467 0.017686
34 0.853584 0.905508 0.115645 0.102871
34 0.967231 0.731284 0.033721 0.020283
