34 0.318804 0.206048 0.096572 0.072074
34 0.421895 0.543884 0.179668 0.091263
34 0.615488 0.235868 0.028750 0.055998
34 0.700151 0.189718 0.115439 0.073641
34 0.648950 0.026928 0.119932 0.053856
34 0.854673 0.024335 0.110947 0.048670
21 0.576738 0.070028 0.034492 0.042198
6 0.589390 0.357396 0.016514 0.017091
0 0.632412 0.185073 0.017246 0.037655
0 0.577031 0.019183 0.017891 0.035051
3 0.408452 0.196855 0.074561 0.088613
34 0.306240 0.024329 0.098984 0.048658
33 0.388110 0.019098 0.060732 0.038196
34 0.403252 0.298613 0.030996 0.059121
