0 0.616948 0.701528 0.048936 0.027666
33 0.495781 0.420269 0.032734 0.043623
34 0.746123 0.109683 0.027051 0.045264
0 0.617163 0.216245 0.028232 0.050127
0 0.761196 0.216069 0.029600 0.051357
34 0.500190 0.683975 0.049443 0.029180
34 0.719126 0.979727 0.047217 0.027832
34 0.716104 0.880571 0.047246 0.028545
34 0.857124 0.011494 0.071904 0.022988
34 0.500464 0.783804 0.047939 0.027490
33 0.587354 0.420864 0.032148 0.042627
0 0.618276 0.610190 0.049326 0.028018
33 0.858877 0.421182 0.033477 0.044844
2 0.961294 0.553770 0.026885 0.051621
34 0.714761 0.785449 0.047842 0.028301
34 0.494087 0.593184 0.048760 0.027695
34 0.700313 0.011553 0.071230 0.023105
34 0.797954 0.950967 0.079463 0.046348
0 0.617520 0.990962 0.047207 0.018076
13 0.696689 0.113320 0.034746 0.048750
0 0.760850 0.010859 0.027715 0.021523
34 0.553198 0.011943 0.082334 0.023672
34 0.714014 0.685840 0.048574 0.028770
5 0.801079 0.701738 0.032842 0.046758
5 0.801021 0.895479 0.034268 0.048086
5 0.801211 0.609448 0.033516 0.046709
5 0.801045 0.800508 0.034434 0.049414
34 0.991514 0.219434 0.016973 0.053672
34 0.502671 0.879194 0.048877 0.029717
34 0.988003 0.552783 0.023975 0.050508
11 0.674199 0.443555 0.061289 0.056992
34 0.708452 0.594292 0.048604 0.028994
34 0.696187 0.060400 0.079639 0.050000
34 0.767070 0.373306 0.077422 0.050557
34 0.861323 0.216768 0.079580 0.052383
0 0.617686 0.801172 0.047988 0.027695
34 0.858574 0.372627 0.078477 0.051777
34 0.839438 0.061069 0.080146 0.049580
0 0.918843 0.218599 0.027900 0.048936
34 0.672524 0.376406 0.078623 0.074648
34 0.980210 0.061812 0.039580 0.052080
33 0.767578 0.421548 0.031523 0.044561
34 0.703145 0.217158 0.079004 0.051172
34 0.800820 0.750913 0.080117 0.048135
34 0.801968 0.560063 0.079248 0.049111
34 0.800840 0.656758 0.079746 0.047617
34 0.495645 0.373950 0.079746 0.050615
34 0.616172 0.763228 0.079395 0.049600
34 0.586997 0.372793 0.079795 0.049570
34 0.904521 0.112192 0.027402 0.046963
34 0.614224 0.572373 0.079639 0.050137
0 0.616992 0.010937 0.028906 0.021738
34 0.559624 0.216646 0.077783 0.053018
34 0.616099 0.958540 0.078389 0.048369
13 0.840820 0.113701 0.037754 0.053867
34 0.617139 0.858169 0.080449 0.048994
34 0.613989 0.663477 0.079053 0.049199
34 0.799653 0.850049 0.078506 0.046895
0 0.617397 0.896445 0.047646 0.028320
34 0.602349 0.109551 0.027998 0.047344
34 0.506245 0.978247 0.048486 0.027451
