6 0.574233 0.208804 0.037119 0.037119
33 0.398096 0.396553 0.120879 0.073672
33 0.788584 0.396445 0.121582 0.074102
33 0.788730 0.482905 0.121426 0.071045
34 0.577617 0.574424 0.218613 0.048398
34 0.681470 0.115957 0.070596 0.041816
33 0.788511 0.571504 0.121572 0.072109
33 0.398110 0.571514 0.120732 0.071992
33 0.398330 0.483052 0.120703 0.071221
34 0.928506 0.575166 0.142988 0.045723
21 0.724468 0.740747 0.056045 0.085381
0 0.971445 0.196670 0.054414 0.033379
34 0.928765 0.483340 0.142471 0.061289
34 0.928765 0.400542 0.142471 0.052686
34 0.580117 0.486030 0.221504 0.055908
34 0.579575 0.401621 0.233330 0.059141
6 0.965884 0.280332 0.034834 0.034277
0 0.645112 0.255132 0.059717 0.036826
21 0.334180 0.740737 0.054492 0.085537
0 0.723755 0.651313 0.033096 0.055439
0 0.334380 0.651387 0.033037 0.055176
6 0.701421 0.060396 0.048525 0.036650
0 0.365620 0.061621 0.034111 0.056992
0 0.463447 0.140937 0.063809 0.035957
