6 0.682183 0.461714 0.020596 0.017158
0 0.589272 0.048833 0.057041 0.030283
0 0.724102 0.312212 0.018945 0.034971
0 0.592524 0.965439 0.055479 0.030977
5 0.934087 0.882427 0.041514 0.041514
21 0.701484 0.164331 0.030762 0.038838
0 0.701177 0.118218 0.018975 0.032334
34 0.587856 0.016416 0.123252 0.032832
34 0.482759 0.031040 0.044814 0.028682
34 0.687349 0.079224 0.026436 0.044365
34 0.769810 0.121797 0.113389 0.051543
34 0.913901 0.015298 0.028682 0.030596
34 0.923091 0.556440 0.105771 0.055127
34 0.915244 0.640474 0.109805 0.054678
34 0.914800 0.724277 0.113389 0.059160
34 0.893506 0.795537 0.175684 0.060957
34 0.899561 0.880693 0.034512 0.026895
34 0.917261 0.926855 0.028682 0.040332
34 0.588755 0.922373 0.104873 0.056465
34 0.482305 0.947241 0.041680 0.029131
34 0.402241 0.440547 0.028662 0.048418
34 0.792261 0.315034 0.110459 0.061709
34 0.708257 0.357559 0.029561 0.044082
