22 0.568027 0.039136 0.081875 0.077197
34 0.138794 0.261636 0.171455 0.038467
35 0.741616 0.247334 0.054854 0.120664
34 0.244521 0.182896 0.039746 0.082666
34 0.546123 0.297842 0.041055 0.079785
34 0.921025 0.051426 0.039453 0.079551
34 0.388423 0.239268 0.041943 0.080840
34 0.350156 0.454277 0.084570 0.039102
33 0.045845 0.443906 0.044248 0.063867
35 0.818906 0.781343 0.054473 0.120029
34 0.796846 0.677773 0.039980 0.058066
34 0.631187 0.260352 0.037920 0.080605
35 0.138115 0.185928 0.054863 0.121172
34 0.816660 0.875264 0.184863 0.069258
33 0.195107 0.443408 0.043066 0.063457
34 0.462939 0.541875 0.039707 0.066348
34 0.195361 0.378574 0.106523 0.064980
35 0.485342 0.673569 0.055293 0.121436
35 0.853281 0.312632 0.056191 0.119287
34 0.478384 0.078389 0.116514 0.102422
34 0.052007 0.378877 0.104014 0.065117
34 0.734546 0.607969 0.085439 0.040469
34 0.199834 0.583438 0.121777 0.066895
34 0.483091 0.766582 0.185713 0.071250
34 0.049453 0.106450 0.098770 0.114150
6 0.883232 0.631533 0.036250 0.038594
6 0.654478 0.574971 0.031611 0.030137
6 0.569097 0.575273 0.030596 0.029707
6 0.945137 0.575166 0.031777 0.030059
6 0.830781 0.478291 0.031680 0.028789
6 0.414097 0.425508 0.030107 0.029785
6 0.270605 0.426836 0.027656 0.026562
