33 0.161299 0.109146 0.063438 0.106455
5 0.273105 0.802627 0.070117 0.036895
5 0.767109 0.797554 0.063652 0.037822
5 0.446074 0.800317 0.063652 0.041514
34 0.058218 0.085215 0.116436 0.065332
34 0.093096 0.023423 0.124453 0.046846
34 0.260327 0.034570 0.030596 0.069141
34 0.432490 0.054795 0.024375 0.109590
34 0.743877 0.030679 0.021777 0.061357
34 0.424741 0.615063 0.031182 0.290322
34 0.748931 0.651084 0.030107 0.181719
34 0.256460 0.612910 0.032256 0.161289
34 0.116489 0.460952 0.133291 0.063174
34 0.056855 0.528291 0.113711 0.059004
34 0.039502 0.608467 0.079004 0.065254
33 0.627427 0.040327 0.066670 0.080654
33 0.202158 0.081187 0.061289 0.162373
33 0.020703 0.445166 0.041406 0.096777
