0 0.211498 0.617798 0.038485 0.036826
0 0.665699 0.642334 0.104226 0.034160
0 0.045673 0.697944 0.035825 0.036592
0 0.351221 0.328862 0.063923 0.021709
0 0.481288 0.739805 0.056145 0.057344
34 0.383460 0.695366 0.154125 0.047627
34 0.314545 0.193105 0.161785 0.052969
34 0.634301 0.698174 0.158973 0.049258
34 0.354478 0.294360 0.133165 0.049053
34 0.696582 0.525366 0.195825 0.089287
34 0.460707 0.263501 0.037980 0.047393
34 0.579840 0.748154 0.150488 0.049648
34 0.143249 0.429355 0.090640 0.096133
34 0.387138 0.441191 0.092559 0.096660
18 0.545379 0.466772 0.096582 0.020166
6 0.438948 0.390273 0.026717 0.016270
0 0.438274 0.443726 0.038737 0.039502
21 0.738148 0.741943 0.064882 0.038711
34 0.306330 0.616880 0.152694 0.051768
0 0.394646 0.776440 0.036229 0.035322
34 0.665404 0.602935 0.165556 0.047510
3 0.456263 0.193281 0.123468 0.066797
21 0.046734 0.741948 0.061178 0.034404
34 0.396246 0.740859 0.068754 0.043926
34 0.217264 0.433877 0.077862 0.063437
34 0.297037 0.775664 0.151549 0.049551
0 0.732685 0.697544 0.036178 0.037783
