0 0.019038 0.318218 0.037959 0.026357
33 0.159146 0.593018 0.037627 0.048379
34 0.289917 0.441885 0.116182 0.025820
34 0.030757 0.706689 0.041553 0.022598
34 0.581855 0.510811 0.027461 0.043125
35 0.362495 0.047310 0.039033 0.092373
34 0.804644 0.915146 0.082021 0.043145
34 0.137080 0.944043 0.043535 0.024199
34 0.309058 0.109346 0.026318 0.036328
34 0.252412 0.358853 0.086875 0.044717
34 0.295625 0.549214 0.087090 0.077998
35 0.700107 0.950835 0.084824 0.034795
34 0.028530 0.282607 0.056670 0.043496
33 0.110493 0.288154 0.035322 0.054492
35 0.894468 0.566812 0.038506 0.086709
34 0.413096 0.625332 0.040371 0.021367
34 0.404478 0.833613 0.079346 0.047480
34 0.693384 0.915981 0.118486 0.040264
34 0.099106 0.592397 0.079795 0.047900
34 0.964648 0.879316 0.070156 0.044355
34 0.109058 0.235894 0.085186 0.045928
34 0.880811 0.814072 0.024062 0.043066
34 0.035210 0.818809 0.070303 0.047344
34 0.116211 0.429458 0.037148 0.021807
34 0.053232 0.405215 0.079082 0.042598
34 0.970825 0.936880 0.039014 0.020908
34 0.891499 0.493687 0.141221 0.063896
34 0.972085 0.724834 0.055303 0.044687
34 0.451387 0.040552 0.134023 0.062178
6 0.919224 0.849570 0.015537 0.012793
0 0.250503 0.395234 0.052080 0.029785
17 0.894985 0.951865 0.093350 0.096270
20 0.293467 0.635938 0.213535 0.278887
6 0.165649 0.372544 0.012607 0.014717
6 0.164810 0.358882 0.012607 0.013447
6 0.165439 0.345010 0.015547 0.015977
21 0.934160 0.764834 0.030996 0.031465
0 0.355718 0.835728 0.018076 0.034365
0 0.918940 0.879873 0.018232 0.032500
0 0.934478 0.724844 0.017334 0.032461
0 0.052915 0.442476 0.053877 0.030010
0 0.803979 0.950811 0.051787 0.029277
21 0.436499 0.681113 0.032490 0.033359
