34 0.082983 0.381409 0.104482 0.112266
34 0.883213 0.023315 0.079238 0.039662
34 0.013809 0.133675 0.027500 0.077182
34 0.992373 0.352937 0.015000 0.032480
34 0.493794 0.208529 0.044131 0.029775
0 0.493784 0.727317 0.027100 0.058377
34 0.424785 0.724453 0.104570 0.109109
34 0.104893 0.540203 0.109082 0.108455
34 0.318237 0.427678 0.103369 0.111567
0 0.908369 0.373365 0.050820 0.030676
34 0.206680 0.767644 0.063750 0.039729
34 0.702119 0.084042 0.108789 0.109076
34 0.545605 0.427779 0.105977 0.109470
33 0.702520 0.181629 0.058906 0.083709
33 0.105537 0.645231 0.060488 0.098196
0 0.387412 0.424921 0.042480 0.091894
34 0.915298 0.158788 0.169404 0.130519
33 0.178721 0.379346 0.089434 0.071094
34 0.907139 0.305496 0.108203 0.107993
0 0.618530 0.424448 0.041650 0.091894
34 0.488735 0.577260 0.318838 0.093078
