34 0.417007 0.374209 0.081123 0.038535
34 0.889834 0.032925 0.032715 0.045264
34 0.913589 0.191802 0.164482 0.059150
34 0.716167 0.136006 0.113838 0.061406
3 0.658057 0.487402 0.053809 0.062500
3 0.768306 0.485210 0.052236 0.064697
3 0.661060 0.762681 0.051807 0.066768
3 0.769482 0.760430 0.051465 0.064688
34 0.582837 0.136899 0.115186 0.056025
34 0.458467 0.062954 0.212441 0.053330
34 0.358076 0.477739 0.075293 0.027783
34 0.358159 0.750547 0.073604 0.025176
34 0.661260 0.704453 0.087148 0.050742
34 0.713550 0.758101 0.049971 0.028662
34 0.765654 0.704453 0.087539 0.046094
34 0.659683 0.978496 0.094619 0.043008
34 0.766138 0.975811 0.094619 0.048379
34 0.963403 0.370620 0.073193 0.039424
34 0.722886 0.372866 0.079775 0.039443
34 0.661489 0.430005 0.093213 0.047959
34 0.764790 0.430454 0.089189 0.051533
35 0.589795 0.057534 0.036562 0.095693
35 0.718286 0.056997 0.037627 0.094619
35 0.909146 0.111299 0.032256 0.093555
34 0.712583 0.486924 0.053779 0.026445
