35 0.366367 0.413022 0.037441 0.085029
34 0.381689 0.089502 0.077246 0.044707
34 0.249854 0.067930 0.079434 0.046680
34 0.969658 0.428970 0.037617 0.022568
34 0.160317 0.467461 0.022100 0.033125
35 0.300991 0.412124 0.039814 0.084971
34 0.474756 0.075195 0.075273 0.043828
34 0.702349 0.124468 0.080576 0.042822
34 0.108408 0.068081 0.082871 0.046611
34 0.471626 0.125073 0.078252 0.044014
34 0.353574 0.466675 0.024473 0.032725
0 0.558569 0.125947 0.017646 0.032754
0 0.425762 0.519302 0.016211 0.031084
34 0.023452 0.521138 0.043779 0.073174
34 0.081362 0.523481 0.042607 0.079404
34 0.144883 0.522124 0.046484 0.073604
34 0.210537 0.524062 0.043770 0.078242
34 0.272515 0.521733 0.042998 0.082119
34 0.335845 0.520942 0.040283 0.082861
34 0.395889 0.521733 0.043379 0.082119
34 0.460962 0.523071 0.041064 0.086338
34 0.606382 0.125791 0.079150 0.045254
0 0.110527 0.519238 0.016777 0.031406
21 0.686201 0.021782 0.028574 0.030576
0 0.299365 0.069517 0.017734 0.033955
0 0.220347 0.716001 0.017822 0.032021
0 0.519580 0.076919 0.017207 0.033467
34 0.097729 0.467583 0.022354 0.032354
34 0.959800 0.236040 0.080244 0.046572
0 0.158677 0.069722 0.018057 0.034717
0 0.867734 0.317954 0.047305 0.026631
0 0.052007 0.519531 0.016436 0.031113
0 0.301729 0.519390 0.017949 0.031807
0 0.334570 0.089082 0.017168 0.032656
0 0.240825 0.519502 0.017041 0.031895
0 0.365449 0.519517 0.016543 0.032197
0 0.422764 0.126709 0.017930 0.034258
21 0.220903 0.754224 0.030986 0.032432
0 0.651143 0.855142 0.017637 0.032842
0 0.751128 0.126733 0.016846 0.034268
0 0.056426 0.119146 0.017969 0.034404
0 0.193604 0.119214 0.017500 0.034814
0 0.655093 0.076738 0.017490 0.033730
0 0.906948 0.442197 0.053799 0.030215
20 0.605601 0.635352 0.210029 0.282383
0 0.021079 0.069722 0.017295 0.033584
0 0.173394 0.519409 0.016748 0.031729
0 0.541626 0.961040 0.048525 0.027354
0 0.489180 0.519272 0.018379 0.031982
0 0.838374 0.820962 0.017822 0.034854
33 0.741406 0.591401 0.036562 0.051611
34 0.660850 0.467070 0.044473 0.023750
34 0.039780 0.466826 0.023799 0.033496
35 0.241621 0.412422 0.039629 0.084980
34 0.540112 0.925581 0.079189 0.044229
34 0.952441 0.592056 0.079980 0.046846
33 0.963774 0.287773 0.036279 0.054277
34 0.413545 0.467339 0.024219 0.032959
34 0.228364 0.466309 0.023623 0.032109
34 0.907134 0.405483 0.078447 0.042920
35 0.335752 0.189126 0.036172 0.088135
34 0.476528 0.466626 0.024463 0.033701
35 0.110039 0.412681 0.039688 0.086338
34 0.867617 0.282759 0.085449 0.045244
34 0.886089 0.819893 0.077920 0.045117
34 0.104087 0.119580 0.078525 0.043125
34 0.700928 0.854536 0.078848 0.044678
35 0.559253 0.194893 0.036631 0.085059
34 0.241890 0.119570 0.081143 0.043613
35 0.172910 0.412588 0.039785 0.084980
34 0.289214 0.467036 0.024424 0.033350
35 0.058311 0.190796 0.038223 0.087705
34 0.705146 0.074956 0.079395 0.044717
35 0.052129 0.412495 0.041113 0.089111
35 0.656040 0.174302 0.039209 0.086982
35 0.156763 0.167827 0.039131 0.085420
35 0.426953 0.412021 0.037949 0.085781
35 0.299380 0.166519 0.037178 0.087549
35 0.194858 0.188882 0.039561 0.091455
35 0.422041 0.195840 0.041328 0.086211
34 0.053545 0.781011 0.041914 0.024092
34 0.985088 0.943994 0.029414 0.024434
35 0.488608 0.411460 0.040615 0.085713
35 0.751045 0.195757 0.039141 0.086709
34 0.591909 0.265283 0.299775 0.067168
35 0.021035 0.166245 0.036973 0.086826
34 0.607227 0.550303 0.084395 0.075996
34 0.797539 0.592197 0.076211 0.046992
34 0.884321 0.706646 0.041650 0.022705
34 0.169590 0.716846 0.083437 0.043672
34 0.148555 0.844937 0.041914 0.022822
35 0.519258 0.174297 0.038867 0.088008
