34 0.380591 0.369067 0.090654 0.052627
34 0.365723 0.598643 0.119375 0.094316
0 0.705781 0.618379 0.060820 0.035332
0 0.936567 0.795195 0.039053 0.022305
16 0.447202 0.639775 0.038291 0.073086
1 0.822856 0.617700 0.061396 0.035479
0 0.936538 0.715796 0.040029 0.021592
0 0.487485 0.529668 0.037666 0.022031
35 0.446040 0.222378 0.041006 0.092568
34 0.433184 0.309941 0.022832 0.050059
1 0.446279 0.371255 0.029121 0.057471
34 0.872021 0.885508 0.025488 0.050430
33 0.543691 0.530820 0.038555 0.039785
33 0.544077 0.456899 0.038701 0.039854
33 0.977275 0.798047 0.045449 0.035410
33 0.977500 0.717603 0.045000 0.035850
0 0.447310 0.820830 0.032490 0.057559
0 0.487217 0.456792 0.037812 0.021143
34 0.433198 0.734888 0.023799 0.055557
34 0.609385 0.529351 0.090137 0.051084
34 0.939775 0.759424 0.088164 0.047324
34 0.495718 0.496704 0.089561 0.045713
34 0.941523 0.679404 0.089141 0.049102
34 0.610142 0.450991 0.091162 0.052803
34 0.822725 0.574009 0.090684 0.049619
34 0.493467 0.422603 0.087539 0.047510
34 0.706587 0.574277 0.090947 0.048945
34 0.385044 0.820381 0.089834 0.052734
34 0.453994 0.143013 0.199941 0.073467
