0 0.920674 0.983291 0.025977 0.033242
0 0.721069 0.988281 0.027236 0.023281
11 0.766118 0.172153 0.065850 0.072432
6 0.765342 0.246138 0.013945 0.017432
6 0.816860 0.172349 0.019365 0.015498
34 0.880571 0.122212 0.077666 0.047490
34 0.299741 0.783452 0.030088 0.050479
34 0.085845 0.876738 0.058818 0.028359
34 0.325049 0.496353 0.028008 0.059307
34 0.432905 0.347197 0.082529 0.074570
34 0.685947 0.171279 0.082285 0.071543
34 0.870156 0.982847 0.074492 0.034307
0 0.764434 0.319478 0.026973 0.048350
34 0.902920 0.929019 0.027793 0.044424
0 0.864512 0.357432 0.053926 0.033691
17 0.645996 0.852573 0.078242 0.077080
21 0.241802 0.833784 0.024404 0.028662
17 0.926284 0.852344 0.077080 0.076309
35 0.765166 0.471348 0.035469 0.077285
15 0.882515 0.175327 0.057939 0.057178
34 0.084121 0.792886 0.057891 0.028818
34 0.806011 0.341953 0.044150 0.025547
34 0.492612 0.620889 0.026123 0.044766
34 0.949429 0.329609 0.072080 0.026934
34 0.154238 0.407485 0.048535 0.028232
34 0.629766 0.619624 0.028828 0.046299
34 0.868213 0.317383 0.077188 0.047051
34 0.670713 0.987871 0.074570 0.024102
34 0.391338 0.621509 0.026777 0.045928
0 0.764849 0.396299 0.026787 0.047520
34 0.525659 0.620928 0.027256 0.045176
34 0.427061 0.621265 0.027734 0.046006
34 0.461792 0.621030 0.026924 0.045869
34 0.970137 0.136763 0.059629 0.047744
34 0.795063 0.869995 0.058486 0.029756
34 0.184985 0.472793 0.046064 0.028379
34 0.560024 0.620820 0.028486 0.046738
34 0.355137 0.620859 0.027500 0.044961
34 0.594980 0.620776 0.028066 0.046748
34 0.764199 0.545381 0.131641 0.075664
1 0.977734 0.174136 0.044238 0.031846
34 0.927627 0.772861 0.086660 0.078418
34 0.714766 0.394702 0.075098 0.050557
34 0.713564 0.319360 0.075176 0.049346
34 0.270186 0.542451 0.073516 0.049629
34 0.189287 0.784873 0.077012 0.051191
34 0.651694 0.773164 0.091826 0.078242
34 0.703862 0.935918 0.028545 0.046523
34 0.227358 0.712344 0.028916 0.047754
0 0.220972 0.542031 0.028135 0.048281
21 0.220889 0.593057 0.024648 0.025098
0 0.242720 0.781475 0.027666 0.048770
34 0.220664 0.618823 0.089629 0.025537
34 0.242480 0.859512 0.096777 0.031523
35 0.943345 0.358071 0.075186 0.031709
