34 0.187163 0.842559 0.029561 0.052891
35 0.810220 0.118286 0.107529 0.053760
35 0.406997 0.429038 0.047314 0.109678
35 0.879038 0.658071 0.111826 0.047314
0 0.805562 0.029873 0.053135 0.035234
0 0.804478 0.226528 0.053135 0.028467
0 0.407905 0.599048 0.037295 0.055947
6 0.339526 0.046626 0.035049 0.037822
6 0.139951 0.520693 0.028145 0.026426
0 0.141587 0.441704 0.031475 0.055947
21 0.576611 0.721904 0.051660 0.059961
21 0.140264 0.538789 0.055352 0.059043
34 0.050005 0.141475 0.091260 0.115117
34 0.224238 0.181406 0.076738 0.112012
34 0.321211 0.102588 0.031113 0.059121
34 0.411177 0.332568 0.164385 0.087637
34 0.199868 0.440684 0.077783 0.113047
34 0.096416 0.358750 0.048223 0.033184
34 0.220610 0.630991 0.079854 0.116162
34 0.335210 0.603247 0.076748 0.116670
35 0.809683 0.316675 0.108604 0.054834
35 0.680112 0.226890 0.107529 0.051611
35 0.683882 0.027910 0.106455 0.043125
34 0.388364 0.521318 0.030596 0.049258
34 0.519814 0.499536 0.079863 0.111494
34 0.555850 0.649141 0.034746 0.051855
34 0.448511 0.660288 0.042002 0.032666
34 0.288540 0.846191 0.030068 0.051855
34 0.863877 0.607139 0.171641 0.062227
34 0.982104 0.608955 0.035791 0.056523
34 0.650796 0.321001 0.212607 0.065342
34 0.913447 0.268887 0.032676 0.049258
34 0.548906 0.231030 0.149863 0.092822
34 0.804033 0.179434 0.096973 0.052891
34 0.914277 0.068203 0.033184 0.047188
34 0.543252 0.033975 0.155039 0.067949
34 0.643799 0.122139 0.210020 0.057559
33 0.132803 0.636030 0.075273 0.046240
3 0.316299 0.176572 0.090020 0.076758
6 0.492817 0.594990 0.053818 0.066270
