6 0.488965 0.760430 0.035957 0.040605
34 0.470308 0.840249 0.032607 0.049814
34 0.410161 0.698848 0.103818 0.060332
34 0.592114 0.686450 0.052100 0.032959
34 0.739136 0.544424 0.100967 0.057988
33 0.747642 0.406519 0.060752 0.044697
33 0.637803 0.582817 0.057598 0.046436
34 0.893994 0.908223 0.096855 0.057129
34 0.660635 0.398589 0.113730 0.062061
34 0.550991 0.583281 0.114463 0.061348
34 0.892700 0.166128 0.160693 0.129111
34 0.649277 0.792183 0.033438 0.057646
13 0.497964 0.699229 0.069443 0.096250
0 0.981196 0.544956 0.023271 0.041045
0 0.802485 0.544707 0.023740 0.041367
21 0.979829 0.610205 0.039170 0.050859
21 0.802036 0.609536 0.044268 0.051416
4 0.892832 0.968604 0.067207 0.062793
