0 0.418135 0.857900 0.038320 0.074180
0 0.890840 0.858042 0.037910 0.074346
1 0.685962 0.972671 0.036006 0.054658
34 0.047046 0.545703 0.094092 0.061289
34 0.793984 0.244106 0.063613 0.039619
34 0.313892 0.244800 0.066357 0.040088
34 0.601982 0.971045 0.122207 0.057910
34 0.332822 0.971260 0.121953 0.057480
34 0.605566 0.856431 0.121836 0.072783
34 0.807158 0.971221 0.121719 0.057559
34 0.337168 0.857207 0.121211 0.073828
34 0.127769 0.971040 0.123428 0.057920
34 0.810000 0.856528 0.121113 0.072471
34 0.132563 0.856523 0.121299 0.071797
0 0.212710 0.857983 0.037393 0.073545
1 0.890732 0.972749 0.035879 0.054502
0 0.685742 0.857769 0.038535 0.075439
1 0.212764 0.971992 0.041621 0.056016
1 0.417393 0.973726 0.043926 0.052549
