33 0.212217 0.024848 0.065703 0.049042
34 0.394810 0.120237 0.047627 0.033348
33 0.026528 0.172018 0.053057 0.054205
34 0.445205 0.186319 0.046855 0.036178
34 0.672197 0.505423 0.103281 0.068140
34 0.148623 0.433890 0.085527 0.058873
34 0.040635 0.434493 0.081270 0.058343
33 0.308555 0.406669 0.065566 0.049797
34 0.177480 0.309014 0.120996 0.105085
34 0.382041 0.403709 0.083496 0.050868
34 0.456270 0.031156 0.101738 0.062311
34 0.497095 0.418501 0.060439 0.038016
34 0.339214 0.073264 0.049971 0.035163
34 0.395439 0.283439 0.048867 0.034318
21 0.203594 0.542255 0.035977 0.066967
21 0.091743 0.542497 0.043291 0.061793
0 0.202993 0.434030 0.023096 0.046280
0 0.605449 0.504814 0.035117 0.068185
0 0.392285 0.029859 0.023984 0.046776
0 0.091563 0.434053 0.022734 0.045941
