33 0.163618 0.365405 0.044756 0.073271
34 0.169487 0.302070 0.105811 0.052793
34 0.693008 0.775303 0.117559 0.065840
34 0.211660 0.747510 0.100938 0.053496
34 0.211689 0.653804 0.101504 0.053662
34 0.212773 0.559995 0.101582 0.053076
33 0.118892 0.748301 0.076709 0.046328
33 0.138730 0.437139 0.049141 0.073105
33 0.118882 0.652866 0.076982 0.046377
34 0.953555 0.773267 0.092891 0.066416
33 0.118833 0.558066 0.076650 0.044668
34 0.143345 0.498809 0.102314 0.051426
0 0.606880 0.775913 0.044248 0.080107
0 0.879858 0.776016 0.043291 0.080391
