34 0.451616 0.374878 0.061338 0.046318
34 0.624614 0.471235 0.031729 0.018936
0 0.075244 0.653276 0.019668 0.037803
34 0.200371 0.734819 0.098945 0.024932
34 0.788213 0.332739 0.075684 0.044932
34 0.463682 0.961362 0.046797 0.025205
6 0.644673 0.357739 0.021846 0.017471
34 0.663706 0.194731 0.077432 0.045830
0 0.259209 0.483530 0.049199 0.026553
21 0.316992 0.626265 0.029805 0.035537
21 0.327153 0.838350 0.032783 0.035391
34 0.537324 0.403315 0.028535 0.019971
3 0.385557 0.685186 0.051035 0.049922
5 0.113130 0.765903 0.025322 0.043330
33 0.660352 0.245391 0.042266 0.053184
0 0.315112 0.349946 0.019307 0.036377
34 0.374736 0.795332 0.076523 0.044961
34 0.169546 0.211724 0.071436 0.044717
34 0.539736 0.216436 0.069258 0.044883
34 0.855181 0.188613 0.077803 0.045937
34 0.623408 0.628364 0.036699 0.020635
35 0.060620 0.829463 0.082061 0.039824
0 0.213613 0.376499 0.027012 0.051318
34 0.279751 0.652915 0.027803 0.038662
34 0.660874 0.747949 0.076650 0.043301
34 0.372871 0.749126 0.074941 0.043857
3 0.170649 0.261177 0.056592 0.055928
34 0.495127 0.623662 0.066973 0.044551
34 0.167031 0.831777 0.131113 0.048125
0 0.326621 0.793218 0.020234 0.038291
34 0.986499 0.521245 0.026240 0.017139
0 0.316479 0.525264 0.019990 0.036719
34 0.836602 0.392827 0.075234 0.045166
33 0.856260 0.241563 0.040137 0.057500
34 0.784297 0.608379 0.075195 0.046289
1 0.407227 0.376411 0.026191 0.052178
34 0.966655 0.373823 0.027256 0.048779
0 0.316587 0.580571 0.020010 0.038584
5 0.677607 0.481694 0.021660 0.040811
34 0.038994 0.726763 0.055762 0.037256
5 0.728833 0.613345 0.043076 0.025479
34 0.063223 0.688364 0.020801 0.031748
21 0.611318 0.838276 0.032891 0.035557
0 0.611704 0.793389 0.020049 0.037676
0 0.427202 0.528530 0.019463 0.036963
34 0.662026 0.795435 0.075596 0.045400
34 0.388579 0.636606 0.076787 0.045986
34 0.355762 0.467183 0.040195 0.026045
34 0.677568 0.437778 0.068574 0.044854
34 0.257764 0.447417 0.062422 0.045576
34 0.038066 0.651411 0.057773 0.039150
0 0.315342 0.405464 0.019336 0.037451
34 0.463110 0.259092 0.047979 0.024551
34 0.839438 0.483945 0.075596 0.046445
34 0.355449 0.350908 0.061855 0.044844
34 0.835181 0.776904 0.157529 0.142754
34 0.537607 0.546094 0.029844 0.020098
34 0.115435 0.727183 0.059053 0.039580
34 0.362021 0.526729 0.074082 0.045156
34 0.171748 0.447671 0.062461 0.044912
0 0.074795 0.727026 0.020703 0.037373
0 0.326582 0.750278 0.019805 0.036416
34 0.363394 0.580439 0.075850 0.046797
34 0.170713 0.375747 0.063633 0.046221
6 0.075186 0.614253 0.015195 0.015771
34 0.470640 0.471890 0.065088 0.045928
34 0.471475 0.527920 0.066113 0.044531
34 0.358306 0.407065 0.062295 0.045068
35 0.198203 0.765493 0.098418 0.040674
0 0.427305 0.472407 0.019453 0.036260
6 0.428467 0.427690 0.016348 0.016865
33 0.778213 0.393071 0.040645 0.042139
35 0.045308 0.511455 0.086201 0.036484
6 0.756333 0.521626 0.021318 0.017002
0 0.611895 0.749839 0.019258 0.036123
33 0.495200 0.670234 0.029990 0.047031
33 0.782466 0.492446 0.039053 0.056494
11 0.940879 0.697505 0.112617 0.098291
34 0.691289 0.345469 0.032383 0.019297
34 0.963740 0.763413 0.038750 0.021045
0 0.171431 0.483833 0.051455 0.027354
34 0.007856 0.801816 0.015635 0.038516
34 0.875723 0.613179 0.032656 0.019521
34 0.316582 0.716338 0.020391 0.032109
35 0.066006 0.273530 0.081719 0.038193
34 0.054023 0.480737 0.108047 0.026475
34 0.690435 0.511094 0.034326 0.019043
34 0.824023 0.863306 0.041563 0.025342
34 0.600977 0.715771 0.021465 0.032363
34 0.609966 0.344751 0.028232 0.020049
6 0.926587 0.274883 0.018857 0.016562
4 0.542456 0.264443 0.055303 0.051016
6 0.991372 0.777344 0.017256 0.016133
6 0.981943 0.422012 0.017109 0.021777
6 0.891904 0.422212 0.016660 0.022217
21 0.313853 0.450400 0.029854 0.030547
5 0.725508 0.329609 0.042344 0.029160
