34 0.315112 0.983853 0.062666 0.032295
34 0.109985 0.925571 0.050537 0.025811
34 0.540898 0.382534 0.070508 0.040693
3 0.590801 0.542100 0.042773 0.044180
34 0.471997 0.702651 0.066689 0.042490
34 0.252192 0.905762 0.070361 0.039707
0 0.949351 0.943916 0.040400 0.022266
34 0.743711 0.703447 0.067598 0.040488
34 0.304146 0.788604 0.021338 0.042910
34 0.236895 0.965859 0.060918 0.038613
34 0.535937 0.542930 0.063594 0.041914
35 0.314980 0.727949 0.031777 0.072187
34 0.301143 0.661484 0.133047 0.063711
34 0.445391 0.382461 0.071563 0.040488
34 0.959434 0.398828 0.063613 0.043027
34 0.105962 0.978726 0.132295 0.042549
34 0.582720 0.757266 0.026533 0.046230
34 0.949355 0.976909 0.065508 0.041885
34 0.883760 0.828081 0.061582 0.042373
34 0.698379 0.569253 0.063691 0.041709
34 0.949800 0.912866 0.066455 0.041357
34 0.884966 0.930000 0.040576 0.024395
33 0.542549 0.426289 0.031563 0.045879
34 0.781880 0.854487 0.039795 0.025869
35 0.283398 0.728218 0.031094 0.074736
33 0.448599 0.426201 0.031260 0.046133
34 0.273169 0.820581 0.021006 0.043057
35 0.412466 0.704961 0.031182 0.073125
4 0.558608 0.828501 0.045166 0.044092
34 0.621992 0.796743 0.027422 0.046025
35 0.686182 0.705366 0.032578 0.073271
34 0.510674 0.829028 0.061738 0.038760
34 0.884209 0.989595 0.039180 0.020811
3 0.647676 0.570879 0.042422 0.042695
21 0.009692 0.926162 0.019385 0.023770
35 0.798638 0.705503 0.030596 0.072080
35 0.525322 0.704775 0.031504 0.072031
34 0.005771 0.883779 0.011543 0.040000
3 0.831680 0.827705 0.042910 0.044531
34 0.471753 0.653154 0.124033 0.040020
34 0.744092 0.653145 0.124434 0.041016
34 0.359644 0.839687 0.069307 0.039922
