0 0.532471 0.405093 0.053633 0.029775
34 0.486968 0.093389 0.130381 0.065840
33 0.714897 0.696167 0.045283 0.050635
33 0.225967 0.093330 0.066816 0.045820
33 0.592627 0.188862 0.067324 0.045166
34 0.900693 0.932236 0.105273 0.068555
33 0.593345 0.093174 0.066943 0.046016
34 0.125073 0.095015 0.128096 0.067588
34 0.829419 0.449307 0.030342 0.051738
34 0.486167 0.189160 0.129053 0.065352
34 0.124858 0.190518 0.127822 0.068184
34 0.501880 0.844082 0.126338 0.074980
34 0.876221 0.829106 0.104434 0.066689
34 0.920991 0.360664 0.117627 0.069473
34 0.529072 0.608330 0.165605 0.119180
34 0.107280 0.681475 0.162900 0.122500
34 0.532510 0.354556 0.117793 0.065166
34 0.156846 0.556040 0.116289 0.065732
6 0.784307 0.983237 0.013203 0.013018
34 0.102329 0.849644 0.126396 0.075264
11 0.808877 0.704341 0.109941 0.105713
32 0.014497 0.604976 0.028994 0.054521
32 0.430962 0.502886 0.052197 0.045244
15 0.807861 0.933462 0.063633 0.061592
3 0.154761 0.912563 0.096533 0.082197
3 0.546313 0.912876 0.097432 0.081318
22 0.263906 0.692798 0.117422 0.113486
0 0.768569 0.363286 0.029365 0.052725
0 0.808916 0.830103 0.031211 0.054619
0 0.156318 0.505747 0.052363 0.029443
0 0.848018 0.363130 0.029629 0.053994
0 0.155820 0.605640 0.052246 0.030303
0 0.532002 0.505645 0.053242 0.030293
22 0.629810 0.694463 0.121240 0.110781
34 0.411709 0.760825 0.031797 0.052490
34 0.156919 0.455371 0.117100 0.066211
34 0.788545 0.579082 0.029766 0.049668
34 0.918579 0.105015 0.162842 0.122256
34 0.353213 0.626128 0.113789 0.066260
34 0.697134 0.361821 0.114814 0.066162
34 0.714805 0.629346 0.114180 0.067988
34 0.532896 0.455547 0.117686 0.064980
34 0.731279 0.991582 0.125937 0.016836
33 0.348560 0.694233 0.046318 0.053584
34 0.038472 0.370073 0.076885 0.067705
34 0.850122 0.192026 0.049951 0.030049
34 0.920215 0.640986 0.159570 0.128809
33 0.225439 0.188765 0.067676 0.044561
