0 0.299951 0.303286 0.058242 0.038501
21 0.591147 0.431623 0.031689 0.040361
34 0.775688 0.281308 0.043232 0.031026
33 0.593560 0.135986 0.091279 0.045163
0 0.443535 0.198506 0.020000 0.041499
0 0.590449 0.222142 0.019902 0.041353
34 0.382412 0.282435 0.044180 0.030259
34 0.983569 0.164239 0.032861 0.056415
34 0.301079 0.259183 0.066279 0.054487
34 0.780073 0.200671 0.065225 0.057644
34 0.854717 0.256590 0.064785 0.057215
34 0.511509 0.238957 0.111924 0.097238
34 0.399746 0.202142 0.064531 0.055581
34 0.637642 0.226150 0.064893 0.056561
34 0.638662 0.387751 0.065859 0.058005
34 0.593594 0.085192 0.065078 0.055118
21 0.591113 0.019346 0.031230 0.038692
0 0.738638 0.198241 0.019521 0.040271
22 0.592212 0.301860 0.077725 0.097768
0 0.853276 0.302864 0.058682 0.038963
0 0.591123 0.380327 0.018535 0.042255
6 0.591016 0.183145 0.017500 0.018579
