34 0.507100 0.890669 0.303887 0.052646
34 0.639395 0.108955 0.101699 0.053125
35 0.866567 0.728848 0.036377 0.080234
34 0.638848 0.168481 0.100469 0.054346
34 0.437275 0.122842 0.030957 0.050293
33 0.560015 0.162949 0.050635 0.036875
34 0.082505 0.203833 0.163896 0.050264
34 0.084595 0.535723 0.161553 0.132383
34 0.952217 0.643652 0.095527 0.057031
33 0.560264 0.109048 0.051055 0.035889
34 0.638418 0.051689 0.100703 0.054160
34 0.972832 0.077773 0.053965 0.057266
34 0.784277 0.657153 0.031484 0.046904
33 0.255869 0.839204 0.038711 0.054834
3 0.877393 0.820122 0.056992 0.051201
32 0.164487 0.945054 0.047822 0.045420
0 0.906934 0.920356 0.019102 0.030674
0 0.906958 0.974331 0.018857 0.030303
0 0.803755 0.402139 0.038799 0.059863
0 0.702085 0.515371 0.040010 0.062676
34 0.956895 0.975166 0.086094 0.049336
34 0.957705 0.920322 0.084531 0.051367
34 0.944458 0.732046 0.111084 0.058232
34 0.874897 0.394741 0.100557 0.055264
34 0.512466 0.459453 0.031455 0.047910
34 0.952881 0.820430 0.094121 0.053965
34 0.969292 0.299341 0.061416 0.056143
34 0.322041 0.829795 0.099102 0.056230
34 0.631182 0.515161 0.099023 0.055537
34 0.950166 0.563989 0.099668 0.056045
34 0.681284 0.331489 0.033018 0.048584
34 0.949561 0.484868 0.100879 0.057256
