21 0.191553 0.216990 0.031719 0.041105
21 0.850381 0.053523 0.032227 0.042537
0 0.742524 0.040039 0.030908 0.063935
21 0.511523 0.213850 0.035781 0.047452
0 0.278989 0.119183 0.055928 0.035862
0 0.684199 0.085113 0.018379 0.039966
0 0.510435 0.163219 0.019033 0.040372
0 0.191001 0.165727 0.019443 0.042368
34 0.637603 0.086195 0.066299 0.054622
34 0.992012 0.086184 0.015918 0.056291
34 0.466670 0.161742 0.065625 0.054690
34 0.016895 0.256122 0.033789 0.058670
34 0.146626 0.164205 0.065986 0.056234
34 0.275376 0.072920 0.068584 0.054656
34 0.790454 0.040975 0.065264 0.056043
34 0.366519 0.100163 0.038057 0.029572
34 0.893164 0.018061 0.056055 0.028455
33 0.685093 0.040389 0.039014 0.048534
