34 0.940576 0.927251 0.029434 0.043389
34 0.593750 0.577749 0.108457 0.054619
34 0.579995 0.645532 0.111162 0.056943
34 0.551914 0.800859 0.175078 0.057715
5 0.595474 0.881958 0.043447 0.029521
5 0.069185 0.784639 0.029619 0.043359
5 0.165591 0.754194 0.043447 0.034131
5 0.954844 0.883345 0.047969 0.032295
34 0.561787 0.884141 0.032148 0.030605
34 0.577671 0.923848 0.029053 0.039512
34 0.191099 0.723389 0.035244 0.028281
34 0.098911 0.727266 0.107295 0.051523
34 0.102393 0.768906 0.034473 0.027891
34 0.086704 0.840371 0.104580 0.052285
34 0.148877 0.915127 0.028281 0.043770
34 0.864468 0.590063 0.107295 0.056162
34 0.856719 0.673540 0.108848 0.061982
34 0.836963 0.778315 0.108848 0.051514
34 0.855166 0.842227 0.178574 0.060039
34 0.575928 0.729590 0.103027 0.060820
34 0.284258 0.623647 0.106133 0.057334
34 0.298389 0.565547 0.106523 0.055781
34 0.111113 0.626938 0.106133 0.056162
34 0.120020 0.562832 0.104590 0.057324
34 0.938257 0.015850 0.029053 0.031699
34 0.576470 0.015659 0.027510 0.031318
