34 0.292612 0.393076 0.053447 0.026953
35 0.919932 0.723843 0.037207 0.083447
34 0.920728 0.782495 0.155889 0.034932
34 0.735015 0.799834 0.046455 0.026914
34 0.636631 0.303867 0.027246 0.047090
35 0.748003 0.638340 0.043857 0.067500
34 0.858687 0.294355 0.072354 0.049297
0 0.613228 0.873755 0.023994 0.043115
21 0.878623 0.681582 0.040625 0.049805
11 0.440493 0.817256 0.077510 0.080547
0 0.871812 0.024546 0.042393 0.024150
0 0.876548 0.619209 0.017900 0.033340
0 0.754785 0.294404 0.018887 0.031348
0 0.811968 0.294634 0.018623 0.030693
34 0.750444 0.710723 0.150146 0.074238
34 0.972974 0.006641 0.054053 0.013281
34 0.767891 0.061733 0.024941 0.044307
35 0.614453 0.955801 0.043301 0.086113
34 0.698315 0.561206 0.077412 0.049932
34 0.942520 0.568018 0.043574 0.023457
34 0.872393 0.006631 0.070566 0.013262
34 0.924194 0.288369 0.025811 0.044727
33 0.322139 0.777495 0.045996 0.072568
34 0.835117 0.530596 0.071523 0.045254
34 0.830474 0.620186 0.075146 0.047832
34 0.984399 0.527905 0.031182 0.043623
34 0.323042 0.718193 0.065869 0.042871
0 0.783286 0.527695 0.028936 0.053242
0 0.747573 0.560190 0.019326 0.033232
17 0.785371 0.409502 0.127617 0.125293
13 0.726113 0.023716 0.044199 0.047432
21 0.674087 0.077646 0.038604 0.046992
6 0.812437 0.251743 0.019014 0.021260
6 0.754814 0.251187 0.020137 0.021260
34 0.706460 0.293179 0.074619 0.049600
34 0.673833 0.454355 0.090674 0.074902
34 0.887212 0.350786 0.025264 0.046846
34 0.439565 0.737197 0.092803 0.074648
0 0.978491 0.024277 0.041924 0.025039
34 0.562388 0.874004 0.076416 0.049297
34 0.972739 0.295840 0.054521 0.049863
