34 0.144327 0.324199 0.128013 0.076641
34 0.034049 0.106006 0.068098 0.045723
34 0.200236 0.016387 0.076902 0.026289
0 0.223022 0.848521 0.088771 0.032588
34 0.516330 0.682939 0.047980 0.045215
34 0.228157 0.810039 0.133754 0.049961
34 0.144226 0.534658 0.095017 0.026113
34 0.513889 0.228545 0.049192 0.046367
34 0.064318 0.611343 0.127391 0.047295
34 0.245572 0.243369 0.047508 0.055176
34 0.069057 0.697153 0.131212 0.049951
34 0.185606 0.107930 0.126700 0.050605
6 0.048258 0.552393 0.038771 0.016973
1 0.274386 0.107622 0.046684 0.049854
34 0.028746 0.832446 0.055202 0.025811
34 0.033047 0.143467 0.066094 0.023945
34 0.019057 0.485288 0.038114 0.046338
0 0.093224 0.107041 0.046852 0.047930
11 0.274874 0.323750 0.125774 0.072500
