0 0.013657 0.360552 0.020068 0.037666
0 0.843892 0.304932 0.022432 0.038652
0 0.317700 0.252090 0.021885 0.037969
0 0.425601 0.070947 0.022354 0.037695
0 0.175391 0.070811 0.021816 0.038301
0 0.317749 0.193135 0.021377 0.036582
0 0.971050 0.246201 0.022373 0.039551
0 0.751729 0.445767 0.021875 0.038135
1 0.013716 0.239805 0.021260 0.036836
6 0.491968 0.350786 0.014600 0.014150
6 0.751592 0.350425 0.017441 0.016436
34 0.693594 0.388027 0.092832 0.052461
33 0.607056 0.116885 0.043193 0.059492
34 0.434312 0.388589 0.091826 0.051768
34 0.259087 0.252012 0.092158 0.052012
34 0.710024 0.061138 0.093877 0.051201
34 0.072529 0.240020 0.093301 0.052578
34 0.081367 0.069736 0.094414 0.052422
34 0.235537 0.070488 0.094629 0.053809
34 0.369375 0.019253 0.092031 0.038115
34 0.492095 0.071831 0.094678 0.053096
34 0.251289 0.131113 0.057363 0.030742
34 0.258926 0.190464 0.091875 0.052061
34 0.038047 0.481431 0.062871 0.032432
34 0.110381 0.577515 0.195391 0.059736
34 0.653008 0.198481 0.122461 0.052002
34 0.839053 0.016504 0.089512 0.033008
34 0.694209 0.446167 0.093945 0.049951
34 0.895894 0.462549 0.207666 0.057715
34 0.073008 0.357749 0.092441 0.052471
34 0.132192 0.294473 0.032178 0.058809
34 0.769741 0.203467 0.094189 0.053437
35 0.844487 0.387168 0.043232 0.093223
34 0.606885 0.060576 0.090684 0.052246
0 0.971284 0.307842 0.022275 0.039102
0 0.492109 0.445845 0.022539 0.038076
0 0.175356 0.016450 0.021260 0.032900
0 0.774478 0.242324 0.039229 0.022324
21 0.317827 0.301870 0.030850 0.040713
0 0.492056 0.389351 0.022041 0.037744
3 0.084482 0.133130 0.074102 0.072510
3 0.585859 0.483418 0.075762 0.074004
3 0.493838 0.133188 0.072129 0.070928
0 0.426006 0.016582 0.021758 0.033164
0 0.751460 0.389375 0.022158 0.037383
34 0.911904 0.244390 0.090137 0.051924
34 0.234824 0.019619 0.092578 0.038770
33 0.853828 0.055205 0.066387 0.042187
34 0.583721 0.421865 0.093047 0.051191
35 0.661704 0.242495 0.098936 0.042314
35 0.970288 0.386909 0.041924 0.093057
34 0.368452 0.070454 0.091729 0.052744
34 0.912124 0.305522 0.090010 0.055088
34 0.015547 0.060894 0.031094 0.053643
34 0.785864 0.301592 0.089658 0.053008
33 0.715469 0.117275 0.042969 0.059180
34 0.434824 0.447144 0.091211 0.052588
