20 0.896694 0.193286 0.206611 0.386573
34 0.533379 0.176883 0.052090 0.033720
35 0.393228 0.199104 0.103994 0.048782
35 0.710762 0.600265 0.092969 0.048737
34 0.854131 0.529352 0.095078 0.061680
34 0.630493 0.153230 0.092959 0.059402
34 0.377256 0.131071 0.226836 0.098219
34 0.711377 0.534577 0.152363 0.089831
34 0.938442 0.743658 0.092451 0.060868
34 0.703604 0.266195 0.091680 0.061995
34 0.943755 0.579222 0.056826 0.034949
0 0.762813 0.268191 0.022148 0.043867
21 0.761987 0.324842 0.034072 0.047249
0 0.634707 0.199109 0.053926 0.032221
3 0.852759 0.587587 0.046572 0.052830
5 0.940664 0.685772 0.030527 0.057024
