3 0.538369 0.968486 0.055059 0.048691
0 0.567153 0.870547 0.018584 0.031133
0 0.769766 0.066689 0.041641 0.062324
0 0.567114 0.814902 0.018311 0.030000
34 0.040195 0.842422 0.080391 0.056484
34 0.630649 0.871226 0.108838 0.054639
34 0.650527 0.484653 0.113926 0.056650
34 0.959312 0.862266 0.081377 0.055000
34 0.960156 0.785869 0.079551 0.054648
34 0.627812 0.728174 0.157949 0.056523
34 0.959634 0.711050 0.080557 0.054854
0 0.393452 0.529248 0.037939 0.060000
0 0.852476 0.616333 0.040615 0.062588
21 0.566982 0.906616 0.027188 0.031709
5 0.770122 0.284819 0.057783 0.035342
0 0.468467 0.403506 0.040234 0.060215
34 0.190283 0.951572 0.277422 0.045156
34 0.200493 0.891353 0.304307 0.049463
33 0.885747 0.860513 0.060771 0.039092
34 0.832524 0.352612 0.033643 0.046670
35 0.526914 0.723662 0.036855 0.079746
34 0.448594 0.534268 0.032656 0.046816
33 0.251357 0.161250 0.049375 0.037227
33 0.885034 0.709497 0.060713 0.040068
33 0.885518 0.783174 0.060840 0.039687
34 0.126792 0.129531 0.032529 0.047070
34 0.831553 0.819575 0.034453 0.045752
34 0.331729 0.106709 0.099336 0.051836
33 0.739121 0.484697 0.057734 0.039063
33 0.739580 0.643779 0.056738 0.038652
34 0.203320 0.473525 0.032598 0.048242
33 0.251030 0.108193 0.049541 0.035898
34 0.537197 0.402754 0.100605 0.055625
33 0.739062 0.561787 0.057207 0.037500
34 0.371948 0.345918 0.033271 0.049180
34 0.621738 0.969243 0.109355 0.053193
34 0.651484 0.564087 0.112500 0.055596
34 0.330327 0.050806 0.099346 0.052822
34 0.695933 0.064062 0.111104 0.055313
34 0.654370 0.644004 0.112256 0.055332
34 0.319248 0.530093 0.110566 0.054482
34 0.899146 0.459790 0.033115 0.047842
34 0.930923 0.616938 0.109951 0.056025
34 0.331021 0.165059 0.099775 0.053828
34 0.686182 0.285874 0.111992 0.055010
34 0.631348 0.815073 0.108594 0.052979
