34 0.943291 0.792808 0.062578 0.039209
3 0.809346 0.522705 0.079805 0.075254
0 0.184507 0.550034 0.040029 0.074072
0 0.607480 0.550005 0.040410 0.074326
3 0.386104 0.522788 0.077871 0.075029
34 0.817119 0.131924 0.233164 0.107480
34 0.521807 0.548843 0.121445 0.070439
34 0.711216 0.522051 0.118643 0.070781
34 0.941763 0.548823 0.116475 0.072002
34 0.289116 0.522192 0.119463 0.070967
34 0.159629 0.682354 0.039434 0.064082
34 0.363047 0.915757 0.231758 0.106826
34 0.099287 0.549019 0.122129 0.071299
34 0.394971 0.131665 0.231465 0.109189
34 0.582988 0.682837 0.039473 0.062764
35 0.825103 0.241714 0.052666 0.111377
34 0.815269 0.747368 0.148193 0.064639
34 0.802759 0.975664 0.149150 0.048672
35 0.402788 0.242188 0.054307 0.111387
34 0.379170 0.357349 0.035840 0.082568
34 0.802012 0.357358 0.036797 0.082080
34 0.394941 0.747256 0.147090 0.064297
34 0.043750 0.134604 0.087422 0.104268
34 0.024277 0.750366 0.048555 0.067744
35 0.825425 0.660972 0.053096 0.113877
35 0.402661 0.660835 0.055107 0.114385
34 0.294917 0.405249 0.063213 0.038428
34 0.716787 0.405376 0.062832 0.038330
34 0.512407 0.793105 0.063916 0.039473
34 0.114639 0.793120 0.061035 0.040928
35 0.371455 0.987026 0.052793 0.025791
