34 0.086426 0.759463 0.088418 0.047227
34 0.088457 0.679224 0.088457 0.048896
33 0.847598 0.479150 0.058633 0.040215
34 0.866470 0.513960 0.022314 0.046318
6 0.966343 0.559150 0.048721 0.032480
0 0.644600 0.978867 0.031973 0.042266
0 0.082710 0.716138 0.039912 0.021611
0 0.083101 0.795469 0.040342 0.022363
0 0.566865 0.559355 0.056738 0.033281
33 0.136284 0.717324 0.040596 0.039199
34 0.352769 0.994116 0.083838 0.011768
33 0.136406 0.796660 0.039902 0.038691
34 0.628799 0.909106 0.026719 0.047334
35 0.644146 0.818047 0.042861 0.095664
34 0.775581 0.467896 0.092783 0.051924
34 0.647100 0.734878 0.102969 0.075010
34 0.813774 0.544795 0.055088 0.023887
34 0.018467 0.885586 0.024512 0.050078
34 0.568394 0.516826 0.102549 0.051582
34 0.576118 0.978931 0.091553 0.042139
34 0.205044 0.795542 0.090811 0.052295
34 0.202153 0.713638 0.089404 0.051182
