34 0.235757 0.688960 0.093350 0.049580
34 0.159448 0.628335 0.029053 0.049971
34 0.231108 0.577397 0.089482 0.048037
34 0.249507 0.138730 0.088311 0.046094
34 0.364937 0.058740 0.085986 0.045703
34 0.681016 0.810972 0.085215 0.048799
34 0.601221 0.813682 0.030996 0.041836
34 0.759453 0.965522 0.090254 0.053447
34 0.856484 0.975981 0.026348 0.048037
34 0.941313 0.980825 0.092197 0.038350
34 0.579146 0.973271 0.091416 0.053457
34 0.445508 0.982373 0.090645 0.032148
34 0.290181 0.912261 0.090635 0.053838
34 0.288052 0.990312 0.091025 0.019375
4 0.946836 0.327314 0.038379 0.049336
0 0.305571 0.088325 0.019951 0.036748
21 0.554580 0.062261 0.031309 0.043076
6 0.176431 0.293584 0.025283 0.028438
6 0.305508 0.051978 0.020684 0.016943
0 0.231460 0.381396 0.022021 0.038184
0 0.231343 0.452617 0.020850 0.036777
0 0.175703 0.578198 0.021406 0.037412
0 0.176514 0.689453 0.022500 0.037656
0 0.231704 0.909863 0.021416 0.037402
0 0.682104 0.572876 0.039189 0.020322
0 0.683154 0.845215 0.040117 0.020332
6 0.176177 0.823257 0.027686 0.026143
0 0.516431 0.192173 0.053311 0.030107
0 0.555166 0.017998 0.020391 0.035996
0 0.458413 0.292534 0.024463 0.035752
0 0.457651 0.234985 0.023564 0.039209
15 0.448945 0.779189 0.068574 0.072559
0 0.305308 0.138115 0.020479 0.037617
1 0.426172 0.064160 0.027734 0.055918
4 0.945469 0.485464 0.052070 0.065205
4 0.945605 0.900757 0.039844 0.042939
34 0.760425 0.411030 0.089092 0.047646
35 0.792480 0.846240 0.093555 0.036562
35 0.793018 0.574199 0.092480 0.036563
35 0.189790 0.194092 0.094619 0.035488
34 0.036079 0.033179 0.032529 0.042607
34 0.496636 0.026079 0.088311 0.052158
34 0.663779 0.018525 0.087930 0.037051
0 0.604707 0.018911 0.029434 0.037822
0 0.737969 0.018716 0.025547 0.037432
34 0.797803 0.018911 0.087148 0.037822
34 0.676758 0.174170 0.044160 0.029434
34 0.515620 0.151704 0.089092 0.049580
34 0.399019 0.238857 0.089072 0.050352
34 0.400767 0.293667 0.088701 0.046865
34 0.156157 0.953125 0.034092 0.041055
34 0.209805 0.324648 0.046875 0.029805
34 0.120132 0.369585 0.084443 0.038350
34 0.289985 0.382178 0.089482 0.050352
34 0.289019 0.449771 0.094521 0.049971
34 0.447061 0.439116 0.089863 0.055771
34 0.583213 0.414712 0.094902 0.051904
34 0.070913 0.190630 0.141826 0.056943
33 0.762368 0.741943 0.050537 0.064512
33 0.579575 0.744629 0.044092 0.059141
34 0.941313 0.704834 0.089873 0.046484
34 0.857065 0.694766 0.026729 0.051133
34 0.943833 0.560166 0.091025 0.046094
34 0.796445 0.545635 0.101484 0.027109
34 0.942090 0.429819 0.087539 0.046475
34 0.948481 0.280107 0.089482 0.049199
33 0.762910 0.467749 0.051621 0.064521
34 0.943057 0.848740 0.087148 0.050742
34 0.797798 0.819492 0.100322 0.026348
34 0.856680 0.424214 0.027500 0.046885
33 0.578174 0.470293 0.038340 0.060039
34 0.249121 0.086245 0.087539 0.049580
35 0.055381 0.112373 0.040859 0.095703
4 0.943828 0.761196 0.056484 0.059639
15 0.449526 0.507231 0.067412 0.071865
4 0.946436 0.610352 0.040332 0.047070
21 0.459082 0.337012 0.033203 0.040820
34 0.760229 0.684502 0.089482 0.049961
34 0.681792 0.537695 0.084443 0.053066
34 0.601997 0.539438 0.028662 0.038740
34 0.579336 0.689150 0.088711 0.053066
34 0.445312 0.714326 0.087930 0.050742
