34 0.396387 0.057896 0.238340 0.114521
34 0.522358 0.296172 0.039521 0.062754
34 0.845757 0.752549 0.122002 0.074785
34 0.383823 0.277866 0.039463 0.062979
34 0.322754 0.470210 0.115254 0.073018
34 0.603457 0.950688 0.116172 0.072861
34 0.622158 0.568979 0.115645 0.069463
34 0.320181 0.712368 0.112764 0.070830
34 0.322676 0.953394 0.114199 0.072178
34 0.601572 0.713301 0.114707 0.072520
1 0.687827 0.951436 0.037646 0.073750
1 0.405947 0.954653 0.038848 0.073486
0 0.688013 0.471191 0.037588 0.073105
0 0.547212 0.212451 0.038115 0.074355
0 0.405723 0.471475 0.039453 0.074180
11 0.686616 0.816880 0.121748 0.115850
0 0.477563 0.618740 0.074600 0.038301
34 0.626045 0.210542 0.117148 0.071631
0 0.617808 0.619883 0.073799 0.036250
11 0.407031 0.816685 0.126582 0.115342
34 0.610557 0.469731 0.115723 0.071475
34 0.472236 0.565645 0.115371 0.069355
34 0.527773 0.850601 0.125723 0.072041
