6 0.443354 0.557275 0.017217 0.016270
34 0.520708 0.592085 0.068193 0.045576
34 0.495068 0.069155 0.048906 0.023896
34 0.520684 0.640225 0.067988 0.046387
0 0.566177 0.642192 0.020264 0.036670
34 0.399839 0.639199 0.067451 0.045605
6 0.565898 0.557822 0.015605 0.015703
0 0.566138 0.593569 0.019639 0.036631
34 0.399507 0.591240 0.066182 0.045098
0 0.443745 0.593701 0.019658 0.036719
0 0.443735 0.640552 0.020010 0.037178
34 0.439053 0.011768 0.042734 0.023535
34 0.405889 0.194893 0.025684 0.040020
