34 0.508437 0.687300 0.111875 0.065127
33 0.729453 0.949570 0.065059 0.044980
34 0.367139 0.662900 0.112520 0.064746
34 0.363008 0.542949 0.164219 0.037227
34 0.369653 0.357803 0.166299 0.033770
34 0.943042 0.319390 0.113467 0.121494
34 0.374121 0.175547 0.164844 0.037148
34 0.369980 0.725767 0.165469 0.034639
0 0.371401 0.423823 0.080889 0.040439
0 0.372148 0.792310 0.077891 0.040439
0 0.372148 0.613311 0.079395 0.038945
0 0.372896 0.245571 0.079385 0.044932
6 0.371797 0.755210 0.029004 0.030166
6 0.371221 0.573652 0.034805 0.026680
6 0.371221 0.385718 0.032480 0.031318
6 0.371216 0.206484 0.027842 0.032480
3 0.511460 0.398833 0.083740 0.091709
3 0.511211 0.221338 0.083672 0.090430
3 0.511421 0.768989 0.083877 0.092236
3 0.511689 0.588354 0.084492 0.091182
34 0.441572 0.596187 0.059805 0.026670
34 0.441821 0.228555 0.058955 0.027070
34 0.442705 0.776030 0.060391 0.028428
34 0.508613 0.318403 0.124023 0.065107
34 0.510571 0.142686 0.113994 0.062832
34 0.442705 0.407778 0.060098 0.027725
34 0.368096 0.297310 0.112930 0.063232
34 0.630654 0.942187 0.129590 0.069199
34 0.369097 0.843140 0.112490 0.065166
34 0.368018 0.474146 0.113203 0.063037
34 0.510757 0.512817 0.112646 0.060967
