34 0.510103 0.246990 0.052275 0.289109
34 0.967344 0.717943 0.065312 0.066257
34 0.441802 0.717638 0.101631 0.066144
34 0.259976 0.718219 0.097803 0.067080
35 0.691714 0.443202 0.045205 0.115355
34 0.623145 0.717802 0.103359 0.066359
0 0.328032 0.717694 0.027803 0.057170
6 0.509927 0.564104 0.035498 0.066674
6 0.691484 0.565592 0.037109 0.065096
6 0.872812 0.564521 0.037207 0.066539
21 0.107227 0.039848 0.054160 0.079696
6 0.328647 0.566567 0.036748 0.062356
0 0.873159 0.717779 0.027822 0.055536
0 0.509658 0.718038 0.027480 0.056753
0 0.690757 0.718117 0.026533 0.056054
35 0.329663 0.443382 0.045596 0.114138
35 0.510894 0.443884 0.044131 0.115795
35 0.873418 0.444284 0.045918 0.115626
34 0.328369 0.246505 0.052695 0.289380
34 0.872021 0.247576 0.057637 0.291793
34 0.691255 0.246336 0.060107 0.288636
34 0.805024 0.717632 0.103135 0.065998
