34 0.404292 0.441372 0.062686 0.040635
34 0.434712 0.739272 0.098721 0.043193
33 0.012051 0.240625 0.024023 0.056836
11 0.091255 0.697832 0.119717 0.097871
34 0.934146 0.551304 0.125713 0.022080
6 0.143237 0.696812 0.015771 0.015498
6 0.186689 0.697207 0.019648 0.014844
34 0.031538 0.792974 0.063076 0.115732
34 0.894922 0.715210 0.020762 0.030479
34 0.317725 0.764292 0.028750 0.016924
35 0.426582 0.776284 0.081309 0.034814
35 0.924507 0.580337 0.081553 0.035322
34 0.161797 0.465132 0.036055 0.020518
15 0.765332 0.509170 0.056777 0.059160
34 0.109849 0.763569 0.039131 0.020771
34 0.141167 0.521592 0.041592 0.016777
4 0.836680 0.491338 0.052715 0.063301
34 0.011460 0.484067 0.022822 0.045439
33 0.404888 0.484458 0.029600 0.044209
34 0.833457 0.548970 0.063027 0.041807
0 0.240801 0.476948 0.019590 0.035635
0 0.182822 0.287012 0.018945 0.036719
6 0.139160 0.776860 0.017695 0.015381
33 0.293413 0.665127 0.028760 0.053574
21 0.724272 0.653887 0.031924 0.034219
34 0.259912 0.804414 0.057168 0.034863
0 0.624326 0.342539 0.019629 0.038359
15 0.637900 0.697261 0.055312 0.058486
33 0.389790 0.672319 0.030947 0.044033
33 0.857856 0.672480 0.031729 0.044668
0 0.667349 0.416841 0.049561 0.025166
34 0.291558 0.616597 0.068701 0.044033
34 0.853936 0.628926 0.060078 0.045664
34 0.010137 0.392671 0.020195 0.044971
0 0.545156 0.616021 0.041719 0.022002
21 0.674951 0.289253 0.032754 0.035186
34 0.511147 0.716064 0.019463 0.030332
0 0.725093 0.552026 0.018760 0.035791
34 0.395151 0.845381 0.061611 0.037930
34 0.171460 0.762339 0.039541 0.021943
6 0.182964 0.257612 0.015771 0.014541
34 0.020386 0.188560 0.040732 0.045361
0 0.298574 0.739404 0.020645 0.038242
34 0.385625 0.627915 0.058945 0.045732
0 0.624082 0.290493 0.019492 0.037451
34 0.533501 0.406362 0.022256 0.018389
34 0.769272 0.567187 0.033447 0.019609
21 0.904829 0.844727 0.033525 0.037422
0 0.581362 0.417173 0.051982 0.025615
33 0.900146 0.484966 0.030371 0.044502
34 0.152593 0.352588 0.034521 0.018887
0 0.454170 0.616187 0.039395 0.022295
0 0.521660 0.792935 0.019668 0.037783
34 0.764521 0.458936 0.062461 0.039766
34 0.169502 0.680825 0.039121 0.022334
34 0.342764 0.680708 0.040762 0.023584
6 0.072480 0.274575 0.019160 0.016143
34 0.282422 0.471479 0.061914 0.039326
34 0.602949 0.453472 0.061367 0.037646
34 0.545879 0.587114 0.059883 0.039170
21 0.522139 0.837993 0.032676 0.035576
0 0.183140 0.331118 0.017764 0.036729
0 0.725327 0.607124 0.018857 0.036260
0 0.905039 0.747925 0.019668 0.036729
34 0.498545 0.375513 0.062871 0.038369
0 0.521743 0.748042 0.019424 0.035654
34 0.021953 0.613232 0.033457 0.019727
34 0.866455 0.749512 0.058672 0.037734
34 0.686304 0.455630 0.020381 0.029541
34 0.685088 0.550410 0.061035 0.037187
0 0.240332 0.424063 0.019863 0.036621
34 0.865444 0.799580 0.060186 0.039531
34 0.583569 0.288726 0.061494 0.039326
0 0.905073 0.799092 0.019443 0.036543
34 0.221982 0.331387 0.060645 0.038770
34 0.637876 0.648760 0.060615 0.039805
34 0.208315 0.496387 0.042568 0.019062
3 0.603096 0.497744 0.050742 0.049863
34 0.113252 0.373311 0.027480 0.047734
0 0.833794 0.579185 0.036729 0.020127
1 0.451885 0.696440 0.053477 0.027979
34 0.667261 0.496665 0.028467 0.017646
0 0.356167 0.776260 0.037686 0.019844
34 0.834307 0.440073 0.062266 0.040342
3 0.558506 0.685635 0.049199 0.046582
34 0.452617 0.664038 0.059570 0.037959
34 0.500952 0.605083 0.029561 0.018662
34 0.561436 0.746909 0.057383 0.038896
34 0.958403 0.465918 0.060049 0.038281
34 0.282148 0.419380 0.062480 0.038662
34 0.583813 0.341079 0.063193 0.039365
34 0.453545 0.586909 0.058594 0.037744
34 0.899648 0.442432 0.060117 0.040352
34 0.260098 0.740640 0.057578 0.037451
6 0.240132 0.383965 0.016279 0.015801
34 0.561914 0.792280 0.059238 0.039600
34 0.557109 0.645469 0.058945 0.039082
0 0.298218 0.805244 0.019932 0.036523
5 0.958052 0.507866 0.022998 0.042725
34 0.223232 0.286895 0.061621 0.038672
34 0.684028 0.606353 0.062393 0.037939
34 0.581802 0.386152 0.062861 0.037559
34 0.665981 0.386733 0.061670 0.036357
5 0.500312 0.418047 0.022910 0.047207
34 0.354712 0.745703 0.061982 0.043379
6 0.299321 0.711035 0.020146 0.014336
1 0.394995 0.879531 0.049580 0.028281
6 0.130127 0.424399 0.018984 0.017432
6 0.040649 0.423813 0.018213 0.017822
6 0.262217 0.508452 0.018203 0.016650
