0 0.863999 0.044395 0.054033 0.030742
13 0.880020 0.847939 0.071914 0.099395
13 0.489385 0.848345 0.072988 0.098252
34 0.849873 0.013027 0.094141 0.026055
34 0.229312 0.012852 0.098467 0.025703
34 0.952349 0.013301 0.095303 0.026602
34 0.328677 0.013257 0.098838 0.026514
34 0.432163 0.992012 0.030479 0.015938
34 0.825000 0.987529 0.030293 0.024824
34 0.598257 0.132183 0.102725 0.052178
34 0.079146 0.111694 0.033486 0.058193
34 0.876152 0.771138 0.102305 0.053643
34 0.486167 0.770786 0.102529 0.053838
34 0.226445 0.902305 0.034004 0.059141
34 0.736538 0.699849 0.176436 0.126807
34 0.343203 0.702197 0.176250 0.127617
34 0.360425 0.153545 0.059170 0.034102
34 0.954971 0.977187 0.089766 0.045625
34 0.569658 0.977207 0.100664 0.045586
34 0.179395 0.977236 0.100684 0.045527
34 0.617520 0.897993 0.032695 0.058760
34 0.952939 0.153237 0.061484 0.034131
34 0.605054 0.024482 0.059541 0.030762
0 0.598926 0.174204 0.055430 0.032900
0 0.237944 0.044902 0.055010 0.030098
17 0.486646 0.044658 0.098604 0.089316
17 0.350337 0.832935 0.097451 0.109053
17 0.737803 0.837573 0.090488 0.109053
2 0.245928 0.973892 0.032480 0.052217
2 0.638037 0.975054 0.032480 0.049893
2 0.331191 0.042915 0.061484 0.027842
2 0.959385 0.042910 0.064961 0.032480
