34 0.689301 0.593857 0.397896 0.116074
34 0.207963 0.136045 0.129024 0.050195
34 0.210657 0.066582 0.129798 0.052891
34 0.767332 0.487422 0.206279 0.083359
34 0.388830 0.436099 0.153754 0.053330
34 0.116481 0.392402 0.149899 0.051992
34 0.016136 0.392183 0.032273 0.048857
34 0.136490 0.715537 0.123620 0.048398
21 0.292997 0.196240 0.056263 0.047617
21 0.230673 0.978633 0.071448 0.042734
0 0.294074 0.134858 0.030370 0.028311
3 0.304916 0.859609 0.092290 0.070703
0 0.230564 0.924199 0.025909 0.029648
0 0.388401 0.477466 0.085926 0.030928
3 0.041456 0.728296 0.082912 0.066670
3 0.044066 0.654556 0.088131 0.070713
3 0.284032 0.572739 0.102744 0.066670
0 0.294428 0.069526 0.031818 0.030967
34 0.142281 0.642466 0.138300 0.052842
34 0.121591 0.315093 0.243182 0.078428
34 0.020732 0.964048 0.041465 0.054229
34 0.723678 0.875986 0.177694 0.058262
34 0.139234 0.923477 0.138367 0.052852
35 0.559259 0.876890 0.142727 0.044092
35 0.294184 0.745703 0.153855 0.039785
35 0.301608 0.675815 0.150152 0.046240
35 0.423022 0.591406 0.155707 0.036563
35 0.576869 0.479038 0.148283 0.044092
35 0.045800 0.232266 0.061162 0.088164
34 0.051246 0.564058 0.102492 0.054678
34 0.304529 0.802041 0.142929 0.050195
33 0.120715 0.446919 0.073316 0.057002
33 0.043897 0.506958 0.074327 0.052666
34 0.064386 0.818843 0.128771 0.073955
34 0.147694 0.526636 0.051751 0.047061
34 0.263586 0.514756 0.146027 0.050195
34 0.542113 0.747808 0.318300 0.060947
34 0.543662 0.676099 0.327593 0.060049
