0 0.734482 0.191263 0.020215 0.035445
34 0.931846 0.231753 0.103047 0.061342
34 0.663057 0.090366 0.103652 0.060778
34 0.662642 0.155772 0.103428 0.061804
34 0.796948 0.127311 0.104053 0.060643
0 0.499297 0.279200 0.040977 0.070778
0 0.871772 0.075947 0.019619 0.035411
0 0.601855 0.091437 0.019102 0.034825
22 0.753994 0.041020 0.067832 0.082041
21 0.872197 0.273393 0.027715 0.037678
35 0.548677 0.032632 0.070557 0.041161
34 0.972954 0.398551 0.050146 0.035592
34 0.895542 0.012931 0.056123 0.025862
34 0.017539 0.367672 0.035078 0.057170
34 0.797251 0.193089 0.104287 0.061646
34 0.575093 0.283134 0.115752 0.064645
34 0.032778 0.248585 0.065557 0.065378
34 0.922583 0.143540 0.096631 0.058512
34 0.931641 0.077210 0.103496 0.061477
21 0.734028 0.233168 0.028682 0.036685
3 0.639912 0.025710 0.051758 0.051421
21 0.601025 0.195789 0.026445 0.035592
0 0.734780 0.128224 0.020439 0.035817
0 0.915620 0.184893 0.030693 0.023495
0 0.871982 0.230913 0.018594 0.033191
0 0.601797 0.153844 0.018477 0.034273
