34 0.817212 0.051616 0.035479 0.103232
34 0.543555 0.026348 0.027949 0.052695
34 0.709150 0.016670 0.101074 0.033340
34 0.535493 0.646782 0.031182 0.177412
34 0.147856 0.703770 0.032256 0.054844
34 0.327964 0.947314 0.104307 0.060215
34 0.826353 0.624736 0.025811 0.283867
6 0.164653 0.763247 0.031592 0.043662
5 0.550723 0.797803 0.062617 0.034863
5 0.843428 0.798467 0.063145 0.034121
33 0.623125 0.039790 0.062363 0.079580
0 0.324282 0.989756 0.062744 0.020488
34 0.604844 0.984414 0.141934 0.031172
34 0.224736 0.976353 0.061289 0.032256
