34 0.626027 0.472300 0.217980 0.071815
34 0.055825 0.266156 0.111650 0.047554
34 0.589798 0.175406 0.039125 0.034014
34 0.743089 0.090462 0.199377 0.029222
34 0.183392 0.409014 0.305673 0.072120
34 0.163754 0.151764 0.036397 0.038726
34 0.441305 0.202971 0.040084 0.034419
0 0.614369 0.248636 0.038973 0.045502
3 0.171995 0.203219 0.076818 0.049211
0 0.254444 0.188439 0.027374 0.034713
0 0.465825 0.296201 0.036700 0.045750
21 0.254773 0.243839 0.048704 0.036809
35 0.036061 0.308450 0.072121 0.044837
34 0.070783 0.207999 0.116886 0.047407
34 0.333232 0.186719 0.125758 0.046584
35 0.743502 0.125507 0.146633 0.042559
34 0.281650 0.103703 0.072559 0.027362
34 0.385362 0.295829 0.126212 0.052740
35 0.615497 0.386375 0.070387 0.102198
34 0.700446 0.244977 0.129478 0.052954
35 0.187222 0.324915 0.072694 0.105389
