17 0.870054 0.725049 0.097451 0.102090
17 0.346274 0.726206 0.098604 0.099775
2 0.772607 0.734326 0.064961 0.034805
6 0.684443 0.450684 0.053359 0.038281
2 0.205903 0.290010 0.068447 0.032480
17 0.313213 0.284790 0.104414 0.103252
0 0.160664 0.730845 0.061484 0.032490
0 0.113921 0.291064 0.056318 0.032109
0 0.671699 0.733643 0.053262 0.028633
0 0.373501 0.420791 0.054541 0.030840
0 0.421733 0.862251 0.055986 0.031943
0 0.943838 0.862407 0.055117 0.030791
13 0.532549 0.652090 0.071211 0.086836
2 0.252886 0.732002 0.064971 0.032480
13 0.546104 0.201157 0.069922 0.107002
34 0.737109 0.280249 0.035742 0.061768
34 0.972339 0.533862 0.034658 0.060420
34 0.450825 0.533916 0.033447 0.060195
34 0.155757 0.689312 0.100400 0.049658
34 0.530068 0.902085 0.059883 0.034326
34 0.783496 0.841982 0.058730 0.031348
34 0.943521 0.820972 0.101885 0.050498
34 0.870762 0.590688 0.174258 0.127451
34 0.210547 0.248140 0.099785 0.051494
34 0.311636 0.153726 0.173916 0.124561
34 0.254824 0.689673 0.101289 0.050381
34 0.606260 0.632993 0.102266 0.053389
34 0.623418 0.223911 0.102246 0.052783
34 0.666934 0.695234 0.102441 0.050918
34 0.774814 0.693906 0.098730 0.050645
34 0.193442 0.841846 0.058467 0.030957
34 0.344033 0.591660 0.172695 0.125918
34 0.108506 0.249883 0.102324 0.050078
34 0.422935 0.820825 0.102842 0.051084
34 0.376401 0.381772 0.103115 0.050361
34 0.870205 0.989678 0.058574 0.020625
34 0.509600 0.400239 0.059648 0.033311
34 0.463169 0.713184 0.058994 0.032168
34 0.455645 0.271528 0.059512 0.033193
