3 0.953169 0.258125 0.079170 0.076738
1 0.037363 0.129067 0.039414 0.075088
1 0.968960 0.128647 0.037490 0.074502
1 0.475142 0.129053 0.038701 0.074375
1 0.679736 0.128906 0.039414 0.074707
34 0.563979 0.257920 0.120127 0.070391
34 0.359077 0.257983 0.120205 0.071279
34 0.853169 0.257920 0.121299 0.071289
34 0.966826 0.856309 0.066074 0.070859
34 0.591758 0.504014 0.121719 0.070176
34 0.966807 0.727451 0.066113 0.070898
34 0.654453 0.348613 0.039902 0.062168
34 0.884966 0.125713 0.123057 0.073730
34 0.016357 0.348735 0.032617 0.061377
34 0.926851 0.563281 0.145791 0.116035
34 0.595420 0.125449 0.122402 0.073340
34 0.725518 0.856631 0.038750 0.061309
34 0.450410 0.348867 0.038008 0.061543
34 0.390146 0.125684 0.122637 0.074023
34 0.944204 0.349092 0.037490 0.061816
34 0.164292 0.561270 0.324111 0.125000
34 0.392871 0.019556 0.121758 0.039111
35 0.387593 0.560820 0.115146 0.059590
34 0.886675 0.019609 0.124893 0.039219
34 0.597446 0.020361 0.120225 0.040723
34 0.228740 0.382979 0.063887 0.040293
34 0.195557 0.757397 0.065781 0.039951
3 0.460161 0.258008 0.080088 0.077480
0 0.595151 0.560918 0.070693 0.037129
3 0.665859 0.258110 0.080977 0.078350
3 0.031650 0.257646 0.063301 0.080859
