0 0.910317 0.252531 0.012490 0.022108
35 0.978325 0.393489 0.042959 0.031037
34 0.924351 0.024239 0.036123 0.023675
34 0.978853 0.366888 0.041924 0.026065
35 0.730801 0.031939 0.032891 0.063878
34 0.705273 0.302593 0.023164 0.040609
34 0.871631 0.108788 0.072070 0.047024
33 0.872373 0.159594 0.033105 0.049560
34 0.758506 0.338005 0.068438 0.047328
33 0.969761 0.219476 0.030479 0.047475
34 0.973369 0.107773 0.053184 0.045400
34 0.966909 0.169915 0.066182 0.048422
34 0.908208 0.338923 0.070361 0.045378
34 0.769351 0.083061 0.069756 0.045716
34 0.871250 0.217407 0.071504 0.045637
34 0.910571 0.387221 0.070615 0.047880
34 0.792393 0.138433 0.070781 0.046652
34 0.759619 0.386979 0.071973 0.046697
34 0.769990 0.200090 0.072656 0.047148
6 0.938896 0.074109 0.013086 0.015118
22 0.871895 0.276133 0.050137 0.064690
6 0.749180 0.113157 0.012383 0.010936
0 0.833599 0.252976 0.012217 0.023833
0 0.969683 0.255896 0.013896 0.019932
3 0.769976 0.255411 0.041709 0.066629
21 0.862949 0.425862 0.032363 0.041714
0 0.748794 0.141263 0.011553 0.021669
0 0.938774 0.105643 0.014756 0.032773
0 0.863462 0.385541 0.013955 0.030316
0 0.863335 0.336020 0.014307 0.032537
21 0.717427 0.428732 0.033857 0.041680
0 0.716782 0.339594 0.014756 0.032401
0 0.716880 0.389324 0.014697 0.030868
0 0.730151 0.085513 0.010791 0.021466
