34 0.012383 0.509722 0.024570 0.052451
0 0.322461 0.173755 0.031973 0.054287
0 0.612476 0.171440 0.031455 0.052002
0 0.917339 0.173486 0.030928 0.053066
17 0.381729 0.751621 0.084941 0.083867
34 0.383174 0.815269 0.028984 0.046768
21 0.958315 0.972666 0.043662 0.047344
34 0.718281 0.423740 0.097891 0.029219
34 0.006836 0.976167 0.013574 0.046846
1 0.045225 0.509268 0.029277 0.050254
34 0.645601 0.030796 0.046553 0.027842
34 0.929058 0.687100 0.049326 0.030137
34 0.742900 0.747139 0.064883 0.029590
34 0.348555 0.811890 0.026934 0.044600
34 0.462813 0.124551 0.045273 0.028359
34 0.305869 0.844595 0.046016 0.025869
35 0.068198 0.030483 0.035010 0.060967
34 0.099492 0.256460 0.027578 0.048955
34 0.753784 0.124629 0.045908 0.028535
0 0.719458 0.208896 0.028252 0.050352
35 0.044888 0.580986 0.034150 0.076523
3 0.013193 0.124199 0.026387 0.059375
34 0.187539 0.923818 0.082383 0.054785
0 0.719302 0.317183 0.028604 0.049580
34 0.018350 0.070957 0.036562 0.050352
1 0.248477 0.925454 0.033320 0.056416
3 0.495601 0.230796 0.059912 0.053545
34 0.265859 0.172837 0.079590 0.052158
0 0.028555 0.976646 0.030801 0.046709
34 0.966016 0.315498 0.067969 0.051328
34 0.823442 0.815020 0.028232 0.065566
34 0.030024 0.712324 0.059990 0.083281
21 0.435508 0.385806 0.044727 0.046631
34 0.044663 0.639736 0.081943 0.048086
3 0.795728 0.230791 0.062158 0.053477
34 0.382271 0.316533 0.078486 0.051660
34 0.899448 0.867393 0.081553 0.053320
34 0.664365 0.316548 0.080449 0.051865
0 0.435933 0.209126 0.027354 0.049521
34 0.864048 0.229556 0.078428 0.050146
34 0.310352 0.925640 0.077871 0.051768
34 0.967397 0.207266 0.065205 0.050859
34 0.014634 0.303252 0.029209 0.053945
34 0.863472 0.172842 0.079346 0.051680
0 0.436191 0.317402 0.027109 0.049395
21 0.718247 0.386387 0.043936 0.047734
34 0.793813 0.015835 0.029795 0.031318
34 0.560459 0.172798 0.078887 0.051475
6 0.788091 0.765151 0.022178 0.018213
34 0.561533 0.230864 0.076465 0.050244
0 0.958911 0.868184 0.030654 0.053086
0 0.363008 0.923516 0.027871 0.050078
34 0.494097 0.015078 0.028545 0.030020
34 0.667432 0.209189 0.078281 0.050781
34 0.382656 0.208896 0.078633 0.050898
34 0.381875 0.670898 0.090020 0.079922
34 0.436025 0.421509 0.105371 0.027959
