34 0.724470 0.807915 0.242677 0.048740
0 0.131633 0.742744 0.052189 0.017090
21 0.289175 0.985933 0.048316 0.027607
34 0.192281 0.897734 0.162138 0.050430
34 0.315168 0.498057 0.152694 0.049961
34 0.325547 0.578296 0.149209 0.049561
21 0.195530 0.767041 0.045943 0.030664
0 0.290185 0.897324 0.029125 0.030195
34 0.134975 0.711689 0.133182 0.049727
35 0.725614 0.851567 0.150455 0.038291
0 0.315286 0.532031 0.059495 0.018926
0 0.236204 0.578242 0.031296 0.030879
1 0.107618 0.851089 0.120017 0.036943
21 0.236928 0.668242 0.047256 0.029180
15 0.403678 0.852007 0.082710 0.049307
34 0.323737 0.631479 0.137475 0.049814
0 0.236810 0.631055 0.030084 0.030195
34 0.189907 0.953535 0.163552 0.052578
34 0.692045 0.530308 0.246481 0.073896
34 0.031128 0.712241 0.062256 0.050889
34 0.403022 0.800454 0.166953 0.051318
34 0.109049 0.811196 0.164966 0.051318
35 0.492769 0.530532 0.147323 0.040303
0 0.290126 0.949990 0.028468 0.029512
34 0.543089 0.833354 0.085976 0.026807
