34 0.918867 0.029341 0.070625 0.048721
34 0.557451 0.809849 0.136738 0.028662
34 0.201865 0.857100 0.040664 0.016270
33 0.013750 0.953340 0.027500 0.037207
33 0.453267 0.916143 0.031377 0.033613
33 0.520044 0.917710 0.032275 0.033174
33 0.626484 0.927568 0.032715 0.034961
35 0.544248 0.780571 0.069922 0.030479
35 0.691304 0.198882 0.161729 0.048525
35 0.693794 0.435884 0.039814 0.072158
25 0.242798 0.655474 0.354580 0.220205
34 0.242441 0.653794 0.140508 0.043994
33 0.065200 0.091177 0.057158 0.038701
34 0.972627 0.844365 0.054746 0.047656
34 0.847837 0.019761 0.031357 0.017158
34 0.952012 0.731011 0.075313 0.049209
34 0.901211 0.085161 0.030762 0.018369
34 0.089233 0.246748 0.085010 0.046660
34 0.987021 0.684092 0.025352 0.040059
34 0.325923 0.475098 0.102588 0.051484
34 0.421235 0.940200 0.040303 0.017158
34 0.227056 0.898530 0.077178 0.044756
34 0.638965 0.369512 0.087383 0.049492
34 0.439512 0.804888 0.080957 0.057354
34 0.492119 0.085474 0.028867 0.017061
34 0.328369 0.829248 0.103887 0.049023
34 0.472544 0.031914 0.080088 0.049727
34 0.902290 0.615034 0.170049 0.048799
34 0.152944 0.817026 0.098018 0.047236
34 0.085518 0.897539 0.078281 0.048965
34 0.327134 0.899097 0.100010 0.047939
33 0.069116 0.027656 0.051436 0.040586
34 0.626709 0.881836 0.088359 0.049297
34 0.150327 0.092090 0.094971 0.049453
34 0.421934 0.494722 0.076270 0.044854
34 0.149150 0.025518 0.099883 0.049512
34 0.448511 0.875918 0.075615 0.046582
34 0.089980 0.305615 0.087676 0.047344
34 0.321826 0.168037 0.037520 0.019922
34 0.529868 0.876226 0.079248 0.046006
34 0.699937 0.493779 0.141533 0.048359
34 0.615645 0.650488 0.132305 0.041445
34 0.537183 0.497290 0.132744 0.029014
6 0.086387 0.423555 0.014062 0.014375
30 0.330801 0.951782 0.059238 0.058232
8 0.023574 0.246465 0.045176 0.045176
0 0.695469 0.370498 0.026992 0.052500
0 0.422100 0.525000 0.030742 0.020996
0 0.438604 0.779990 0.033750 0.020996
0 0.966553 0.032095 0.020918 0.039756
6 0.090908 0.867476 0.014824 0.013740
0 0.424019 0.030835 0.024951 0.041963
30 0.153594 0.868452 0.054219 0.060244
30 0.240439 0.829795 0.067266 0.059238
30 0.245459 0.475879 0.069277 0.064258
30 0.195757 0.422168 0.058232 0.061250
9 0.088330 0.943252 0.042168 0.051211
8 0.230400 0.941743 0.039160 0.050205
9 0.022065 0.307710 0.040166 0.051201
