34 0.509683 0.721514 0.054834 0.264512
33 0.857554 0.647939 0.038486 0.036914
33 0.941851 0.115464 0.040459 0.040498
0 0.628867 0.848027 0.032793 0.065215
33 0.855625 0.599224 0.038965 0.038779
33 0.730933 0.175474 0.040752 0.041768
0 0.628984 0.363057 0.033477 0.065078
34 0.799717 0.178535 0.088555 0.047930
33 0.858340 0.693677 0.039043 0.038369
0 0.540132 0.212153 0.034463 0.065498
33 0.345029 0.146128 0.074844 0.043428
34 0.813916 0.231489 0.122715 0.048604
33 0.498750 0.537354 0.074590 0.042012
33 0.730913 0.228232 0.038936 0.038945
34 0.700391 0.842720 0.107891 0.053838
34 0.699175 0.360518 0.101650 0.060586
33 0.784707 0.465361 0.066738 0.039375
34 0.925879 0.790937 0.087441 0.045410
33 0.941274 0.056729 0.037744 0.039375
34 0.609912 0.125205 0.029805 0.045918
34 0.696284 0.465493 0.106709 0.061064
33 0.858560 0.788311 0.039229 0.039023
34 0.461631 0.210874 0.109141 0.062686
33 0.941172 0.012383 0.043457 0.024766
34 0.364829 0.270664 0.032920 0.044766
33 0.856997 0.552383 0.039912 0.039004
34 0.320737 0.090181 0.107979 0.061045
33 0.858857 0.836250 0.039141 0.038301
34 0.479624 0.484028 0.107744 0.060049
34 0.924370 0.555391 0.087979 0.044687
6 0.386323 0.844312 0.031182 0.034189
34 0.982334 0.466118 0.035234 0.035518
33 0.941284 0.167656 0.037920 0.040937
34 0.983042 0.338994 0.033916 0.055664
34 0.982686 0.117607 0.034629 0.043906
34 0.607075 0.549082 0.032334 0.046230
34 0.877915 0.741890 0.088564 0.044775
34 0.980127 0.041240 0.039746 0.081270
34 0.353027 0.650078 0.066484 0.265840
34 0.937480 0.837749 0.115449 0.044131
33 0.807241 0.739868 0.040146 0.041240
