17 0.830518 0.260840 0.131875 0.139336
34 0.722974 0.445298 0.092295 0.108486
34 0.784194 0.583887 0.076631 0.072402
34 0.928223 0.047988 0.099277 0.094316
34 0.494639 0.127451 0.106523 0.057578
35 0.355889 0.259595 0.153027 0.057236
34 0.548379 0.240059 0.050488 0.032441
33 0.494351 0.207695 0.060830 0.099785
34 0.350137 0.188218 0.195078 0.096084
34 0.649834 0.208081 0.159941 0.056123
34 0.652529 0.077031 0.159434 0.060234
34 0.965039 0.402007 0.069922 0.110186
0 0.790142 0.439082 0.028115 0.051309
21 0.977397 0.208813 0.045205 0.060244
21 0.913130 0.503994 0.057236 0.062246
13 0.939238 0.126987 0.049199 0.067275
6 0.748472 0.024575 0.025107 0.029111
0 0.651587 0.258862 0.080322 0.036045
0 0.748472 0.078691 0.029111 0.049199
34 0.670088 0.337607 0.180684 0.095273
0 0.911626 0.403389 0.030127 0.054219
