34 0.153979 0.782622 0.114111 0.054463
34 0.924893 0.522891 0.083691 0.051445
0 0.488496 0.479077 0.045020 0.026475
0 0.706724 0.353970 0.016650 0.027842
34 0.713545 0.105591 0.081348 0.060322
34 0.312354 0.225508 0.078418 0.048633
34 0.338979 0.320103 0.153369 0.078486
34 0.971455 0.239155 0.057090 0.122256
34 0.738999 0.241919 0.113701 0.106787
34 0.875068 0.275459 0.080137 0.053164
0 0.819502 0.275010 0.026895 0.047520
33 0.550854 0.265615 0.073213 0.049434
34 0.485937 0.440000 0.080703 0.048848
34 0.601230 0.062021 0.029316 0.058574
34 0.192529 0.342061 0.084961 0.049902
35 0.706641 0.420366 0.043633 0.070322
34 0.012183 0.985054 0.024209 0.026572
35 0.338594 0.378804 0.098867 0.044248
34 0.723477 0.035225 0.048750 0.029512
35 0.156289 0.829536 0.100801 0.043662
34 0.103179 0.357886 0.050381 0.031084
0 0.195869 0.378418 0.043730 0.026699
34 0.979517 0.384600 0.040967 0.033008
33 0.649165 0.108999 0.052842 0.040166
34 0.472529 0.205615 0.080684 0.061328
34 0.706006 0.487520 0.156406 0.070156
33 0.550723 0.209150 0.074355 0.049492
0 0.927334 0.561304 0.047969 0.027568
11 0.621753 0.237324 0.089072 0.088320
34 0.033081 0.866499 0.066162 0.054912
34 0.472734 0.271646 0.079844 0.060205
34 0.759028 0.354795 0.081104 0.052715
