0 0.925000 0.781353 0.028906 0.053076
0 0.321499 0.300366 0.051299 0.030518
22 0.549873 0.302187 0.104414 0.117168
0 0.718281 0.055381 0.054766 0.032031
0 0.416733 0.785737 0.029170 0.052744
0 0.618999 0.930522 0.029912 0.055557
33 0.009854 0.199873 0.019707 0.055488
34 0.807124 0.708057 0.036514 0.026660
35 0.421484 0.491421 0.044414 0.096357
35 0.535063 0.054951 0.095752 0.040938
34 0.420225 0.561631 0.122910 0.049063
34 0.690317 0.848071 0.036689 0.027744
35 0.805244 0.980522 0.114746 0.038877
34 0.524175 0.017896 0.136416 0.035791
34 0.896636 0.268613 0.165635 0.074258
34 0.970112 0.423779 0.059775 0.049727
34 0.363149 0.785801 0.076436 0.049531
34 0.543428 0.682134 0.077168 0.051123
34 0.674780 0.931602 0.079619 0.050859
34 0.868081 0.783213 0.079600 0.050020
34 0.547686 0.197349 0.099297 0.096846
34 0.643228 0.039390 0.037041 0.027725
34 0.476411 0.383633 0.082197 0.050723
34 0.931987 0.972046 0.135459 0.055908
34 0.320903 0.258843 0.077158 0.048213
34 0.058770 0.201479 0.071895 0.053818
34 0.720181 0.019810 0.079639 0.039619
34 0.341006 0.933613 0.078281 0.048770
0 0.544722 0.724033 0.051963 0.028926
0 0.421416 0.381997 0.021797 0.037549
0 0.285029 0.930508 0.030098 0.055430
