34 0.896602 0.392837 0.076172 0.043486
34 0.749072 0.931680 0.045293 0.025273
33 0.040703 0.458237 0.077461 0.038076
33 0.039053 0.409541 0.074453 0.038750
34 0.632998 0.392915 0.075566 0.043740
34 0.021382 0.806909 0.042549 0.026006
34 0.618618 0.712476 0.073291 0.042373
34 0.118403 0.408784 0.076865 0.043271
34 0.476675 0.495757 0.088877 0.054131
34 0.883257 0.942964 0.043447 0.024287
33 0.822881 0.339297 0.063965 0.038574
33 0.704712 0.394912 0.062041 0.038711
33 0.536816 0.713027 0.083887 0.038594
33 0.701479 0.340845 0.058467 0.037646
34 0.621816 0.761782 0.074004 0.043525
5 0.793599 0.931113 0.035400 0.022793
33 0.537104 0.766675 0.086025 0.045166
34 0.542480 0.629575 0.043008 0.076338
34 0.475278 0.630117 0.044092 0.075273
34 0.406997 0.626885 0.043018 0.081719
34 0.120430 0.459663 0.076113 0.044033
34 0.071997 0.893613 0.046377 0.026348
34 0.893486 0.338535 0.077207 0.043691
34 0.633447 0.341050 0.074512 0.043818
33 0.824487 0.393125 0.063506 0.037324
34 0.446416 0.959634 0.025664 0.053799
