0 0.373740 0.059917 0.041211 0.026221
0 0.249346 0.058984 0.039023 0.025605
6 0.787217 0.123452 0.019648 0.019541
6 0.016621 0.130156 0.017480 0.016855
34 0.506875 0.142725 0.116465 0.100586
34 0.693159 0.132285 0.123506 0.100332
34 0.411411 0.033916 0.020068 0.033164
34 0.774507 0.083325 0.021592 0.036377
34 0.005200 0.239624 0.010303 0.035693
34 0.606704 0.063672 0.019619 0.034297
34 0.564946 0.066660 0.019521 0.033398
34 0.157529 0.238472 0.023867 0.037002
34 0.006152 0.069976 0.012305 0.033721
34 0.110264 0.056577 0.117773 0.102139
34 0.037539 0.070400 0.021641 0.034043
34 0.190312 0.029448 0.024180 0.037139
34 0.774756 0.234482 0.021016 0.033906
34 0.757104 0.032144 0.020869 0.034443
34 0.244805 0.120132 0.116895 0.093877
34 0.431616 0.238530 0.020869 0.036279
34 0.561558 0.238242 0.022002 0.036035
34 0.538896 0.066289 0.020996 0.034023
34 0.381802 0.118506 0.115264 0.093906
0 0.712910 0.059604 0.057129 0.029971
6 0.576963 0.123291 0.013730 0.018105
