34 0.919404 0.949102 0.161191 0.101367
34 0.486450 0.946816 0.130635 0.066621
33 0.592930 0.946787 0.067324 0.044785
34 0.199644 0.234097 0.061924 0.029893
34 0.019766 0.594614 0.039531 0.027178
33 0.225781 0.946855 0.067305 0.044609
3 0.075952 0.586733 0.083193 0.091260
3 0.066675 0.226606 0.082803 0.091729
3 0.067168 0.399507 0.083125 0.091064
3 0.064800 0.769478 0.082783 0.092236
34 0.135933 0.775459 0.060264 0.029766
34 0.063936 0.320581 0.114727 0.064990
34 0.066123 0.690273 0.115859 0.064180
34 0.065044 0.148145 0.126025 0.068496
34 0.124717 0.947959 0.128379 0.067949
34 0.072729 0.509824 0.114600 0.064199
34 0.461699 0.323916 0.202949 0.119727
34 0.203604 0.403408 0.060566 0.031094
