34 0.890908 0.872686 0.056426 0.028047
34 0.274150 0.193398 0.025527 0.046055
34 0.956548 0.484253 0.028525 0.051338
0 0.852793 0.484829 0.016875 0.028174
3 0.684316 0.972710 0.071562 0.054580
4 0.776855 0.874194 0.074648 0.072275
20 0.972314 0.873662 0.055371 0.087090
6 0.305518 0.979316 0.010840 0.013945
5 0.138960 0.921406 0.019365 0.036797
21 0.305132 0.986362 0.025557 0.027275
34 0.811035 0.196670 0.025684 0.047207
34 0.779448 0.198750 0.026377 0.049980
34 0.929434 0.946157 0.076641 0.045342
34 0.881279 0.656816 0.028691 0.054629
34 0.602939 0.979565 0.096348 0.040869
34 0.270586 0.082246 0.095723 0.073457
34 0.193794 0.209082 0.028604 0.056250
34 0.207959 0.338945 0.142812 0.070586
34 0.870659 0.202168 0.028779 0.057012
34 0.498687 0.342407 0.053975 0.027334
35 0.886763 0.259854 0.030029 0.066465
34 0.531836 0.395937 0.060430 0.024883
34 0.872861 0.450410 0.046113 0.025840
34 0.183423 0.968965 0.098486 0.050430
34 0.379224 0.989282 0.078174 0.021436
34 0.684482 0.342607 0.054590 0.027891
22 0.888164 0.140640 0.080742 0.071787
34 0.801562 0.487407 0.085430 0.050869
34 0.900420 0.322529 0.143594 0.065078
34 0.044746 0.987559 0.089492 0.024883
34 0.775474 0.813447 0.088740 0.051660
34 0.510684 0.535137 0.052910 0.026875
21 0.975703 0.973794 0.028359 0.030127
0 0.976069 0.943594 0.016396 0.030039
34 0.241089 0.209902 0.026533 0.048789
21 0.853066 0.516211 0.028574 0.030840
34 0.825879 0.083667 0.094707 0.077725
34 0.214180 0.906548 0.047695 0.024990
34 0.523345 0.973071 0.028350 0.051826
22 0.210884 0.139521 0.076943 0.072676
34 0.136440 0.878887 0.099639 0.051211
34 0.675835 0.562720 0.050264 0.022080
35 0.211060 0.274512 0.032490 0.066562
6 0.554805 0.359570 0.018887 0.015332
34 0.013076 0.022969 0.026113 0.045937
