34 0.860244 0.878022 0.029121 0.046201
34 0.659878 0.939956 0.141943 0.079678
34 0.506216 0.505176 0.030459 0.054570
34 0.596440 0.428179 0.072979 0.049209
34 0.632095 0.513887 0.030459 0.061934
34 0.753784 0.316870 0.079678 0.048877
34 0.600962 0.205386 0.080010 0.052217
34 0.860747 0.327427 0.029795 0.058623
34 0.934395 0.405264 0.083359 0.050918
34 0.932725 0.254434 0.082695 0.054570
34 0.877485 0.046367 0.096748 0.090391
35 0.876890 0.134956 0.036553 0.089248
35 0.127964 0.144092 0.084951 0.038711
0 0.915068 0.671304 0.016602 0.029561
6 0.877729 0.618145 0.020850 0.016387
6 0.358135 0.121323 0.020273 0.015947
6 0.811055 0.122124 0.014961 0.016611
0 0.918203 0.525322 0.017207 0.029961
0 0.877217 0.253252 0.030527 0.054629
0 0.703809 0.319189 0.017324 0.026934
0 0.654370 0.204927 0.023799 0.042002
0 0.548428 0.428467 0.017852 0.031680
0 0.255498 0.324819 0.017109 0.030225
6 0.915332 0.627578 0.018613 0.017383
6 0.431743 0.083604 0.027920 0.024922
21 0.255972 0.390991 0.031592 0.051611
21 0.548027 0.502041 0.030762 0.050762
21 0.917759 0.573975 0.029580 0.046191
1 0.877329 0.403662 0.023857 0.049902
1 0.527002 0.722803 0.028027 0.048145
5 0.042007 0.146567 0.023076 0.042744
34 0.204844 0.942480 0.146230 0.100000
34 0.126074 0.085371 0.139941 0.073984
34 0.041445 0.191157 0.082891 0.047881
34 0.151689 0.206055 0.076660 0.051563
34 0.307695 0.324902 0.079336 0.050879
0 0.203892 0.206421 0.024307 0.043740
21 0.704741 0.377744 0.030908 0.047188
34 0.180977 0.485093 0.030801 0.060596
34 0.406289 0.436216 0.028789 0.062607
34 0.964854 0.525000 0.070293 0.051895
34 0.961841 0.670464 0.076318 0.048877
34 0.580703 0.722183 0.071973 0.048545
