0 0.115547 0.273745 0.019473 0.035459
34 0.870415 0.689448 0.069912 0.100928
33 0.340469 0.664302 0.038320 0.042920
33 0.439595 0.663838 0.038799 0.042520
33 0.488892 0.155879 0.040205 0.040137
34 0.504346 0.707070 0.068184 0.048750
33 0.588862 0.156382 0.040342 0.040908
34 0.037866 0.014365 0.062666 0.024258
34 0.971846 0.174272 0.056250 0.100498
33 0.104414 0.033662 0.040176 0.039609
34 0.414229 0.897290 0.067559 0.047100
34 0.395137 0.706860 0.066465 0.047080
34 0.326533 0.279321 0.117793 0.060986
34 0.268618 0.770654 0.024717 0.037520
34 0.056895 0.921758 0.044121 0.022617
34 0.388716 0.217905 0.036729 0.023584
34 0.192539 0.661206 0.065332 0.047939
34 0.595015 0.895918 0.068564 0.047676
34 0.543555 0.196738 0.064180 0.047637
34 0.989053 0.683696 0.021895 0.047061
34 0.697798 0.100186 0.040459 0.027207
34 0.701050 0.196313 0.067354 0.046514
34 0.360337 0.478066 0.065576 0.047637
34 0.444365 0.196465 0.064766 0.047969
34 0.505918 0.871011 0.067500 0.046807
34 0.085332 0.548242 0.068613 0.048965
34 0.656929 0.731338 0.045127 0.023359
34 0.925273 0.416387 0.041016 0.023887
34 0.349785 0.148447 0.065391 0.050059
34 0.586523 0.815454 0.045234 0.023916
34 0.164321 0.039985 0.066943 0.050244
34 0.133491 0.148950 0.065850 0.051299
34 0.071934 0.275903 0.064609 0.048389
34 0.338169 0.619287 0.068330 0.049258
34 0.794863 0.079136 0.068203 0.047783
34 0.882881 0.194336 0.066562 0.049687
34 0.300806 0.376494 0.068018 0.048867
34 0.438560 0.619497 0.068389 0.049404
34 0.586514 0.110190 0.068105 0.048916
34 0.082734 0.822085 0.116270 0.062178
34 0.235264 0.815864 0.065859 0.047158
34 0.066680 0.661792 0.066387 0.049990
34 0.293823 0.705562 0.067295 0.046279
34 0.242056 0.070918 0.068057 0.049258
34 0.968315 0.575127 0.063330 0.050762
34 0.143848 0.392949 0.065488 0.048086
34 0.505586 0.390366 0.068008 0.047822
34 0.505298 0.790898 0.068350 0.047012
34 0.188774 0.309077 0.065635 0.048467
34 0.794561 0.167637 0.068066 0.046504
34 0.488179 0.110557 0.068193 0.048320
0 0.412314 0.936743 0.057344 0.032061
22 0.244189 0.233745 0.084688 0.089326
2 0.507529 0.432705 0.063809 0.046406
2 0.882861 0.234844 0.059551 0.036895
2 0.795151 0.119619 0.060205 0.031719
18 0.057412 0.190825 0.068437 0.031318
18 0.227373 0.699741 0.052422 0.026963
2 0.595986 0.935781 0.058086 0.035527
2 0.505718 0.830684 0.056416 0.032598
2 0.507178 0.747515 0.057676 0.035107
0 0.175972 0.148389 0.019775 0.036387
0 0.305845 0.148403 0.019111 0.036123
0 0.487686 0.195820 0.019570 0.034961
0 0.020444 0.660820 0.019717 0.036719
0 0.040684 0.035015 0.036621 0.019521
0 0.339917 0.705605 0.019072 0.035117
0 0.149248 0.660933 0.019746 0.036514
0 0.913862 0.682939 0.020400 0.036660
21 0.283813 0.855239 0.034893 0.037510
21 0.401050 0.522422 0.031416 0.035195
0 0.701035 0.233950 0.057539 0.031592
21 0.115952 0.317583 0.031924 0.036123
22 0.085254 0.743022 0.089336 0.089326
3 0.505254 0.921826 0.060566 0.057363
3 0.794136 0.219546 0.060596 0.058389
15 0.300127 0.431265 0.056445 0.058545
0 0.439482 0.705522 0.019160 0.034893
0 0.188838 0.392017 0.018965 0.035029
0 0.587134 0.195942 0.019639 0.035107
0 0.284175 0.810894 0.019365 0.034756
0 0.402524 0.477812 0.019346 0.036602
33 0.242480 0.114521 0.073125 0.039785
