34 0.449175 0.243856 0.141143 0.046268
34 0.419741 0.070744 0.044854 0.024014
17 0.257949 0.060062 0.115645 0.120124
27 0.114980 0.040490 0.079473 0.080981
3 0.038140 0.186674 0.065850 0.080090
27 0.805620 0.041838 0.079658 0.083675
17 0.571157 0.449436 0.111787 0.127937
17 0.332876 0.450271 0.056377 0.067306
17 0.258193 0.449713 0.114199 0.127384
17 0.647773 0.450265 0.056855 0.068422
17 0.571157 0.059780 0.114678 0.119560
17 0.648013 0.055310 0.055420 0.067306
34 0.245669 0.361201 0.166377 0.050767
34 0.509829 0.355964 0.159326 0.058106
34 0.937925 0.559921 0.117061 0.054228
17 0.333364 0.054476 0.059268 0.068974
34 0.034165 0.455519 0.068330 0.062131
34 0.443086 0.564386 0.118008 0.055919
34 0.450181 0.452525 0.104072 0.054814
34 0.495620 0.164262 0.059209 0.053822
