35 0.935786 0.703618 0.044053 0.098643
35 0.403188 0.704346 0.042334 0.098047
34 0.438306 0.785181 0.031748 0.053193
35 0.319995 0.704277 0.043818 0.098809
35 0.827241 0.703867 0.043545 0.098340
34 0.514341 0.850503 0.032021 0.048877
35 0.243008 0.703960 0.045488 0.099854
35 0.773203 0.704038 0.041133 0.098018
34 0.704155 0.817231 0.030908 0.048506
34 0.647056 0.817266 0.030947 0.048652
35 0.609731 0.703643 0.044326 0.098320
34 0.302881 0.850850 0.032461 0.049883
34 0.225386 0.850864 0.031982 0.049795
34 0.130996 0.851025 0.030937 0.049922
35 0.149053 0.703779 0.046914 0.101074
35 0.531128 0.703315 0.045029 0.099834
35 0.059751 0.703828 0.045342 0.099063
35 0.457373 0.703794 0.043789 0.099111
35 0.664985 0.703921 0.043271 0.098643
35 0.881221 0.703833 0.042637 0.098584
35 0.722290 0.703789 0.041846 0.099395
35 0.986274 0.703911 0.027451 0.098916
34 0.938716 0.401621 0.054834 0.495703
34 0.382866 0.891279 0.032334 0.052012
34 0.985220 0.402158 0.029561 0.503223
34 0.863145 0.817139 0.032070 0.048691
34 0.042690 0.850576 0.032002 0.049082
34 0.808970 0.817285 0.031260 0.048965
34 0.591865 0.817124 0.032031 0.049111
34 0.917388 0.817031 0.031924 0.049043
34 0.060225 0.496782 0.076348 0.316123
34 0.150005 0.492480 0.073115 0.298926
34 0.243555 0.494097 0.075273 0.310752
34 0.322051 0.493555 0.053770 0.318281
34 0.403770 0.533877 0.053770 0.244082
34 0.460757 0.529580 0.051611 0.239785
34 0.531191 0.477964 0.056992 0.334404
34 0.616675 0.402695 0.053760 0.493555
34 0.667212 0.403232 0.045166 0.503223
34 0.729575 0.401621 0.047314 0.497852
34 0.777427 0.400547 0.044092 0.497852
34 0.829575 0.401084 0.055908 0.496777
34 0.883345 0.402158 0.049463 0.494629
34 0.975444 0.817295 0.031006 0.048027
34 0.755166 0.817300 0.030195 0.047939
