0 0.020293 0.895581 0.040586 0.027842
0 0.612515 0.013335 0.064971 0.026670
17 0.835835 0.890942 0.103252 0.106729
17 0.212285 0.889194 0.099766 0.112529
13 0.413750 0.813940 0.071172 0.105420
0 0.090015 0.012080 0.057920 0.024160
34 0.716885 0.854814 0.101523 0.050234
34 0.105547 0.854639 0.101094 0.050918
34 0.265630 0.979751 0.103740 0.040498
34 0.332524 0.877500 0.061318 0.034102
34 0.907314 0.980283 0.102422 0.039434
34 0.024951 0.854272 0.049902 0.050127
34 0.609175 0.854229 0.101982 0.050820
34 0.556953 0.545098 0.059102 0.033203
34 0.491216 0.802451 0.103252 0.055156
34 0.831523 0.754087 0.174199 0.126865
0 0.621328 0.898350 0.055137 0.030527
34 0.964946 0.709292 0.035264 0.060771
34 0.975215 0.878276 0.049570 0.032295
34 0.498833 0.237354 0.059854 0.033770
34 0.023462 0.142432 0.046924 0.034668
34 0.330571 0.687764 0.034697 0.061660
34 0.717407 0.995796 0.061123 0.008408
34 0.098979 0.995444 0.060928 0.009111
2 0.713442 0.896157 0.060322 0.031318
2 0.102075 0.895581 0.060322 0.025518
34 0.209561 0.757529 0.176855 0.124199
