34 0.239214 0.359284 0.090732 0.057554
34 0.133882 0.360581 0.094775 0.058072
3 0.243999 0.430197 0.061904 0.080936
3 0.137451 0.429673 0.059141 0.077745
3 0.245386 0.098991 0.057295 0.070293
15 0.776489 0.774555 0.066182 0.081330
0 0.502891 0.682959 0.024473 0.055163
0 0.502310 0.541680 0.025635 0.049786
0 0.559419 0.383585 0.023311 0.048433
0 0.559419 0.275941 0.027979 0.059211
0 0.503477 0.020913 0.025645 0.041826
0 0.931216 0.848455 0.044287 0.028253
34 0.772759 0.698140 0.089287 0.060496
34 0.562344 0.684915 0.091621 0.065434
34 0.487422 0.612988 0.027949 0.048861
34 0.561763 0.541505 0.090459 0.060958
34 0.615728 0.387108 0.089678 0.058703
33 0.906514 0.731156 0.044707 0.074194
34 0.619995 0.276409 0.092002 0.059605
34 0.850786 0.488174 0.028721 0.050192
34 0.929985 0.483016 0.080752 0.053337
34 0.775669 0.373884 0.093564 0.056471
34 0.910767 0.343185 0.093564 0.056922
34 0.849619 0.162345 0.027949 0.046607
34 0.929980 0.159882 0.088516 0.058703
34 0.907852 0.025152 0.091621 0.050304
34 0.777217 0.049634 0.094336 0.056020
34 0.562148 0.026499 0.092012 0.052999
34 0.240322 0.035738 0.091230 0.056032
34 0.188457 0.749493 0.053008 0.030079
34 0.188701 0.427734 0.052598 0.032672
15 0.777559 0.448630 0.068320 0.089955
0 0.930859 0.524645 0.038867 0.029177
0 0.929878 0.200846 0.041611 0.023788
3 0.134863 0.103247 0.052344 0.076685
15 0.777881 0.123083 0.070410 0.088174
34 0.134780 0.682858 0.092080 0.059628
34 0.240562 0.681561 0.087139 0.059109
34 0.849233 0.814442 0.030283 0.047508
34 0.188882 0.103191 0.051240 0.027779
34 0.929595 0.808388 0.086182 0.054228
33 0.906094 0.408033 0.043867 0.073112
6 0.503306 0.175237 0.026084 0.033337
33 0.904648 0.084374 0.050293 0.073123
34 0.907466 0.667215 0.091611 0.056911
34 0.135698 0.037086 0.090068 0.056020
3 0.135605 0.753957 0.055449 0.078805
3 0.243999 0.753957 0.063740 0.080947
