0 0.759629 0.935752 0.029238 0.054004
34 0.391035 0.759663 0.072129 0.043975
34 0.375522 0.650088 0.099678 0.079316
34 0.144971 0.865103 0.094668 0.074463
33 0.329443 0.759517 0.051055 0.036846
34 0.122651 0.714063 0.074053 0.044609
34 0.946274 0.980684 0.045342 0.027598
34 0.914536 0.591265 0.026318 0.046396
33 0.962744 0.415898 0.056230 0.038008
34 0.820103 0.038926 0.047412 0.027402
34 0.833906 0.471069 0.075566 0.044170
34 0.244512 0.765234 0.051191 0.022461
34 0.975400 0.102368 0.025410 0.045830
34 0.840503 0.846484 0.045283 0.023359
34 0.383750 0.357734 0.077383 0.043398
34 0.707046 0.933926 0.071689 0.044687
34 0.645996 0.358965 0.077324 0.042598
33 0.901509 0.472920 0.055264 0.036016
34 0.029321 0.089375 0.044873 0.023984
34 0.412192 0.894551 0.026494 0.044844
34 0.205449 0.131519 0.024590 0.051396
33 0.978970 0.466602 0.042002 0.037422
34 0.169854 0.490088 0.044824 0.027656
34 0.733994 0.233657 0.052441 0.022959
33 0.978438 0.511802 0.043125 0.037900
34 0.290454 0.843857 0.025420 0.053398
0 0.177021 0.717905 0.024375 0.040576
0 0.381567 0.397163 0.054307 0.030107
12 0.305630 0.710947 0.079404 0.078105
24 0.141519 0.943721 0.060322 0.084688
0 0.645420 0.397109 0.054492 0.030781
6 0.308574 0.577134 0.032480 0.033643
