2 0.879917 0.972153 0.040596 0.055693
17 0.593374 0.839893 0.096279 0.104414
17 0.201841 0.834673 0.099775 0.105576
0 0.052837 0.174077 0.055029 0.031982
2 0.491162 0.976826 0.031074 0.046348
34 0.471509 0.895474 0.033506 0.059189
34 0.587837 0.702754 0.175264 0.125977
34 0.194189 0.700913 0.175566 0.127471
34 0.813901 0.977227 0.101729 0.045547
34 0.660151 0.512173 0.059521 0.032002
34 0.286543 0.986860 0.030234 0.026279
13 0.733467 0.847441 0.067695 0.100742
13 0.343164 0.848555 0.069082 0.098672
17 0.966401 0.837104 0.067197 0.104307
34 0.423374 0.977324 0.101201 0.045352
34 0.042217 0.977231 0.084434 0.045537
34 0.729810 0.770771 0.104189 0.053672
34 0.340376 0.770703 0.103857 0.053750
34 0.054062 0.132441 0.102148 0.051504
34 0.081646 0.892271 0.032979 0.058916
34 0.945801 0.702222 0.108066 0.128486
34 0.861738 0.899536 0.033672 0.060850
34 0.127202 0.024160 0.059893 0.030879
2 0.100337 0.975630 0.033643 0.048740
34 0.677231 0.992158 0.027861 0.015684
34 0.318945 0.471479 0.060527 0.030439
34 0.500249 0.408560 0.061045 0.034932
