33 0.340864 0.338198 0.097295 0.057412
6 0.391470 0.461133 0.035479 0.024512
6 0.392114 0.216333 0.038057 0.030322
6 0.391470 0.240522 0.035479 0.029678
6 0.391470 0.263101 0.036768 0.028389
6 0.393081 0.413716 0.038701 0.029014
6 0.394692 0.435977 0.043213 0.029668
34 0.382295 0.700098 0.254648 0.119766
34 0.222817 0.339316 0.133369 0.081387
34 0.369961 0.124941 0.039141 0.067949
35 0.391450 0.582261 0.061709 0.127412
34 0.852534 0.762988 0.070420 0.043652
34 0.418179 0.339624 0.038760 0.071572
35 0.598818 0.023921 0.142520 0.047842
