33 0.511831 0.962910 0.110752 0.063438
5 0.356133 0.727905 0.070117 0.042432
33 0.533340 0.881191 0.076348 0.065586
33 0.531187 0.798394 0.069893 0.059131
33 0.532803 0.717212 0.073125 0.066670
34 0.667285 0.963174 0.177344 0.057559
34 0.661328 0.880205 0.170605 0.054453
34 0.660288 0.800352 0.172686 0.059629
34 0.660552 0.713232 0.171123 0.054453
34 0.327734 0.382715 0.037480 0.050684
34 0.162861 0.381675 0.038184 0.056924
34 0.087891 0.380981 0.038184 0.055537
33 0.546753 0.173765 0.067334 0.100654
34 0.678647 0.147383 0.177021 0.061777
34 0.404097 0.149810 0.183271 0.055537
33 0.279141 0.170986 0.065254 0.103438
34 0.119478 0.151895 0.167998 0.065254
5 0.116279 0.728823 0.053496 0.042432
5 0.185469 0.729746 0.064570 0.044277
