35 0.389912 0.403555 0.032148 0.071562
30 0.886523 0.574775 0.068281 0.057227
34 0.463755 0.979399 0.088525 0.041201
34 0.380542 0.299990 0.017744 0.026113
13 0.025474 0.928960 0.050947 0.039424
6 0.106172 0.904004 0.016992 0.018809
5 0.797666 0.631006 0.037148 0.037148
6 0.157354 0.828052 0.017363 0.020986
0 0.794814 0.694053 0.015547 0.029297
0 0.056616 0.965171 0.020928 0.040596
0 0.391064 0.336035 0.017148 0.031797
34 0.033037 0.885474 0.065957 0.047256
34 0.989751 0.495493 0.020498 0.069287
34 0.958467 0.574839 0.083047 0.052959
34 0.977002 0.878960 0.045742 0.046846
33 0.920693 0.882461 0.052754 0.037559
33 0.919971 0.829370 0.054355 0.039678
34 0.613403 0.986357 0.106553 0.027207
34 0.034150 0.986211 0.018594 0.027227
34 0.228970 0.916123 0.088740 0.050371
34 0.976865 0.826406 0.046270 0.051875
34 0.104224 0.966157 0.076084 0.048916
34 0.977896 0.944590 0.043936 0.050078
34 0.335527 0.337178 0.087910 0.048262
34 0.083325 0.915435 0.029092 0.019053
34 0.391685 0.458184 0.135869 0.051074
34 0.740459 0.692744 0.084570 0.048184
33 0.919590 0.945146 0.055703 0.039121
