33 0.086734 0.101533 0.172020 0.047285
34 0.659335 0.261597 0.149983 0.047607
33 0.499949 0.102700 0.168687 0.046221
34 0.424874 0.683340 0.181667 0.029023
34 0.211700 0.684956 0.159428 0.027959
34 0.660059 0.100898 0.149714 0.047188
33 0.103527 0.261763 0.133384 0.047217
34 0.051776 0.685420 0.099175 0.025332
34 0.245825 0.261953 0.150909 0.047539
34 0.245522 0.183403 0.151111 0.047861
33 0.508956 0.183506 0.152559 0.045410
33 0.093872 0.183521 0.157710 0.045752
33 0.518409 0.261895 0.130253 0.047402
34 0.245446 0.100811 0.145539 0.047578
34 0.659461 0.182998 0.150572 0.048340
