34 0.361895 0.327378 0.081348 0.051885
5 0.896777 0.144287 0.025781 0.044043
5 0.278027 0.640674 0.071094 0.025879
0 0.307769 0.329336 0.016182 0.030098
0 0.336274 0.775571 0.017393 0.028760
0 0.428154 0.580122 0.026816 0.047432
0 0.827637 0.143726 0.047559 0.026006
6 0.336196 0.731787 0.015947 0.015762
0 0.407637 0.231191 0.015430 0.029043
21 0.520942 0.383872 0.029365 0.051611
21 0.406162 0.289111 0.025801 0.049824
0 0.277939 0.264990 0.023438 0.043105
0 0.469741 0.205859 0.025518 0.042520
0 0.521978 0.325220 0.019033 0.031787
0 0.307769 0.387939 0.015576 0.029043
3 0.738994 0.074575 0.062617 0.052627
4 0.741650 0.212744 0.064746 0.049316
1 0.278359 0.589897 0.028594 0.050889
34 0.021509 0.202173 0.043018 0.055908
34 0.051724 0.326040 0.075654 0.053232
34 0.225474 0.262266 0.077666 0.050879
34 0.272344 0.053027 0.139941 0.052891
34 0.410605 0.035220 0.106465 0.070439
34 0.356704 0.228618 0.080342 0.051885
34 0.362227 0.387642 0.081348 0.048545
34 0.375117 0.479536 0.099766 0.122529
34 0.259790 0.418604 0.029795 0.054902
34 0.225137 0.588506 0.078340 0.052559
34 0.376289 0.579131 0.080684 0.049883
34 0.349507 0.637886 0.080010 0.050889
34 0.344321 0.684756 0.048877 0.028789
34 0.388008 0.774810 0.080684 0.049541
34 0.408262 0.939351 0.139941 0.077334
34 0.527935 0.205352 0.082119 0.049199
34 0.574609 0.326401 0.079414 0.051904
34 0.670869 0.213096 0.072051 0.050742
34 0.672227 0.070552 0.071660 0.049189
6 0.620703 0.122651 0.015879 0.017822
34 0.892041 0.189819 0.082891 0.047646
34 0.983398 0.204575 0.033203 0.049971
34 0.954351 0.087212 0.091299 0.077080
34 0.825806 0.104834 0.086768 0.050352
34 0.756475 0.404043 0.138672 0.053027
34 0.451045 0.489473 0.030605 0.060430
34 0.709756 0.902334 0.082910 0.049746
33 0.713447 0.964521 0.062363 0.070957
35 0.759146 0.330117 0.037627 0.083867
35 0.307534 0.486567 0.037627 0.089248
35 0.426885 0.112373 0.039785 0.093555
35 0.276885 0.123662 0.040859 0.092480
