0 0.446333 0.783423 0.020576 0.037646
0 0.793188 0.853242 0.021865 0.036895
5 0.612793 0.161909 0.053008 0.032881
6 0.447773 0.746992 0.019004 0.015117
6 0.173804 0.764297 0.018037 0.014629
6 0.075576 0.489839 0.019492 0.017549
6 0.794058 0.758643 0.016357 0.018047
3 0.134790 0.432686 0.068799 0.062109
0 0.173320 0.802285 0.020918 0.038477
34 0.302256 0.707095 0.094629 0.054951
34 0.504146 0.840513 0.092041 0.052842
34 0.369653 0.890361 0.090225 0.053926
33 0.220244 0.707607 0.066367 0.043359
0 0.793433 0.797129 0.022568 0.037969
0 0.446372 0.840366 0.021357 0.038994
34 0.088413 0.615879 0.037334 0.058613
33 0.296606 0.892202 0.064365 0.044873
33 0.605811 0.969849 0.043926 0.060205
34 0.353022 0.790913 0.155264 0.132217
34 0.128071 0.617500 0.031436 0.078730
33 0.186890 0.561860 0.067939 0.044229
33 0.515010 0.969683 0.043203 0.060361
34 0.037358 0.619214 0.038213 0.058584
33 0.910718 0.969160 0.042354 0.060879
34 0.150137 0.273550 0.174648 0.035615
34 0.013408 0.860195 0.026797 0.054297
34 0.705625 0.924561 0.094297 0.051172
34 0.053130 0.433652 0.093428 0.054414
35 0.148853 0.331777 0.040693 0.091191
34 0.606016 0.913984 0.093145 0.052207
34 0.503271 0.781357 0.091055 0.052188
34 0.904082 0.911465 0.093691 0.053809
34 0.858628 0.985015 0.061436 0.028643
34 0.736069 0.855005 0.092686 0.053779
34 0.301104 0.646929 0.093438 0.056299
34 0.229043 0.802422 0.089316 0.052910
34 0.734966 0.796919 0.094053 0.053779
34 0.509922 0.914019 0.094180 0.051748
34 0.269282 0.561860 0.093486 0.057041
33 0.220107 0.649487 0.066328 0.045166
34 0.683970 0.161919 0.093936 0.053037
