34 0.625776 0.341929 0.042881 0.027705
35 0.361299 0.766138 0.134414 0.048389
34 0.657534 0.824204 0.083877 0.029033
35 0.468564 0.358711 0.113379 0.046465
0 0.760220 0.981724 0.024736 0.036553
34 0.359111 0.686187 0.196777 0.121143
34 0.524663 0.826489 0.061123 0.025459
34 0.861045 0.828052 0.069238 0.027021
34 0.612876 0.443467 0.060947 0.026602
34 0.650703 0.402129 0.029824 0.052480
34 0.983325 0.984639 0.032861 0.029707
34 0.721660 0.483623 0.082520 0.046797
34 0.715952 0.744180 0.106846 0.026699
34 0.445981 0.907349 0.083076 0.046123
34 0.502612 0.441450 0.054658 0.027002
34 0.468491 0.309009 0.124678 0.047061
34 0.638198 0.908154 0.083564 0.044336
34 0.728789 0.272329 0.085547 0.046650
34 0.744976 0.817749 0.029385 0.047568
34 0.908389 0.545352 0.031270 0.045938
34 0.978906 0.940190 0.042012 0.045674
34 0.978442 0.745986 0.041396 0.029824
34 0.544785 0.896714 0.083164 0.044170
34 0.506128 0.678774 0.085596 0.045986
34 0.817485 0.982051 0.083115 0.035762
34 0.984927 0.885923 0.029814 0.047471
34 0.544380 0.985024 0.083330 0.029756
14 0.541646 0.945259 0.049189 0.053213
0 0.637397 0.944360 0.048896 0.025127
0 0.446118 0.944902 0.047822 0.026211
6 0.759692 0.923428 0.020615 0.026035
3 0.727285 0.340942 0.079316 0.082334
3 0.508408 0.746563 0.079316 0.088359
0 0.666509 0.480576 0.030967 0.048965
