33 0.320522 0.962749 0.143367 0.074502
34 0.121035 0.611719 0.061397 0.024570
34 0.138519 0.567207 0.153939 0.059141
34 0.133847 0.479575 0.159411 0.055908
34 0.414680 0.742480 0.075993 0.117207
34 0.144966 0.659683 0.177946 0.063447
34 0.135699 0.753770 0.155707 0.062363
6 0.065673 0.649492 0.030909 0.017031
6 0.065673 0.471567 0.029360 0.016143
6 0.066448 0.744063 0.026263 0.017031
6 0.067677 0.561743 0.025758 0.015068
33 0.319529 0.515005 0.138081 0.080771
34 0.115059 0.434487 0.071835 0.024678
34 0.381751 0.423306 0.079259 0.073564
