34 0.532959 0.543164 0.093086 0.053828
0 0.974170 0.358203 0.016816 0.029707
21 0.973433 0.389463 0.027764 0.030625
34 0.840293 0.961792 0.101953 0.052607
35 0.689233 0.189585 0.085596 0.036475
5 0.991167 0.067676 0.017666 0.035898
33 0.794595 0.656782 0.035400 0.045264
33 0.863838 0.643096 0.031367 0.063613
33 0.987046 0.664180 0.025908 0.076191
34 0.203721 0.259668 0.036172 0.059316
34 0.840366 0.487134 0.056436 0.026689
35 0.649805 0.683501 0.041934 0.089912
21 0.589478 0.571372 0.027412 0.029893
0 0.893232 0.190708 0.071992 0.040264
34 0.687324 0.136895 0.169121 0.069688
34 0.549956 0.305562 0.059404 0.028408
21 0.818613 0.259727 0.025566 0.029102
34 0.637617 0.589077 0.021680 0.034326
34 0.969424 0.025581 0.061152 0.050537
34 0.727642 0.652158 0.094189 0.054160
34 0.892407 0.146338 0.099639 0.051016
34 0.649487 0.753525 0.135732 0.049121
34 0.926416 0.361660 0.079121 0.050391
34 0.918999 0.254824 0.140459 0.044805
0 0.589883 0.539575 0.016973 0.029346
34 0.926011 0.642803 0.092275 0.052441
34 0.768940 0.229438 0.075732 0.045225
0 0.818413 0.226328 0.016787 0.030371
34 0.950298 0.451587 0.055107 0.026338
