34 0.909653 0.359248 0.180479 0.080391
0 0.769722 0.919858 0.041768 0.061787
0 0.148022 0.841519 0.040303 0.061416
0 0.223506 0.841362 0.039551 0.062432
0 0.829927 0.184150 0.061143 0.039648
34 0.036128 0.722319 0.072021 0.024053
34 0.073433 0.841279 0.110615 0.054492
34 0.832900 0.137881 0.103633 0.052949
34 0.911309 0.164009 0.046719 0.030186
33 0.251216 0.961523 0.049150 0.037383
35 0.606011 0.183740 0.097119 0.037480
34 0.331221 0.959438 0.100586 0.053193
34 0.601382 0.720913 0.055322 0.030693
34 0.457700 0.497427 0.055361 0.031182
34 0.127124 0.979219 0.033799 0.041250
34 0.056431 0.498345 0.112861 0.029033
34 0.202368 0.678301 0.034404 0.048691
34 0.014453 0.589033 0.028750 0.030234
34 0.330762 0.903999 0.100039 0.052939
34 0.293931 0.840825 0.109072 0.053955
34 0.605552 0.123809 0.171221 0.083223
35 0.970537 0.271685 0.040996 0.098428
34 0.695493 0.917554 0.110752 0.055791
33 0.252646 0.900498 0.053770 0.041934
