34 0.974678 0.622959 0.047773 0.025918
34 0.988579 0.297930 0.021631 0.023281
34 0.424180 0.075239 0.040254 0.025225
34 0.971216 0.994795 0.055771 0.010410
34 0.425659 0.136577 0.039521 0.025088
35 0.289248 0.089976 0.069492 0.033193
34 0.030630 0.138037 0.039541 0.024941
34 0.791719 0.007456 0.043848 0.014854
35 0.161758 0.209937 0.071367 0.032627
35 0.161987 0.269160 0.073975 0.034434
35 0.116411 0.512280 0.073252 0.033779
35 0.289463 0.269307 0.071328 0.033984
0 0.135190 0.924810 0.014268 0.026885
3 0.175103 0.882720 0.045264 0.041514
34 0.424307 0.195508 0.039766 0.024883
34 0.031265 0.076470 0.040244 0.024404
0 0.043174 0.513936 0.027832 0.017617
5 0.900752 0.934502 0.060078 0.040840
0 0.406338 0.514331 0.027480 0.016260
35 0.274580 0.892754 0.072383 0.035293
35 0.161738 0.089854 0.071543 0.032910
0 0.355166 0.269873 0.039590 0.020762
35 0.289087 0.151851 0.070654 0.032666
34 0.031274 0.255483 0.039951 0.023936
34 0.978062 0.188760 0.043877 0.041602
34 0.424258 0.254272 0.040488 0.024756
34 0.971997 0.722148 0.047764 0.026680
35 0.330928 0.512344 0.073438 0.034141
35 0.330518 0.332847 0.074512 0.035830
35 0.162051 0.151992 0.071621 0.032871
35 0.116973 0.332539 0.072988 0.036016
34 0.404893 0.425093 0.064434 0.041396
33 0.981240 0.257607 0.032461 0.048145
35 0.116919 0.453135 0.073018 0.034551
34 0.195229 0.971074 0.066592 0.041445
0 0.095400 0.152388 0.039707 0.021357
34 0.044570 0.484575 0.065488 0.040381
34 0.693613 0.244399 0.147832 0.113584
0 0.355322 0.210938 0.038672 0.020723
0 0.095342 0.269609 0.039883 0.021621
0 0.095835 0.210449 0.039365 0.022031
34 0.049976 0.986191 0.071592 0.027617
35 0.117280 0.392827 0.073389 0.036104
34 0.354141 0.891802 0.082246 0.044736
35 0.330552 0.453315 0.073564 0.034951
34 0.044453 0.424839 0.065977 0.041416
34 0.405210 0.485308 0.065010 0.042510
0 0.355024 0.152290 0.040615 0.022412
34 0.355405 0.182583 0.061416 0.038506
34 0.044858 0.304258 0.065752 0.039922
21 0.135508 0.959282 0.032715 0.036123
34 0.095981 0.181226 0.062686 0.037217
35 0.330972 0.392808 0.072920 0.035459
34 0.173652 0.840273 0.066641 0.040234
34 0.964849 0.933691 0.070205 0.044746
34 0.044580 0.364434 0.065859 0.039727
34 0.031431 0.196768 0.040088 0.024531
34 0.405049 0.364805 0.064863 0.040234
34 0.940937 0.019312 0.065312 0.038467
0 0.355190 0.090684 0.039932 0.022969
34 0.356382 0.241011 0.068174 0.040225
34 0.405288 0.304180 0.063975 0.039922
0 0.095894 0.090522 0.040225 0.022744
34 0.354941 0.059429 0.064707 0.040439
34 0.096729 0.059146 0.066621 0.040146
34 0.226685 0.416929 0.126318 0.083369
0 0.984233 0.019077 0.020225 0.037979
34 0.355620 0.121421 0.065557 0.039932
34 0.096494 0.121709 0.066055 0.040410
0 0.043213 0.453330 0.027285 0.014980
0 0.405933 0.453584 0.027471 0.015332
34 0.096265 0.239546 0.065713 0.038740
0 0.043223 0.333652 0.027109 0.016387
0 0.043091 0.393647 0.027158 0.016299
34 0.181240 0.925225 0.072402 0.039590
0 0.406353 0.393755 0.028076 0.016318
0 0.406011 0.333350 0.027432 0.016270
33 0.981841 0.365981 0.035381 0.051006
33 0.981313 0.439722 0.033604 0.050107
35 0.289995 0.210439 0.071729 0.032754
0 0.006831 0.988516 0.013447 0.022500
