21 0.772866 0.488564 0.033799 0.037617
6 0.933184 0.067158 0.022461 0.020898
0 0.004629 0.750000 0.009258 0.042422
6 0.453086 0.647930 0.024082 0.026348
21 0.038872 0.698545 0.031338 0.035762
21 0.332295 0.464766 0.032363 0.037285
6 0.270908 0.840571 0.022051 0.020752
21 0.116050 0.464512 0.031533 0.037363
0 0.503594 0.884922 0.026504 0.046074
13 0.170127 0.412695 0.054082 0.070059
13 0.824111 0.436108 0.051016 0.071064
13 0.578604 0.436191 0.051973 0.071230
0 0.932661 0.109385 0.025420 0.044355
0 0.881128 0.568687 0.033584 0.055830
0 0.039102 0.650601 0.023965 0.041221
0 0.391187 0.526436 0.024912 0.046465
0 0.174756 0.526729 0.027051 0.047246
0 0.634712 0.030200 0.030244 0.056494
0 0.452236 0.767104 0.033008 0.058408
0 0.271133 0.882827 0.025762 0.044736
0 0.219019 0.829326 0.033525 0.056152
34 0.982886 0.194409 0.034229 0.101377
34 0.970615 0.847988 0.058750 0.065684
34 0.343740 0.967080 0.122910 0.065840
34 0.110322 0.964878 0.127422 0.070107
34 0.972700 0.107969 0.054600 0.064023
34 0.321035 0.523799 0.113008 0.064648
34 0.063560 0.751895 0.111924 0.063340
34 0.948096 0.955825 0.103809 0.068018
34 0.148726 0.828994 0.106943 0.062656
34 0.164868 0.343320 0.112607 0.069102
34 0.340972 0.880889 0.109404 0.065820
34 0.573032 0.881318 0.111729 0.065605
34 0.818984 0.369409 0.113477 0.065713
34 0.378291 0.344126 0.113516 0.066514
34 0.564136 0.569224 0.110967 0.061514
34 0.105928 0.523608 0.108691 0.065010
34 0.809282 0.030098 0.111377 0.060195
34 0.381367 0.766641 0.111348 0.061758
34 0.563306 0.030469 0.112490 0.060898
34 0.755459 0.109507 0.111934 0.065186
34 0.573403 0.369697 0.113779 0.065879
34 0.810000 0.568286 0.111211 0.063428
34 0.771958 0.209824 0.122920 0.106289
34 0.106455 0.652051 0.108535 0.062012
34 0.526743 0.211143 0.122725 0.106172
6 0.881313 0.672666 0.022939 0.026719
6 0.686396 0.068359 0.021484 0.020410
0 0.634624 0.569468 0.030322 0.056318
17 0.223306 0.967510 0.089326 0.064980
17 0.456484 0.966353 0.098613 0.067295
6 0.502886 0.843374 0.022041 0.034795
6 0.453584 0.621211 0.030156 0.035977
21 0.527827 0.489546 0.030166 0.041768
17 0.882817 0.208804 0.088174 0.092803
17 0.636299 0.208804 0.091641 0.097451
0 0.686396 0.110376 0.024727 0.045830
13 0.385708 0.412300 0.052334 0.069912
0 0.881396 0.029141 0.034453 0.057793
