0 0.052189 0.663970 0.037710 0.039111
33 0.185152 0.579194 0.111785 0.041865
34 0.051221 0.181675 0.102441 0.027998
34 0.207163 0.436802 0.147963 0.054014
35 0.055253 0.735469 0.069259 0.092383
34 0.208215 0.531606 0.145084 0.051904
33 0.185657 0.485425 0.111650 0.042275
34 0.119487 0.247085 0.147121 0.051807
34 0.736136 0.146040 0.310421 0.081982
33 0.251801 0.249229 0.104108 0.042266
34 0.116246 0.301426 0.149899 0.052930
33 0.251044 0.302314 0.106364 0.041563
34 0.527887 0.780176 0.151835 0.052676
34 0.076532 0.822222 0.153064 0.077822
34 0.148081 0.661885 0.147643 0.051328
5 0.535539 0.726353 0.066734 0.048389
34 0.064655 0.411250 0.129310 0.124727
