3 0.763711 0.863784 0.075137 0.071494
34 0.510703 0.642480 0.087207 0.059141
6 0.648428 0.627461 0.018164 0.018555
6 0.981641 0.629370 0.019590 0.018018
3 0.081167 0.865103 0.074014 0.070244
6 0.054185 0.559478 0.018096 0.016650
6 0.096851 0.646401 0.025166 0.034697
6 0.475879 0.634546 0.019570 0.016240
6 0.401240 0.557402 0.027871 0.035684
34 0.501177 0.594829 0.026904 0.026025
33 0.811357 0.983491 0.064258 0.032822
33 0.130781 0.982842 0.065078 0.034102
34 0.182046 0.179614 0.101162 0.038213
34 0.079614 0.696484 0.029678 0.045430
33 0.468584 0.983550 0.065957 0.032725
34 0.521997 0.178096 0.089600 0.040078
34 0.897222 0.978813 0.110771 0.042373
34 0.548350 0.492817 0.052617 0.029580
34 0.862935 0.179473 0.101064 0.038867
6 0.695908 0.645073 0.023125 0.034209
34 0.336982 0.679429 0.027910 0.043877
34 0.557075 0.977466 0.110479 0.045068
34 0.337817 0.978979 0.111299 0.042041
34 0.681836 0.978657 0.111602 0.042686
34 0.216997 0.975415 0.111084 0.049170
34 0.173906 0.780996 0.113086 0.063555
34 0.511348 0.866274 0.113457 0.063721
34 0.908613 0.702319 0.112715 0.061904
34 0.021001 0.628682 0.042002 0.062734
34 0.853799 0.779414 0.113203 0.063320
34 0.232231 0.703691 0.112490 0.061602
34 0.856987 0.866377 0.113252 0.063730
34 0.172837 0.866406 0.112861 0.062949
34 0.575474 0.709292 0.112236 0.061436
34 0.512188 0.779692 0.112285 0.062021
34 0.384277 0.602314 0.029609 0.044082
34 0.679268 0.676968 0.029004 0.043291
0 0.981621 0.703350 0.020664 0.036035
0 0.095103 0.779468 0.035986 0.062939
0 0.778027 0.778672 0.037402 0.065137
0 0.432290 0.778716 0.036240 0.063818
0 0.054419 0.633633 0.020010 0.035742
0 0.648110 0.701851 0.022236 0.036064
6 0.304160 0.628032 0.018145 0.017158
3 0.419082 0.863735 0.075723 0.071123
0 0.303345 0.701831 0.021162 0.035791
6 0.352456 0.644927 0.025088 0.033447
