34 0.566104 0.728574 0.077637 0.050703
34 0.162549 0.204072 0.029160 0.043691
34 0.702271 0.485020 0.080029 0.048477
34 0.229141 0.285332 0.028613 0.051621
34 0.477124 0.112271 0.080381 0.049521
35 0.033369 0.648794 0.066738 0.040869
34 0.970596 0.046030 0.058633 0.060322
0 0.421030 0.111577 0.026572 0.043584
0 0.679570 0.667524 0.033809 0.020166
34 0.970977 0.185879 0.057891 0.059766
34 0.879941 0.772104 0.157051 0.068291
0 0.474199 0.677788 0.026973 0.046396
34 0.702471 0.841880 0.049805 0.030322
24 0.037104 0.402158 0.070967 0.098926
33 0.912070 0.185254 0.062793 0.041484
34 0.971880 0.119683 0.056084 0.060381
0 0.620601 0.608428 0.027100 0.046777
34 0.339878 0.053911 0.115361 0.103896
34 0.052632 0.305469 0.105264 0.103203
33 0.910381 0.049902 0.060312 0.039785
5 0.620332 0.503564 0.053555 0.030215
33 0.911636 0.120693 0.062979 0.040254
34 0.567070 0.505288 0.049375 0.029639
34 0.416353 0.678657 0.081611 0.052275
0 0.970474 0.653218 0.036221 0.020850
1 0.619282 0.727104 0.027471 0.046709
0 0.763652 0.667261 0.034902 0.020928
34 0.939814 0.506260 0.048496 0.028594
34 0.308257 0.188447 0.047627 0.024961
34 0.723354 0.888892 0.047744 0.029639
1 0.705356 0.523184 0.046104 0.026895
33 0.221240 0.020806 0.063574 0.040596
35 0.927212 0.700688 0.044443 0.069600
34 0.601582 0.915127 0.029609 0.058047
34 0.561973 0.609136 0.079219 0.048311
34 0.602051 0.111050 0.028223 0.051064
34 0.677578 0.633516 0.079688 0.047402
34 0.150879 0.648057 0.164355 0.117480
34 0.714258 0.958838 0.080586 0.059004
33 0.648472 0.961660 0.053643 0.038633
34 0.147207 0.025239 0.081895 0.050146
34 0.792231 0.506724 0.048213 0.027822
34 0.965869 0.616157 0.068262 0.050010
34 0.861108 0.327183 0.026475 0.044248
12 0.247881 0.104551 0.091602 0.089453
34 0.765615 0.633750 0.079082 0.048965
