0 0.970625 0.135181 0.058750 0.047275
31 0.576782 0.751987 0.139561 0.140557
11 0.420161 0.511021 0.127510 0.104424
0 0.070762 0.116294 0.039160 0.082432
0 0.428193 0.113784 0.047187 0.081221
1 0.065239 0.222368 0.044170 0.081318
34 0.782729 0.528296 0.297607 0.155908
33 0.481069 0.315767 0.098193 0.062627
34 0.258452 0.890093 0.233271 0.119248
34 0.026304 0.117646 0.052607 0.055449
34 0.585698 0.886504 0.237627 0.116992
34 0.950815 0.067104 0.098369 0.081377
34 0.024248 0.222344 0.048496 0.054668
34 0.427412 0.628989 0.208711 0.115557
34 0.535942 0.221392 0.173799 0.059014
34 0.611050 0.316636 0.153975 0.058682
34 0.086353 0.628647 0.172705 0.114795
34 0.971172 0.247744 0.057656 0.054746
33 0.032720 0.316479 0.065439 0.064131
34 0.534507 0.114512 0.174580 0.065781
34 0.838530 0.184111 0.037256 0.060859
11 0.071768 0.514536 0.111445 0.113447
31 0.254995 0.763535 0.152607 0.141563
1 0.423672 0.223369 0.050195 0.089355
