34 0.493022 0.411870 0.074482 0.040166
34 0.906250 0.954902 0.037012 0.026250
34 0.726113 0.845767 0.043398 0.021904
34 0.255610 0.599009 0.068545 0.038428
34 0.553413 0.957754 0.034775 0.021191
34 0.013530 0.906582 0.027041 0.025566
34 0.103770 0.543594 0.039902 0.024727
35 0.412979 0.559561 0.090195 0.038203
34 0.705757 0.690322 0.044775 0.020781
34 0.542744 0.372314 0.023418 0.033809
34 0.348467 0.959556 0.036348 0.022744
34 0.808877 0.274443 0.074297 0.040898
34 0.685264 0.311646 0.073711 0.039561
33 0.152798 0.319307 0.037080 0.048984
34 0.562109 0.579116 0.199297 0.097197
35 0.558271 0.485352 0.039199 0.089648
34 0.018799 0.951333 0.037598 0.041221
34 0.318657 0.524458 0.068721 0.038506
34 0.242476 0.274565 0.074971 0.040830
34 0.014824 0.331904 0.029355 0.020977
34 0.706748 0.441279 0.075742 0.039316
34 0.779067 0.472788 0.044189 0.022998
33 0.327915 0.320664 0.039971 0.048418
34 0.060654 0.410938 0.023730 0.043945
34 0.626631 0.896909 0.059473 0.038506
34 0.936704 0.274517 0.075635 0.041045
33 0.241172 0.320269 0.038965 0.048447
34 0.246836 0.895708 0.074883 0.039521
34 0.410967 0.519131 0.088242 0.042910
34 0.876563 0.414702 0.076934 0.039307
34 0.247153 0.515552 0.066514 0.038389
34 0.153311 0.273623 0.074316 0.039336
34 0.175820 0.523799 0.068164 0.038984
34 0.329209 0.274551 0.076270 0.040938
34 0.188325 0.615542 0.041846 0.024795
6 0.228843 0.861362 0.023389 0.025732
6 0.875845 0.346768 0.021084 0.021719
4 0.810801 0.330068 0.067910 0.072031
3 0.939585 0.330342 0.068643 0.071602
3 0.878896 0.469590 0.069922 0.071738
0 0.256113 0.630093 0.043105 0.024424
0 0.317632 0.557402 0.042393 0.023789
0 0.046543 0.952310 0.021270 0.041084
0 0.173467 0.557559 0.041992 0.023926
0 0.250718 0.926016 0.041123 0.021641
0 0.625430 0.927197 0.041211 0.022441
0 0.685693 0.347490 0.065234 0.035723
3 0.549268 0.412954 0.036387 0.036162
14 0.243540 0.557095 0.042979 0.041709
5 0.707168 0.486196 0.028945 0.051279
