28 0.606987 0.845718 0.055498 0.153760
9 0.736108 0.132778 0.066846 0.061533
8 0.443940 0.739551 0.066729 0.065195
9 0.341294 0.739678 0.068154 0.063437
9 0.735835 0.203345 0.067256 0.062900
34 0.193555 0.880112 0.065586 0.173115
34 0.504307 0.944092 0.063437 0.111816
34 0.547319 0.753770 0.091396 0.038711
34 0.445767 0.694683 0.068838 0.033486
34 0.674102 0.183066 0.067344 0.032031
34 0.358857 0.371563 0.068730 0.031875
34 0.489375 0.373608 0.067187 0.029580
34 0.453437 0.182510 0.065937 0.030840
25 0.909272 0.593691 0.181455 0.172246
34 0.344619 0.695732 0.069434 0.033281
34 0.209893 0.135640 0.038086 0.020283
34 0.674155 0.109829 0.070088 0.033760
34 0.209009 0.206318 0.036221 0.020156
34 0.834478 0.348574 0.156631 0.052266
34 0.608140 0.512944 0.046748 0.119053
34 0.454609 0.111475 0.065840 0.031895
34 0.896714 0.941074 0.041611 0.030586
7 0.913447 0.976348 0.051621 0.047305
34 0.827173 0.941509 0.050635 0.115986
34 0.823086 0.423760 0.185234 0.048262
25 0.098828 0.594863 0.197656 0.151484
9 0.421377 0.393691 0.061152 0.056641
8 0.550283 0.393115 0.064629 0.067051
8 0.513921 0.204673 0.056650 0.053174
8 0.514502 0.132993 0.060117 0.057803
